# Pressure Mass Radius Compactness k2 k3 h2 h3 j2 j3
9.999999999999999799e-13	8.324932102657013611e-02	1.839862865294990257e+01	6.681369361354282804e-03	1.861942850078237080e-02	4.904753519016744924e-03	1.017876164462101274e+00	3.278786246110029223e-01	-1.628932326032268819e-04	-3.135467892390567275e-05
1.047370897959448749e-12	8.346473742125773421e-02	1.812664207082196555e+01	6.799170113154826868e-03	1.866926981672958202e-02	4.959007406886112128e-03	1.017639471044025079e+00	3.277317048187025628e-01	-1.661532757157793022e-04	-3.196656301689480259e-05
1.096985797892381920e-12	8.374345133357152804e-02	1.784443270267829362e+01	6.929762409825020175e-03	1.874827895374658535e-02	4.958679011131811309e-03	1.017425086672756551e+00	3.275725857024393006e-01	-1.699286058825560844e-04	-3.267788313975013753e-05
1.148951000187311009e-12	8.409641555364760768e-02	1.755243498984621198e+01	7.074737770152756018e-03	1.886205130885479711e-02	4.989212030862711506e-03	1.017240222709402397e+00	3.274000708473672194e-01	-1.743082120240931326e-04	-3.350603650360870991e-05
1.203377840777590522e-12	8.453457413145665234e-02	1.725153338214350640e+01	7.235639172044915947e-03	1.901637502248543915e-02	4.982355035223124708e-03	1.017092105355477782e+00	3.272130656020665884e-01	-1.793867896314068852e-04	-3.446958460403382702e-05
1.260382929679727463e-12	8.506848570620106909e-02	1.694306095412901314e+01	7.413905803066096409e-03	1.921711054293274296e-02	5.115591793640147586e-03	1.016989448379302496e+00	3.270106260984660396e-01	-1.852635344963853752e-04	-3.558805194712599541e-05
1.320088400831416649e-12	8.570785839855847577e-02	1.662877520140164478e+01	7.610805374286661561e-03	1.946997684943885948e-02	5.103761203581243938e-03	1.016939244230322670e+00	3.267920205987069338e-01	-1.920402054809620094e-04	-3.688155426133001697e-05
1.382622173764653478e-12	8.646098535949854613e-02	1.631081334279463491e+01	7.827350796824303000e-03	1.978032547995527482e-02	5.166542164363686386e-03	1.016950823252030123e+00	3.265568005817180985e-01	-1.998180164673091686e-04	-3.837025472708001226e-05
1.448118227674535917e-12	8.733413607752679719e-02	1.599163117136084544e+01	8.064203874283444942e-03	2.015283453396103305e-02	5.272600256591848146e-03	1.017031941867242217e+00	3.263048876007614840e-01	-2.086933411991993489e-04	-4.007354985823799627e-05
1.516716888470924089e-12	8.833195173050698012e-02	1.567366948552046502e+01	8.321801972955230470e-03	2.059162024685409070e-02	5.359892300144221758e-03	1.017189707543763699e+00	3.260364264001009982e-01	-2.187617482777487520e-04	-4.201090343889093758e-05
1.588565129428052692e-12	8.945796351266259439e-02	1.535914660092227280e+01	8.600469433444193207e-03	2.110045387336236325e-02	5.451004125260488359e-03	1.017431447644737474e+00	3.257516758894288267e-01	-2.301222634676986705e-04	-4.420271636087705217e-05
1.663816886076127415e-12	9.071478069494247343e-02	1.505001428227639160e+01	8.900437973120503207e-03	2.168279929599858588e-02	5.584713036088350888e-03	1.017764406623696383e+00	3.254509966237121854e-01	-2.428782783027853864e-04	-4.667057227601253337e-05
1.742633386009647278e-12	9.210426508027989845e-02	1.474793349036238332e+01	9.221865976590906330e-03	2.234183882112816127e-02	5.729708139600360808e-03	1.018194872355707270e+00	3.251348366748043062e-01	-2.571382955599177031e-04	-4.943745643641462569e-05
1.825183494319046040e-12	9.362770588167843022e-02	1.445426661453137562e+01	9.564858642341583436e-03	2.308049933445619969e-02	5.884497095206460589e-03	1.018729320416878137e+00	3.248037145798455816e-01	-2.730166469952990276e-04	-5.252799105360491842e-05
1.911644075385703708e-12	9.528599441410123827e-02	1.417008384003626986e+01	9.929488698943729486e-03	2.390146860991223393e-02	6.062321704181300799e-03	1.019373667520473425e+00	3.244582026385964268e-01	-2.906342184869131957e-04	-5.596865256898048456e-05
2.002200371815584363e-12	9.707979596724884697e-02	1.389618063779121648e+01	1.031581723192647598e-02	2.480720627571482428e-02	6.260271773247634737e-03	1.020133623485323993e+00	3.240989074184326690e-01	-3.101192569265834461e-04	-5.978803541752606679e-05
2.097046401323230665e-12	9.900971669424413202e-02	1.363310310096485800e+01	1.072391427766347140e-02	2.579995910929321762e-02	6.482879741540164761e-03	1.021014473896453278e+00	3.237264518803509294e-01	-3.316082485400007008e-04	-6.401712955722225747e-05
2.196385372416542332e-12	1.010764640799640124e-01	1.338117807481289034e+01	1.115387891441155591e-02	2.688179046577654149e-02	6.715923317778230324e-03	1.022020994067002198e+00	3.233414566965407411e-01	-3.552469338720397915e-04	-6.868963210275284988e-05
2.300430119772921506e-12	1.032809998390483569e-01	1.314054555102974575e+01	1.160585853433743382e-02	2.805459230804149828e-02	6.976983939991265350e-03	1.023157779999665618e+00	3.229445230111368526e-01	-3.811915037423089505e-04	-7.384230137616393577e-05
2.409403560239526876e-12	1.056246866600646234e-01	1.291119104507012594e+01	1.208006750739065195e-02	2.932012012502974510e-02	7.261503884813989319e-03	1.024428860223050908e+00	3.225362155347575865e-01	-4.096100030131067759e-04	-7.951535501655682895e-05
2.523539170434765862e-12	1.081094286632575674e-01	1.269297667497596649e+01	1.257680493914612417e-02	3.068003982718223513e-02	7.564634179189446903e-03	1.025838001452050507e+00	3.221170488032177870e-01	-4.406840076396536642e-04	-8.575294521836344713e-05
2.643081486974102692e-12	1.107378011504199788e-01	1.248567026747041453e+01	1.309647050744063880e-02	3.213595530217255858e-02	7.895755544777699475e-03	1.027388688828503538e+00	3.216874726549984187e-01	-4.746105163989190528e-04	-9.260367442838554218e-05
2.768286630392061017e-12	1.135129568097329872e-01	1.228898444543188972e+01	1.363953852848289600e-02	3.368935016996325860e-02	8.249866221327376362e-03	1.029084008302522779e+00	3.212478972277654776e-01	-5.116012385857546512e-04	-1.001205866968784273e-04
2.899422853882880921e-12	1.164382829346420206e-01	1.210261320921776829e+01	1.420649273970563294e-02	3.534133875374068090e-02	8.630856885033800704e-03	1.030926404272927810e+00	3.207987348379489068e-01	-5.518784262971777920e-04	-1.083604619612553135e-04
3.036771118035460378e-12	1.195173209949980941e-01	1.192623793400938403e+01	1.479781574287510060e-02	3.709258473955187596e-02	9.039403154738279156e-03	1.032917490079347633e+00	3.203403962214836920e-01	-5.956735733345688540e-04	-1.173836229083973594e-04
3.180625692794118977e-12	1.227537400474294632e-01	1.175953043640051909e+01	1.541398697129170957e-02	3.894324088222588659e-02	9.478149321190600107e-03	1.035057982520047215e+00	3.198732774208801199e-01	-6.432265825838110514e-04	-1.272538430596195343e-04
3.331294787934670055e-12	1.261513099555219564e-01	1.160215614818501351e+01	1.605547998407951676e-02	4.089289435201852452e-02	9.945555389574660746e-03	1.037347501302089636e+00	3.193977480679077163e-01	-6.947847378921026117e-04	-1.380381684708446106e-04
3.489101213406766494e-12	1.297138736901928269e-01	1.145377695083373482e+01	1.672275944651371513e-02	4.294052568540315112e-02	1.044172061914464163e-02	1.039784561351347891e+00	3.189141374463621004e-01	-7.506015196586732349e-04	-1.498066701728957702e-04
3.654383070957261569e-12	1.334453175886826104e-01	1.131405360672212623e+01	1.741627776639461875e-02	4.508447594065528169e-02	1.097024020874460062e-02	1.042366542872408264e+00	3.184227233924021294e-01	-8.109352269672728169e-04	-1.626321302125639139e-04
3.827494478516314936e-12	1.373495392660978864e-01	1.118264774354920732e+01	1.813647147829517553e-02	4.732240461776170137e-02	1.152918184037523240e-02	1.045089481471618509e+00	3.179237160838734866e-01	-8.760474190582311733e-04	-1.765896353758435449e-04
4.008806328898464320e-12	1.414304126518398652e-01	1.105922345173507004e+01	1.888375731604765781e-02	4.965127209819922283e-02	1.211922531748268507e-02	1.047948145937524611e+00	3.174172495860985710e-01	-9.462011680214144115e-04	-1.917560818827507545e-04
4.198707084443905621e-12	1.456917498420265966e-01	1.094344851017030606e+01	1.965852800940216458e-02	5.206732079384013279e-02	1.274088183911691909e-02	1.050935957441900159e+00	3.169033655166071384e-01	-1.021659122206854727e-03	-2.082096022772990222e-04
4.397603609302712498e-12	1.501372593776820752e-01	1.083499529705072462e+01	2.046114776884500747e-02	5.456606571518976545e-02	1.339364240817830440e-02	1.054044947174212599e+00	3.163820045818662163e-01	-1.102681371749886403e-03	-2.260288736147463516e-04
4.605922041145112927e-12	1.547705009729959114e-01	1.073354141929106831e+01	2.129194751064490340e-02	5.714229276293809195e-02	1.407719236959030507e-02	1.057265788557295139e+00	3.158529952406672892e-01	-1.189523139331898289e-03	-2.452923681608255922e-04
4.824108704165373984e-12	1.595948364053827728e-01	1.063877010218176800e+01	2.215121981615473384e-02	5.979004773706603215e-02	1.479054426891866607e-02	1.060587738953744363e+00	3.153160434102142973e-01	-1.282432285172673469e-03	-2.660774795584195393e-04
5.052631065335679604e-12	1.646133705710605133e-01	1.055037049115919068e+01	2.303921256899971529e-02	6.250266883886472502e-02	1.553293547770850762e-02	1.063998713334741941e+00	3.147707296856821491e-01	-1.381646521012080747e-03	-2.884595588121746179e-04
5.291978735958436557e-12	1.698288708697827110e-01	1.046803837792783654e+01	2.395611840754601624e-02	6.527279131160851344e-02	1.630274902031838072e-02	1.067485296194457423e+00	3.142165079914093218e-01	-1.487390056771245150e-03	-3.125107626571096671e-04
5.542664520663095602e-12	1.752440352136015456e-01	1.039147326911122171e+01	2.490212191829228178e-02	6.809254135088273208e-02	1.709864144413870968e-02	1.071033003466703493e+00	3.136526707759025312e-01	-1.599877327848238341e-03	-3.383004869953071280e-04
5.805225516094907684e-12	1.808616958804167285e-01	1.032037869681387399e+01	2.587743343833091500e-02	7.095376247084292376e-02	1.791892157222500434e-02	1.074626664575673685e+00	3.130783408273191681e-01	-1.719316256583411232e-03	-3.658957341052769259e-04
6.080224261649427052e-12	1.866848305658213858e-01	1.025446503974083079e+01	2.688228964936230717e-02	7.384806554753833852e-02	1.876128728060575193e-02	1.078250495487287353e+00	3.124924742210500317e-01	-1.845908030036007156e-03	-3.953606905219338857e-04
6.368249944718585906e-12	1.927165662276788816e-01	1.019345156597970004e+01	2.791695331043536274e-02	7.676690139984100603e-02	1.962374774713166944e-02	1.081888262875597473e+00	3.118938690612235165e-01	-1.979846861005745383e-03	-4.267563110078299274e-04
6.669919663030115058e-12	1.989601815541798546e-01	1.013706783700436631e+01	2.898171295964609498e-02	7.970161536489976661e-02	2.050383982643778913e-02	1.085523373374194911e+00	3.112811739844106307e-01	-2.121319813938744511e-03	-4.601399134985004560e-04
6.985879746785234820e-12	2.054191083215023139e-01	1.008505463319322004e+01	3.007688252283513552e-02	8.264352684767742319e-02	2.139915919617766879e-02	1.089139046487635820e+00	3.106529028932122904e-01	-2.270506706433765478e-03	-4.955648052828676110e-04
7.316807143427207274e-12	2.120969316268803972e-01	1.003716450629560519e+01	3.120280080005060144e-02	8.558397372299920980e-02	2.230697079191338097e-02	1.092718391463927574e+00	3.100074437016734352e-01	-2.427580056871291459e-03	-5.330799248411901723e-04
7.663410868007462274e-12	2.189973893898973512e-01	9.993162041182081623e+00	3.235983087461905688e-02	8.851436765314835142e-02	2.322453106800012948e-02	1.096244524540423981e+00	3.093430720989354121e-01	-2.592705087973616943e-03	-5.727295142666519526e-04
8.026433522257174683e-12	2.261243708482571502e-01	9.952823900234816890e+00	3.354835937376704491e-02	9.142623260264480523e-02	2.414892758261269479e-02	1.099700644958591988e+00	3.086579636922175962e-01	-2.766039755918509729e-03	-6.145528106827780491e-04
8.406652885618316356e-12	2.334819145054204681e-01	9.915938694905550577e+00	3.476879566838886326e-02	9.431128111972070238e-02	2.507723693293855902e-02	1.103070194858559727e+00	3.079502129690203649e-01	-2.947734822318820707e-03	-6.585837670264167937e-04
8.804883581643446547e-12	2.410742050822522742e-01	9.882306734681808535e+00	3.602157091859582022e-02	9.716140988810258172e-02	2.600647180101896272e-02	1.106336848368912440e+00	3.072178400077961169e-01	-3.137933924257139875e-03	-7.048507884276775581e-04
9.221978823334340144e-12	2.489055703203978120e-01	9.851739676138745239e+00	3.730713712914195818e-02	9.996875483082294511e-02	2.693355182639245449e-02	1.109484626601002111e+00	3.064588080744314325e-01	-3.336773695505117383e-03	-7.533765052452157194e-04
9.658832241158709141e-12	2.569804733492350723e-01	9.824060125603857330e+00	3.862596547532688718e-02	1.027257482893290247e-01	2.785544343981530280e-02	1.112498022922982610e+00	3.056710423309134117e-01	-3.544383762706342002e-03	-8.041775312767503441e-04
1.011637979766206976e-11	2.653034273757162165e-01	9.799101338740205946e+00	3.997853233650664612e-02	1.054250709908282069e-01	2.876907787993173218e-02	1.115361929597237900e+00	3.048524445819754680e-01	-3.760884755547394976e-03	-8.572637600312360074e-04
1.059560179277614774e-11	2.738788921567879564e-01	9.776706539651982553e+00	4.136530377671029240e-02	1.080596825936574745e-01	2.967137395172890837e-02	1.118061730441339829e+00	3.040009186582545708e-01	-3.986385701192432518e-03	-9.126375266129115862e-04
1.109752496412069864e-11	2.827112711013360369e-01	9.756727872901619136e+00	4.278673685357649997e-02	1.106228139326785737e-01	3.055931007169810157e-02	1.120583278872219646e+00	3.031143790109398495e-01	-4.220983974922938586e-03	-9.702934225943824495e-04
1.162322468679854125e-11	2.918048922762150332e-01	9.739025601289283074e+00	4.424327798445267662e-02	1.131080122875015581e-01	3.142987416973302278e-02	1.122912992857810544e+00	3.021907661389826583e-01	-4.464764844901186747e-03	-1.030218042291837846e-03
1.217382727739662020e-11	3.011639867628052025e-01	9.723467391610615351e+00	4.573536090944139987e-02	1.155091472923647916e-01	3.228012243016579325e-02	1.125037869011557445e+00	3.012280587140891419e-01	-4.717800971467151806e-03	-1.092389752121810829e-03
1.275051240713012859e-11	3.107926659275604964e-01	9.709927679576175308e+00	4.726340448185811088e-02	1.178204180036171861e-01	3.310717167131326660e-02	1.126945499548219320e+00	3.002242843520751547e-01	-4.980151872567569783e-03	-1.156778484027787268e-03
1.335451562929897339e-11	3.206948978633176739e-01	9.698287085728150458e+00	4.882781042298102447e-02	1.200363748739670111e-01	3.390824493681106333e-02	1.128624121261495139e+00	2.991775346094039945e-01	-5.251863393272962650e-03	-1.223345567419879994e-03
1.398713102647241439e-11	3.308744828265305360e-01	9.688431883701056790e+00	5.042896099036378588e-02	1.221519324931307215e-01	3.468066210297003626e-02	1.130062646351010169e+00	2.980859763774916238e-01	-5.532967158112006741e-03	-1.292043593704725888e-03
1.464971398307287854e-11	3.413350275407192047e-01	9.680253511827672241e+00	5.206721656473544541e-02	1.241623619966864683e-01	3.542186303678400427e-02	1.131250648651416668e+00	2.969478606656273389e-01	-5.823480003834254765e-03	-1.362816314028400706e-03
1.534368408930013065e-11	3.520799187584198742e-01	9.673648126111258350e+00	5.374291320899925867e-02	1.260633143508021192e-01	3.612941475418691289e-02	1.132178417879774024e+00	2.957615362860864794e-01	-6.123403413178556826e-03	-1.435598577612319689e-03
1.607052818261638620e-11	3.631122960028854707e-01	9.668516189421925588e+00	5.545636019813107720e-02	1.278508134951597264e-01	3.680102488110471859e-02	1.132836948835876711e+00	2.945254582391889087e-01	-6.432722942908408563e-03	-1.510316308787870319e-03
1.683180353330955093e-11	3.744350230928507606e-01	9.664762096111264356e+00	5.720783744785587488e-02	1.295212959208636716e-01	3.743456882869863889e-02	1.133218034910130623e+00	2.932382012517676384e-01	-6.751407634255376586e-03	-1.586886521350397124e-03
1.762914118095944293e-11	3.860506594588714591e-01	9.662293827931536683e+00	5.899759300228150927e-02	1.310715308931724443e-01	3.802806528733387176e-02	1.133314093468214878e+00	2.918984584231901769e-01	-7.079409441836654986e-03	-1.665217379204010509e-03
1.846424942895546448e-11	3.979614311302936414e-01	9.661022636938936259e+00	6.082584057226096685e-02	1.324987042522101921e-01	3.857971103140277191e-02	1.133118359341571679e+00	2.905050598644898230e-01	-7.416662678552423532e-03	-1.745208303837537424e-03
1.933891750455232057e-11	4.101692392002710408e-01	9.660862793990148134e+00	6.269276263784356873e-02	1.338004190068251831e-01	3.908788974718497428e-02	1.132624883791953474e+00	2.890569758251509969e-01	-7.763084544560260557e-03	-1.826750378000021506e-03
2.025501939230666486e-11	4.226757177090952333e-01	9.661731503215101213e+00	6.459852019368951537e-02	1.349746194059487370e-01	3.955116304075812633e-02	1.131828346532669949e+00	2.875533013513247305e-01	-8.118577143116824033e-03	-1.909727130408724787e-03
2.121451784910627571e-11	4.354822285034297136e-01	9.663548866873574283e+00	6.654325251138849817e-02	1.360197071100341382e-01	3.996829413983735840e-02	1.130724326834693594e+00	2.859932776867231130e-01	-8.483027737905782240e-03	-1.994014924543771519e-03
2.221946860939528424e-11	4.485898392539360291e-01	9.666237788467304526e+00	6.852707469333590984e-02	1.369344601795180194e-01	4.033824054691689809e-02	1.129309130296161756e+00	2.843762867099163816e-01	-8.856308560173225750e-03	-2.079483271757537072e-03
2.327202478960412005e-11	4.619993011428701890e-01	9.669723857862397409e+00	7.055007531205796656e-02	1.377180554926358547e-01	4.066015544515000357e-02	1.127579851272854317e+00	2.827018577642366193e-01	-9.238276613823481753e-03	-2.165995174219637835e-03
2.437444150122221807e-11	4.757110262983648696e-01	9.673935229070389497e+00	7.261231409817832383e-02	1.383700506310069911e-01	4.093339013948936456e-02	1.125534343698293860e+00	2.809696706884435846e-01	-9.628773483979141679e-03	-2.253407498073110339e-03
2.552908068239516723e-11	4.897250651059870119e-01	9.678802496962207513e+00	7.471381966524155704e-02	1.388903904399159395e-01	4.115749160496184889e-02	1.123171248818176204e+00	2.791795598759564956e-01	-1.002762515738234335e-02	-2.341571378778050348e-03
2.673841615839943880e-11	5.040410834946218444e-01	9.684258576749702030e+00	7.685458726314929601e-02	1.392793794735479873e-01	4.133219997235899890e-02	1.120489944330767651e+00	2.773315136842686712e-01	-1.043464185562951139e-02	-2.430332656879575365e-03
2.800503894183625342e-11	5.186583403518468804e-01	9.690238587851286667e+00	7.903457657175209927e-02	1.395376698984523434e-01	4.145744293305481804e-02	1.117490529204847372e+00	2.754256741539787279e-01	-1.084961788495550708e-02	-2.519532343876822091e-03
2.933166278390048099e-11	5.335756650851110061e-01	9.696679742905921273e+00	8.125370952843410932e-02	1.396662691883193141e-01	4.153333651481213445e-02	1.114173855650730571e+00	2.734623418904258974e-01	-1.127233150738842817e-02	-2.609007117967773130e-03
3.072112998861759207e-11	5.487914354215105428e-01	9.703521245590867039e+00	8.351186816804760660e-02	1.396665048996199865e-01	4.156017543230106082e-02	1.110541460327199248e+00	2.714419708964872502e-01	-1.170254482610637130e-02	-2.698589845822129286e-03
3.217641750250735458e-11	5.643035556585151991e-01	9.710704188737373954e+00	8.580889257151406990e-02	1.395399973969878860e-01	4.153842337451787992e-02	1.106595512844811502e+00	2.693651652285617426e-01	-1.214000371079744858e-02	-2.788110133825976670e-03
3.370064329271925032e-11	5.801094358651237570e-01	9.718171473073279998e+00	8.814457881600457068e-02	1.392887761180325867e-01	4.146873387927435539e-02	1.102339110871311867e+00	2.672327005832170754e-01	-1.258443775669969115e-02	-2.877394908143296806e-03
3.529707302730657668e-11	5.962059730408199032e-01	9.725867716285243603e+00	9.051867732861518245e-02	1.389150744507619550e-01	4.135190457576593676e-02	1.097775803077623236e+00	2.650454879873090364e-01	-1.303556031430009969e-02	-2.966269021199809380e-03
3.696912707195032437e-11	6.125895882895827649e-01	9.733739209428334149e+00	9.293089931439406370e-02	1.384213483371895259e-01	4.118887548731817172e-02	1.092909632241033879e+00	2.628045695088144229e-01	-1.349307010013984544e-02	-3.054556177496077236e-03
3.872038781812557004e-11	6.292562102536307655e-01	9.741733832111126645e+00	9.538091536049116137e-02	1.378104134543935710e-01	4.098075037200461096e-02	1.087745485574030280e+00	2.605111409866157635e-01	-1.395665127249647898e-02	-3.142079539506282843e-03
4.055460735840827506e-11	6.462011980267982070e-01	9.749800951639844726e+00	9.786834505124845929e-02	1.370852776850071675e-01	4.072875869403969756e-02	1.082288716736937717e+00	2.581665298108244411e-01	-1.442597185879183549e-02	-3.228662041066080856e-03
4.247571552536894126e-11	6.634193214831126673e-01	9.757891350021605348e+00	1.003927550720128681e-01	1.362491955886112327e-01	4.043426051160228102e-02	1.076545294422926791e+00	2.557722037416073069e-01	-1.490068379879068948e-02	-3.314127031118890929e-03
4.448782831127576069e-11	6.809047478690410937e-01	9.765957179092835005e+00	1.029536579666055912e-01	1.353056148192993691e-01	4.009872805680685798e-02	1.070521685318525318e+00	2.533297572977639134e-01	-1.538042318701085716e-02	-3.398298962213899821e-03
4.659525668664686662e-11	6.986510289468464974e-01	9.773951905628333492e+00	1.055505110399597157e-01	1.342581892742721328e-01	3.972374401069062727e-02	1.064224901635646203e+00	2.508409140621795652e-01	-1.586481055665611706e-02	-3.481004081780383463e-03
4.880251583654433574e-11	7.166510910643996146e-01	9.781830291399126409e+00	1.081827152817345372e-01	1.331107398338946535e-01	3.931098506012527249e-02	1.057662418232322654e+00	2.483075147402927230e-01	-1.635345122374735199e-02	-3.562071129648660718e-03
5.111433483440165318e-11	7.348972261970257991e-01	9.789548350581906533e+00	1.108496145988988046e-01	1.318672875653651155e-01	3.886222203296980232e-02	1.050842272099956398e+00	2.457315206443390077e-01	-1.684593570937666443e-02	-3.641332037382431080e-03
5.353566677410718816e-11	7.533810852774887046e-01	9.797063327075914430e+00	1.135504950993314194e-01	1.305319455130611872e-01	3.837929159100418597e-02	1.043772802789123100e+00	2.431149900437581945e-01	-1.734184021297261249e-02	-3.718622622215528219e-03
5.607169938205469661e-11	7.720936744648559946e-01	9.804333686270549464e+00	1.162845845468655215e-01	1.291089958913543279e-01	3.786410465043799772e-02	1.036462863129942402e+00	2.404600890098801680e-01	-1.784072717432659896e-02	-3.793783279575466735e-03
5.872786613189488850e-11	7.910253534317119861e-01	9.811319115204549135e+00	1.190510518889981578e-01	1.276027925612207570e-01	3.731861880644385399e-02	1.028921583648463089e+00	2.377690676105179979e-01	-1.834214588515493266e-02	-3.866659662725417234e-03
6.150985788580503926e-11	8.101658345700405439e-01	9.817980450609596232e+00	1.218490076689505569e-01	1.260179243185322873e-01	3.674486757548835192e-02	1.021158811672361777e+00	2.350442911852760608e-01	-1.884563322475535027e-02	-3.937103331032961416e-03
6.442363508721370414e-11	8.295041886084626448e-01	9.824279775498126810e+00	1.246775032297245261e-01	1.243588626247589396e-01	3.614487610760562519e-02	1.013184207978596874e+00	2.322881596722286834e-01	-1.935071438202804611e-02	-4.004972412821023765e-03
6.747544053110686101e-11	8.490288512540334898e-01	9.830180331069048094e+00	1.275355321463328973e-01	1.226302724386413162e-01	3.552072238514747404e-02	1.005008068798173282e+00	2.295031693335901624e-01	-1.985690383196324696e-02	-4.070132212318004934e-03
7.067181273927477085e-11	8.687276967537426176e-01	9.835646664733816991e+00	1.304220385592339548e-01	1.208368385677714846e-01	3.487449285683479061e-02	9.966408759275733331e-01	2.266918645479114314e-01	-2.036370769681821249e-02	-4.132456001592188684e-03
7.401959996915652408e-11	8.885880572439336378e-01	9.840644461049421921e+00	1.333359212178402420e-01	1.189832631681950886e-01	3.420827524325684849e-02	9.880932968070670341e-01	2.238568294209282439e-01	-2.087062514704034200e-02	-4.191825529714424819e-03
7.752597488629464062e-11	9.085966649522900784e-01	9.845140651817718691e+00	1.362760222150329048e-01	1.170742840071105351e-01	3.352415716369761683e-02	9.793762604803617489e-01	2.210006967963583369e-01	-2.137714728968593755e-02	-4.248131269041532584e-03
8.119844993184008328e-11	9.287396655356841002e-01	9.849103347048522750e+00	1.392411285908102814e-01	1.151146043022268778e-01	3.282420508824753641e-02	9.705007777346917885e-01	2.181261265027978902e-01	-2.188275832369628027e-02	-4.301272869758456310e-03
8.504489341802668113e-11	9.490026381689019574e-01	9.852501893277285205e+00	1.422299730604975332e-01	1.131089551083354905e-01	3.211047406079910183e-02	9.614781212469227789e-01	2.152358165018634084e-01	-2.238693661870156879e-02	-4.351159587422172813e-03
8.907354638610458163e-11	9.693706186404926761e-01	9.855306887231614965e+00	1.452412355751576400e-01	1.110620219332127956e-01	3.138498428530039214e-02	9.523196350666625065e-01	2.123324780683677748e-01	-2.288915593260292675e-02	-4.397710655033531743e-03
9.329304026284695888e-11	9.898281257741271544e-01	9.857490177291664324e+00	1.482735453663768244e-01	1.089784477687097269e-01	3.064971929563539352e-02	9.430367497476133121e-01	2.094188331844116790e-01	-2.338888674308703050e-02	-4.440855607090700256e-03
9.771241535346501225e-11	1.010359190539322105e+00	9.859024894566571717e+00	1.513254827658559454e-01	1.068628256094375228e-01	2.990661897378284542e-02	9.336409691325991966e-01	2.064976063867263179e-01	-2.388559756195086578e-02	-4.480534548770569343e-03
1.023411402105452712e-10	1.030947387905175816e+00	9.859885476164539142e+00	1.543955813331232829e-01	1.047196773342690818e-01	2.915757163403044985e-02	9.241438175388900778e-01	2.035715150635851178e-01	-2.437875629852665621e-02	-4.516698364156509181e-03
1.071891319205126445e-10	1.051575871822666874e+00	9.860047684864525763e+00	1.574823303020494447e-01	1.025534490322303205e-01	2.840440874173561989e-02	9.145568316830781086e-01	2.006432621106274683e-01	-2.486783170088575565e-02	-4.549308870384615247e-03
1.122667773510811312e-10	1.072227412704219507e+00	9.859488633403870494e+00	1.605841771306458221e-01	1.003684914389121885e-01	2.764889917480506387e-02	9.048915091104351438e-01	1.977155277736117878e-01	-2.535229480915724906e-02	-4.578338909715026772e-03
1.175849554052158201e-10	1.092884436069728959e+00	9.858186812160143475e+00	1.636995299712762086e-01	9.816905996951932889e-02	2.689274434222326329e-02	8.951593117595796345e-01	1.947909621748699638e-01	-2.583162033771330829e-02	-4.603772360969400970e-03
1.231550603292826197e-10	1.113529067455769406e+00	9.856122104389374527e+00	1.668267610925266708e-01	9.595929257950371050e-02	2.613757271105579885e-02	8.853716033077070335e-01	1.918721762536540754e-01	-2.630528835850761207e-02	-4.625604143221790504e-03
1.289890261253308184e-10	1.134143176990516588e+00	9.853275812765904362e+00	1.699642098920583211e-01	9.374319804903084863e-02	2.538493610469674464e-02	8.755396149605104705e-01	1.889617346973509193e-01	-2.677278568213787083e-02	-4.643840085635797706e-03
1.350993521198024986e-10	1.154708483564589327e+00	9.849630661626653350e+00	1.731101950950149626e-01	9.152465521244106117e-02	2.463630569763591155e-02	8.656744331246425395e-01	1.860621424662413648e-01	-2.723360868363156398e-02	-4.658496818294180497e-03
1.414991297434578731e-10	1.175206575876295956e+00	9.845170766828543307e+00	1.762630149710946725e-01	8.930739476740928717e-02	2.389306851206553575e-02	8.557869467536697305e-01	1.831758394066252127e-01	-2.768726396477471166e-02	-4.669601443480422311e-03
1.482020705798860072e-10	1.195618869163714848e+00	9.839881578359022996e+00	1.794209383554241366e-01	8.709499662073286186e-02	2.315652758835257466e-02	8.458878480996506743e-01	1.803052046285741616e-01	-2.813326794741449061e-02	-4.677191191665778548e-03
1.552225357427047968e-10	1.215926641294438504e+00	9.833749963032603958e+00	1.825822049690644933e-01	8.489090356931687509e-02	2.242790395986797927e-02	8.359876732821561740e-01	1.774525570024059751e-01	-2.857114742594191181e-02	-4.681313048617840103e-03
1.625755666443793407e-10	1.236111098158374055e+00	9.826764117371702412e+00	1.857450330973519914e-01	8.269838283765233722e-02	2.170833026664829163e-02	8.260966748190293751e-01	1.746201404141866642e-01	-2.900044197665908874e-02	-4.682023478434160779e-03
1.702769172225897821e-10	1.256153422068704506e+00	9.818913642461350122e+00	1.889076217123031587e-01	8.052055788532803959e-02	2.099885545585071164e-02	8.162249142060382656e-01	1.718101263168121950e-01	-2.942070483133669631e-02	-4.679387975902900287e-03
1.783430876931905687e-10	1.276034831381160917e+00	9.810189524514903781e+00	1.920681559244238612e-01	7.836036858783942960e-02	2.030043882114481932e-02	8.063821285166771213e-01	1.690246004273164293e-01	-2.983150459701495311e-02	-4.673480641156598121e-03
1.867913599020784805e-10	1.295736638137020780e+00	9.800584153629650075e+00	1.952248113848126521e-01	7.622059414182441595e-02	1.961395579970861419e-02	7.965777918543440750e-01	1.662655652128198491e-01	-3.023242664356679682e-02	-4.664383692609972223e-03
1.956398343517064725e-10	1.315240304141295669e+00	9.790091337798374482e+00	1.983757584943287855e-01	7.410383916338922350e-02	1.894019586985330392e-02	7.868210611550420230e-01	1.635349321407725542e-01	-3.062307436917201600e-02	-4.652186932401826749e-03
2.049074689815846066e-10	1.334527499852691923e+00	9.778706307296051392e+00	2.015191672078217866e-01	7.201254462928631528e-02	1.827986649009822120e-02	7.771207994750429782e-01	1.608345215784062476e-01	-3.100307056743095702e-02	-4.636987193494637380e-03
2.146141197858401440e-10	1.353580160613702121e+00	9.766425721188083386e+00	2.046532114042616257e-01	6.994895197573298973e-02	1.763358805387300887e-02	7.674854462082448814e-01	1.581660505266141437e-01	-3.137205858795061308e-02	-4.618887742907836283e-03
2.247805833548729991e-10	1.372380543750194137e+00	9.753247674456998695e+00	2.077760733989049979e-01	6.791516488605865709e-02	1.700190757794309976e-02	7.579232052828948074e-01	1.555311462691963409e-01	-3.172970351264782496e-02	-4.597997680101603875e-03
2.354286414322420067e-10	1.390911283306330626e+00	9.739171695668261464e+00	2.108859483434441240e-01	6.591308589029293286e-02	1.638528887829245051e-02	7.484418227648325095e-01	1.529313273446737675e-01	-3.207569316149837257e-02	-4.574431295150889303e-03
2.465811075822603842e-10	1.409155444799834234e+00	9.724198751039285327e+00	2.139810485654526362e-01	6.394445995334456512e-02	1.578412333396436718e-02	7.390487150479783107e-01	1.503680134275306446e-01	-3.240973897684311378e-02	-4.548307417271722948e-03
2.582618760682674929e-10	1.427096654713766899e+00	9.708331145383048977e+00	2.170596216631155706e-01	6.201085686012457882e-02	1.519872816487515682e-02	7.297508823689038415e-01	1.478425102456889795e-01	-3.273157833609346978e-02	-4.519748636818687708e-03
2.704959730463131364e-10	1.444719105352906041e+00	9.691572446042941991e+00	2.201199495263777006e-01	6.011366577582907822e-02	1.462934850321172438e-02	7.205548770490386445e-01	1.453560103188306085e-01	-3.304097397993537022e-02	-4.488880557363726133e-03
2.833096101839318258e-10	1.462007458800645088e+00	9.673927488095900529e+00	2.231603303086653056e-01	5.825412280622324634e-02	1.407616661551646178e-02	7.114668992374315604e-01	1.429096133933136503e-01	-3.333771208674677494e-02	-4.455831327391111124e-03
2.967302408188872501e-10	1.478946877623733114e+00	9.655402372173256254e+00	2.261790798360912014e-01	5.643331697726201857e-02	1.353930587445388578e-02	7.024928033020939599e-01	1.405043287751762682e-01	-3.362160206117470462e-02	-4.420730974604949147e-03
3.107866187782014063e-10	1.495523085876593994e+00	9.636004384382848897e+00	2.291745396145367097e-01	5.465218115426209028e-02	1.301883158119002473e-02	6.936380449668582138e-01	1.381410694675055395e-01	-3.389247806720268458e-02	-4.383710873548913624e-03
3.255088599835056406e-10	1.511722403371209333e+00	9.615742017954049814e+00	2.321450786155506152e-01	5.291150644368190076e-02	1.251475624565000222e-02	6.849077154884777308e-01	1.358206566068026477e-01	-3.415019860801801754e-02	-4.344903083880395471e-03
3.409285069746807543e-10	1.527531796669377551e+00	9.594624928133915986e+00	2.350890993602571255e-01	5.121194423087255948e-02	1.202704226062896453e-02	6.763065290889335168e-01	1.335438178765475936e-01	-3.439464742089635985e-02	-4.304439818292873747e-03
3.570785964900469852e-10	1.542938916994132548e+00	9.572663922048301188e+00	2.380050413973562318e-01	4.955400462400028072e-02	1.155560483148868230e-02	6.678387987421179339e-01	1.313111878150616807e-01	-3.462573348119745570e-02	-4.262452866851245206e-03
3.739937302478801677e-10	1.557932139396443372e+00	9.549870933729071254e+00	2.408913855448566732e-01	4.793808940123923251e-02	1.110031899199759309e-02	6.595085380198782987e-01	1.291233147550238380e-01	-3.484339130008569374e-02	-4.219073088379431645e-03
3.917101490809260641e-10	1.572500601573637580e+00	9.526258993727115154e+00	2.437466584612611731e-01	4.636445327005041250e-02	1.066101701646767104e-02	6.513192999555482698e-01	1.269806519980323511e-01	-3.504758120082552414e-02	-4.174429920731538221e-03
4.102658105827190344e-10	1.586634225270268539e+00	9.501842235906325485e+00	2.465694338160052956e-01	4.483324893075384121e-02	1.023749740005831278e-02	6.432743265159125423e-01	1.248835700389816783e-01	-3.523828855157559725e-02	-4.128650862922122848e-03
4.297004704320835313e-10	1.600323754564650258e+00	9.476635834498688737e+00	2.493583380875320776e-01	4.334449878214748780e-02	9.829522134538411920e-03	6.353764226823818140e-01	1.228323470481054724e-01	-3.541552442588330463e-02	-4.081861102022927429e-03
4.500557675700488183e-10	1.613560770592448623e+00	9.450656006407204046e+00	2.521120513053141110e-01	4.189818574842019139e-02	9.436838269116924402e-03	6.276282873133327556e-01	1.208272044247409027e-01	-3.557932464148351459e-02	-4.034183061577021473e-03
4.713753134116729086e-10	1.626337719573276441e+00	9.423919962684061957e+00	2.548293114265381965e-01	4.049410025868041552e-02	9.059146189289813550e-03	6.200319098255476780e-01	1.188682473692685010e-01	-3.572974979550895547e-02	-3.985736054102696421e-03
4.937047852839003559e-10	1.638648013742643350e+00	9.396445643156852157e+00	2.575089364429526961e-01	3.913199800981410903e-02	8.696134902346802642e-03	6.125891410599954012e-01	1.169555149621971518e-01	-3.586688541045229828e-02	-3.936635537021329276e-03
5.170920242896755486e-10	1.650485997240670466e+00	9.368251573441375157e+00	2.601498228263041668e-01	3.781152227663359816e-02	8.347468447623832347e-03	6.053013820900611242e-01	1.150889560157922625e-01	-3.599084018394809598e-02	-3.886992770652343727e-03
5.415871378079465267e-10	1.661846761002892192e+00	9.339357046829118048e+00	2.627509113535995700e-01	3.653224553640874867e-02	8.012795586134676892e-03	5.981697585372439674e-01	1.132684612849023109e-01	-3.610174267648928043e-02	-3.836915129357998042e-03
5.672426068491988835e-10	1.672726139051691430e+00	9.309782093979828588e+00	2.653111869704861125e-01	3.529367986913040101e-02	7.691754584936133683e-03	5.911951500066114917e-01	1.114938713364715811e-01	-3.619974040960346334e-02	-3.786505917376449884e-03
5.941133984965039838e-10	1.683120714796384254e+00	9.279547389313364647e+00	2.678296822644439246e-01	3.409526879442324743e-02	7.383971701442921566e-03	5.843781426305035831e-01	1.097649711642072479e-01	-3.628499928680004039e-02	-3.735864167205556023e-03
6.222570836730231313e-10	1.693027833899454437e+00	9.248674276253641580e+00	2.703054788739109315e-01	3.293643840524388550e-02	7.089073822169817893e-03	5.777192254812790750e-01	1.080815132229535763e-01	-3.635770292309555701e-02	-3.685084527455842821e-03
6.517339604882420571e-10	1.702445604049618755e+00	9.217184613155966488e+00	2.727377122326176684e-01	3.181650747534789381e-02	6.806669476282234572e-03	5.712184084846240184e-01	1.064431778940531093e-01	-3.641805208661249432e-02	-3.634257080195978443e-03
6.826071834272379248e-10	1.711372903203480789e+00	9.185100846567069155e+00	2.751255713456406959e-01	3.073478994066361838e-02	6.536371730632078297e-03	5.648756314960499125e-01	1.048496176166937854e-01	-3.646626388883013326e-02	-3.583467323684458045e-03
7.149428986597561750e-10	1.719809371986941615e+00	9.152445928490653415e+00	2.774683007532725010e-01	2.969055374267200523e-02	6.277790124704744901e-03	5.586905857559510968e-01	1.033004402805380306e-01	-3.650257073166385952e-02	-3.532796057899398757e-03
7.488103857590030225e-10	1.727755421457537910e+00	9.119243291877163315e+00	2.797652034982376357e-01	2.868303010669151151e-02	6.030533022549819031e-03	5.526627406293934675e-01	1.017952124176854517e-01	-3.652722015409225892e-02	-3.482319420819063836e-03
7.842822061337681836e-10	1.735212209284466400e+00	9.085516804972238347e+00	2.820156398458834590e-01	2.771142226626356619e-02	5.794210049365619390e-03	5.467913730252559334e-01	1.003334647392954415e-01	-3.654047298278081252e-02	-3.432108802227168062e-03
8.214343584919422200e-10	1.742181652829819516e+00	9.051290769165724726e+00	2.842190308206177796e-01	2.677490948133835064e-02	5.568433381199709188e-03	5.410755744410831181e-01	9.891469347181136573e-02	-3.654260371661614826e-02	-3.382230994077715935e-03
8.603464416684491388e-10	1.748666396737661444e+00	9.016589868683341891e+00	2.863748560225967132e-01	2.587264816492652886e-02	5.352818252847857741e-03	5.355142503648702146e-01	9.753836263051507416e-02	-3.653389836010040304e-02	-3.332748119134600149e-03
9.011018251665036851e-10	1.754669810424911880e+00	8.981439142924294572e+00	2.884826557673430547e-01	2.500378075571713446e-02	5.146985022617268923e-03	5.301061508246864840e-01	9.620390785936686062e-02	-3.651465414594724096e-02	-3.283717760184812033e-03
9.437878277775391497e-10	1.760196021801999411e+00	8.945863500335553553e+00	2.905420542891253288e-01	2.416742755050457769e-02	4.950557595498008938e-03	5.248498110596829802e-01	9.491072376109588316e-02	-3.648517774180473627e-02	-3.235192440075788760e-03
9.884959046625586031e-10	1.765249850517475405e+00	8.909887514477867754e+00	2.925527583462053105e-01	2.336268720884598915e-02	4.763163614371531025e-03	5.197435478729485192e-01	9.365816545052875475e-02	-3.644578310107592090e-02	-3.187219677720710530e-03
1.035321843295661502e-09	1.769836620594325227e+00	8.873535923824098504e+00	2.945145127034139998e-01	2.258866257360455168e-02	4.584440520980542083e-03	5.147856029887373230e-01	9.244558110006953489e-02	-3.639678936758035388e-02	-3.139842941439098013e-03
1.084365968689608688e-09	1.773962142959306210e+00	8.836833637466938285e+00	2.964270988615869684e-01	2.184445733382842092e-02	4.414035005839814924e-03	5.099741263047697926e-01	9.127231189803809708e-02	-3.633852081713857124e-02	-3.093101926964654351e-03
1.135733358343102889e-09	1.777632684668913221e+00	8.799805663732952254e+00	2.982903341800212105e-01	2.112918698719152763e-02	4.251604643459526954e-03	5.053072240801269599e-01	9.013769680967366471e-02	-3.627130504103188990e-02	-3.047032559636106419e-03
1.189534067370320724e-09	1.780854964851859901e+00	8.762477086421410988e+00	3.001040739840726279e-01	2.044196131786471179e-02	4.096814727689418109e-03	5.007828750811451624e-01	8.904106514477651280e-02	-3.619547292668853083e-02	-3.001667193874330616e-03
1.245883364295008068e-09	1.783636133916132183e+00	8.724872956821108971e+00	3.018682138756397793e-01	1.978191299934641684e-02	3.949343326900877152e-03	4.963990587461046267e-01	8.798174805729346015e-02	-3.611135799612541497e-02	-2.957034717674189486e-03
1.304901978014401580e-09	1.785983763401137292e+00	8.687018383081145600e+00	3.035826871779369607e-01	1.914817815331372811e-02	3.808877388729298760e-03	4.921536666790043979e-01	8.695907139632641503e-02	-3.601929527519343033e-02	-2.913160700965985051e-03
1.366716356462010101e-09	1.787905821399101036e+00	8.648938416005069740e+00	3.052474669519753547e-01	1.853990444561511020e-02	3.675114217523512382e-03	4.880445375144971121e-01	8.597235911042040712e-02	-3.591962073682999218e-02	-2.870067519634228893e-03
1.431458937523481393e-09	1.789410659336619913e+00	8.610658043535666550e+00	3.068625662941907861e-01	1.795625230163578820e-02	3.547761294224277724e-03	4.840694619786393149e-01	8.502093354749232224e-02	-3.581267072482387931e-02	-2.827774509522377761e-03
1.499268432786047049e-09	1.790507003147507437e+00	8.572202216279643849e+00	3.084280382988451308e-01	1.739639749749441813e-02	3.426536676515874996e-03	4.802261951942518037e-01	8.410411730781747197e-02	-3.569878179833562565e-02	-2.786298191107899024e-03
1.570290124729377524e-09	1.791203920596901478e+00	8.533595786703246588e+00	3.099439750076863342e-01	1.685952949176055746e-02	3.311168227802284165e-03	4.765124497519195867e-01	8.322123264366991513e-02	-3.557828933745930955e-02	-2.745652328196771744e-03
1.644676177994662829e-09	1.791510804865252826e+00	8.494863489257381772e+00	3.114105077246516196e-01	1.634485667596164218e-02	3.201394504634527075e-03	4.729259213076912882e-01	8.237160438592354417e-02	-3.545152747230680829e-02	-2.705848147598536538e-03
1.722585965398783835e-09	1.791437360694755121e+00	8.456029940545297663e+00	3.128278070604716965e-01	1.585160023810268035e-02	3.096963309475729651e-03	4.694642596623953557e-01	8.155455718407972343e-02	-3.531882848087949250e-02	-2.666894469216503274e-03
1.804186409392068039e-09	1.790993563175669712e+00	8.417119056492818885e+00	3.141960999303659574e-01	1.537899538017614351e-02	2.997631442231965624e-03	4.661250625588375107e-01	8.076940904869599203e-02	-3.518051999398891933e-02	-2.628797332521302585e-03
1.889652339691211477e-09	1.790189574620792534e+00	8.378153761190969107e+00	3.155156691913734157e-01	1.492628612738949520e-02	2.903163578128490230e-03	4.629058508999052135e-01	8.001546946903759228e-02	-3.503692290166911943e-02	-2.591560024594499311e-03
1.979166867853557524e-09	1.789035687516109308e+00	8.339156793121583533e+00	3.167868163976213514e-01	1.449274316388907136e-02	2.813335730088877950e-03	4.598041855571765035e-01	7.929206352047071804e-02	-3.488835345554468226e-02	-2.555184160866557329e-03
2.072921779595369695e-09	1.787542292966209923e+00	8.300150752859297043e+00	3.180098562915080751e-01	1.407765524730462264e-02	2.727933170958376889e-03	4.568176313096249941e-01	7.859852937693895258e-02	-3.473512212981275799e-02	-2.519669799153820364e-03
2.171117945694509622e-09	1.785719877543521905e+00	8.261158012388300165e+00	3.191851214896320177e-01	1.368033907825783220e-02	2.646752031895102490e-03	4.539438050011371795e-01	7.793422137092534396e-02	-3.457753479168566152e-02	-2.485015657498943452e-03
2.273965752357932151e-09	1.783579000003768344e+00	8.222200719162481519e+00	3.203129600403230581e-01	1.330013188411677781e-02	2.569597806184233373e-03	4.511803430165060580e-01	7.729850775827115661e-02	-3.441589114037262032e-02	-2.451219102026302044e-03
2.381685551976160644e-09	1.781130283689221550e+00	8.183300795249625281e+00	3.213937358931029942e-01	1.293639246446120009e-02	2.496284763211863589e-03	4.485249086147374276e-01	7.669076962945918507e-02	-3.425048495753550692e-02	-2.418276314601612142e-03
2.494508135230316413e-09	1.778384394132266788e+00	8.144479820192522368e+00	3.224278312625930565e-01	1.258850135591222004e-02	2.426636126864869982e-03	4.459751935784761478e-01	7.611040111656700025e-02	-3.408160373441816021e-02	-2.386182327038525314e-03
2.612675225563326382e-09	1.775352045716232618e+00	8.105759157171476659e+00	3.234156446902612947e-01	1.225586125638242728e-02	2.360483697904905767e-03	4.435289244914499829e-01	7.555680974988333853e-02	-3.390952862771062781e-02	-2.354931171016931730e-03
2.736439997074666368e-09	1.772043991653407868e+00	8.067159835786895883e+00	3.243575956409344707e-01	1.193789346604445280e-02	2.297666878201265472e-03	4.411838436532538599e-01	7.502941265439140583e-02	-3.373453522733692311e-02	-2.324515999762594848e-03
2.866067616948244470e-09	1.768470985362976533e+00	8.028702585271295433e+00	3.252541179124654458e-01	1.163404208244790683e-02	2.238033250169389927e-03	4.389377381583661752e-01	7.452764116865896737e-02	-3.355689124302894955e-02	-2.294929030753705811e-03
3.001835813575592210e-09	1.764643808559171356e+00	7.990407848950707326e+00	3.261056658720118961e-01	1.134376879611028593e-02	2.181437311108766399e-03	4.367884109929719982e-01	7.405093554480589313e-02	-3.337685867302067622e-02	-2.266161794382901083e-03
3.144035471591500167e-09	1.760573232505899810e+00	7.952295693330830417e+00	3.269127127323299686e-01	1.106655603408043982e-02	2.127740997115365029e-03	4.347337011011090380e-01	7.359874752842843204e-02	-3.319469271272696559e-02	-2.238205118372969035e-03
3.292971255097148186e-09	1.756270019982738795e+00	7.914385900984377997e+00	3.276757487624655241e-01	1.080190428038071623e-02	2.076812712995181921e-03	4.327714733575802053e-01	7.317053879993752619e-02	-3.301064165862040156e-02	-2.211049237423326312e-03
3.448962260405766611e-09	1.751744847232877156e+00	7.876697382455537522e+00	3.283952927240856856e-01	1.054932823575734611e-02	2.028526516135118266e-03	4.308995921282202657e-01	7.276577480753870786e-02	-3.282494465279751222e-02	-2.184683504716859216e-03
3.612342699709437910e-09	1.747008224193736137e+00	7.839247951196517405e+00	3.290718883219866386e-01	1.030835926904869956e-02	1.982762499468685054e-03	4.291159389421057568e-01	7.238392754973879684e-02	-3.263782975664170777e-02	-2.159096374526184910e-03
3.783462617131932968e-09	1.742070563950941731e+00	7.802055108407868644e+00	3.297060861173828350e-01	1.007854664118205089e-02	1.939406820613015546e-03	4.274184350279896516e-01	7.202448276480903633e-02	-3.244951805295780839e-02	-2.134276077848612594e-03
3.962688638701478467e-09	1.736942146703875478e+00	7.765136055801628245e+00	3.302984372201263619e-01	9.859460255466367257e-03	1.898351918668001641e-03	4.258050632720048467e-01	7.168694321081771348e-02	-3.226022304651103567e-02	-2.110210714802209560e-03
4.150404757850472502e-09	1.731633180374662073e+00	7.728507815470574194e+00	3.308495006219224210e-01	9.650686871424580399e-03	1.859495879582153278e-03	4.242738452081830092e-01	7.137082442463879572e-02	-3.207015254581682684e-02	-2.086888343867760506e-03
4.347013158125017173e-09	1.726153709719265406e+00	7.692186995655905690e+00	3.313598368120187487e-01	9.451832815456133463e-03	1.822742546906523349e-03	4.228228627560954855e-01	7.107565768271757733e-02	-3.187950624344960959e-02	-2.064296891470921574e-03
4.552935074866938773e-09	1.720513673204116412e+00	7.656189940445172759e+00	3.318300131141790343e-01	9.262520946720186402e-03	1.788000910616439551e-03	4.214502404412741043e-01	7.080098650937341476e-02	-3.168847759558218041e-02	-2.042424274423856618e-03
4.768611697714474181e-09	1.714722872663665409e+00	7.620532632200012202e+00	3.322606029452779275e-01	9.082390000092274360e-03	1.755184686617338417e-03	4.201541446898527932e-01	7.054636595055785442e-02	-3.149725323162456958e-02	-2.021258385858012378e-03
4.994505115855140358e-09	1.708790978741849154e+00	7.585230714792317919e+00	3.326521867016776768e-01	8.911094918437429888e-03	1.724212513918129330e-03	4.189327870896172312e-01	7.031136300411783280e-02	-3.130601312900070654e-02	-2.000787116316276888e-03
5.231099308056257792e-09	1.702727524734315212e+00	7.550299456327711489e+00	3.330053530074271739e-01	8.748304882572614100e-03	1.695007207076679699e-03	4.177844149221958125e-01	7.009555415717666493e-02	-3.111493084917545809e-02	-1.980998380370131099e-03
5.478901179593956120e-09	1.696541909954665694e+00	7.515753804168777030e+00	3.333206977286602979e-01	8.593702959830749541e-03	1.667495588316033001e-03	4.167073119593669994e-01	6.989852539553638444e-02	-3.092417329968985898e-02	-1.961880113692836009e-03
5.738441648302404521e-09	1.690243388186241535e+00	7.481608277371574189e+00	3.335988271957685547e-01	8.446988233130725554e-03	1.641608984254396431e-03	4.156998093065646382e-01	6.971987258072924465e-02	-3.073390156542529783e-02	-1.943420339271029413e-03
6.010276782070388176e-09	1.683841068166103128e+00	7.447877042842654838e+00	3.338403556307166786e-01	8.307867361415272739e-03	1.617281170909683468e-03	4.147602436225554801e-01	6.955919648688846380e-02	-3.054427022067547279e-02	-1.925607131071356212e-03
6.294988990221888141e-09	1.677343922531195686e+00	7.414573882327140097e+00	3.340459090316557078e-01	8.176065890508421932e-03	1.594450769145257327e-03	4.138870167755503982e-01	6.941610844277436299e-02	-3.035542817890379830e-02	-1.908428648621642715e-03
6.593188271333541710e-09	1.670760699254115744e+00	7.381711854700792053e+00	3.342161233992766989e-01	8.051316828551998914e-03	1.573058878679444317e-03	4.130785371002788087e-01	6.929022411141323723e-02	-3.016751642790584109e-02	-1.891872999999927871e-03
6.905513520162316861e-09	1.664099878738201310e+00	7.349303144323790171e+00	3.343516436008108217e-01	7.933361177873589007e-03	1.553048939369937320e-03	4.123332245389295103e-01	6.918116351756573024e-02	-2.998066699692857398e-02	-1.875928171287876041e-03
7.232633896483518810e-09	1.657369780694007755e+00	7.317359565634770746e+00	3.344531223641185602e-01	7.821958634401056376e-03	1.534369051231501517e-03	4.116495707946664639e-01	6.908855826156244662e-02	-2.979500790328704074e-02	-1.860582475009561147e-03
7.575250258771920716e-09	1.650578554112628105e+00	7.285892728915189132e+00	3.345212109899742270e-01	7.716873089808087144e-03	1.516968791604351562e-03	4.110260695174614565e-01	6.901204559748119749e-02	-2.961066025250608941e-02	-1.845824337707413715e-03
7.934096665797492339e-09	1.643734175373038120e+00	7.254913832916610517e+00	3.345565686294804109e-01	7.617881982634376603e-03	1.500801032022840284e-03	4.104612609505803311e-01	6.895127033074273382e-02	-2.942774124038278691e-02	-1.831642507453477755e-03
8.309941949353386453e-09	1.636844452174497366e+00	7.224433813956970596e+00	3.345598564461321200e-01	7.524775439822909036e-03	1.485821855295275593e-03	4.099537331256862815e-01	6.890588671542886845e-02	-2.924636258322232951e-02	-1.818025946186474246e-03
8.703591361485183753e-09	1.629917029322968336e+00	7.194463156501628376e+00	3.345317477001061302e-01	7.437350060350519411e-03	1.471989013558181207e-03	4.095020812507050856e-01	6.887555012366726459e-02	-2.906663271757600059e-02	-1.804963921713797874e-03
9.115888299750837812e-09	1.622959369830612619e+00	7.165012124067168031e+00	3.344729133232815510e-01	7.355414345704203334e-03	1.459263277637446810e-03	4.091049496690101206e-01	6.885992632412725467e-02	-2.888865325406599766e-02	-1.792445802236106254e-03
9.547716114208065503e-09	1.615978769684885741e+00	7.136090496245446779e+00	3.343840372077703793e-01	7.278785099526646762e-03	1.447607399973362650e-03	4.087610010923369841e-01	6.885868267682421218e-02	-2.871252250442161980e-02	-1.780461224926789326e-03
1.000000000000000021e-08	1.608982367020263649e+00	7.107707764995421229e+00	3.342658090419993178e-01	7.207283219947558522e-03	1.436985226178338210e-03	4.084689003784677253e-01	6.887148809766074908e-02	-2.853833453883931892e-02	-1.769000078789784982e-03
