# Pressure Mass Radius Compactness k2 k3 h2 h3 j2 j3
9.999999999999999799e-13	1.547097648792939706e-01	1.557136578071835764e+01	1.467105193480640682e-02	6.158921277612992157e-02	1.544215337617534795e-02	1.083733437831124968e+00	3.249619338817685832e-01	-8.357093166474956767e-04	-1.788393843969276185e-04
1.047370897959448749e-12	1.596950687482246167e-01	1.544073012068448847e+01	1.527192942647672205e-02	6.455992446117556072e-02	1.626901262497307959e-02	1.088286507418966487e+00	3.247927671171699782e-01	-9.017165760205945015e-04	-1.943865023294500684e-04
1.096985797892381920e-12	1.648954085327446473e-01	1.531921848598643798e+01	1.589432861557167620e-02	6.761758328988230760e-02	1.713202009831594347e-02	1.092981744249239773e+00	3.246273051560472633e-01	-9.723727962644093279e-04	-2.111958547289763302e-04
1.148951000187311009e-12	1.703159609762430748e-01	1.520644595673667254e+01	1.653856641126073834e-02	7.075593342333258429e-02	1.803264863461739517e-02	1.097807363776450496e+00	3.244650444912862142e-01	-1.047876474180392970e-03	-2.293368277656058032e-04
1.203377840777590522e-12	1.759614225791005238e-01	1.510203515430861287e+01	1.720490276746472133e-02	7.396783893169275870e-02	1.897006236731603110e-02	1.102749884344963904e+00	3.243053113253148156e-01	-1.128415718914040728e-03	-2.488766962974181410e-04
1.260382929679727463e-12	1.818358997439019631e-01	1.500561401722672095e+01	1.789353280156760068e-02	7.724522025582082618e-02	1.994213445450273778e-02	1.107794059139016296e+00	3.241472497028730637e-01	-1.214165073367702010e-03	-2.698795029589399000e-04
1.320088400831416649e-12	1.879430128758337315e-01	1.491681247259690224e+01	1.860460225253729796e-02	8.057927052532233569e-02	2.094730117993287566e-02	1.112923225575397801e+00	3.239898219592750039e-01	-1.305285405953822636e-03	-2.924056518378371008e-04
1.382622173764653478e-12	1.942864737601492364e-01	1.483525831397572858e+01	1.933827306369897969e-02	8.396082576880921355e-02	2.198197482874633679e-02	1.118119905779282774e+00	3.238317961022972868e-01	-1.401931300362733741e-03	-3.165133831069527203e-04
1.448118227674535917e-12	2.008702391319921732e-01	1.476058165650111675e+01	2.009473854724460121e-02	8.738056378583212991e-02	2.304554369764502675e-02	1.123366180466623288e+00	3.236717592702015867e-01	-1.504253043859666216e-03	-3.422589814261739059e-04
1.516716888470924089e-12	2.076985271681009992e-01	1.469241967489815082e+01	2.087422338998619689e-02	9.082907036104789777e-02	2.413374083367431783e-02	1.128643789027506728e+00	3.235081292286729471e-01	-1.612396801755418448e-03	-3.696965550347141856e-04
1.588565129428052692e-12	2.147758334629733257e-01	1.463041995612014468e+01	2.167698392983118116e-02	9.429692883347107202e-02	2.524529777027201966e-02	1.133934354043008907e+00	3.233391697021408273e-01	-1.726504896149094618e-03	-3.988778485760884215e-04
1.663816886076127415e-12	2.221069463905252783e-01	1.457424286606105923e+01	2.250330849886185425e-02	9.777476785697485073e-02	2.637655986744436368e-02	1.139219439978066406e+00	3.231630033832744719e-01	-1.846716145325273933e-03	-4.298520847181456833e-04
1.742633386009647278e-12	2.296969619933709184e-01	1.452356318049007911e+01	2.335351775544640754e-02	1.012533394315384833e-01	2.752488606867431117e-02	1.144480717380070178e+00	3.229776271491222595e-01	-1.973166262659701870e-03	-4.626658288342107533e-04
1.825183494319046040e-12	2.375512989637414696e-01	1.447807113513973754e+01	2.422796504761775063e-02	1.047235574575118705e-01	2.868664506504802272e-02	1.149700050673154506e+00	3.227809274272543383e-01	-2.105988318168113427e-03	-4.973628834870234480e-04
1.911644075385703708e-12	2.456757133132086712e-01	1.443747304406899445e+01	2.512703671545737580e-02	1.081765651846411380e-01	2.985867809598811637e-02	1.154859628171449604e+00	3.225706954273089844e-01	-2.245313226509682188e-03	-5.339842027174580971e-04
2.002200371815584363e-12	2.540763132348879405e-01	1.440149157301282301e+01	2.605115239139398770e-02	1.116037587434119821e-01	3.103817481129327732e-02	1.159942023630269770e+00	3.223446406261478159e-01	-2.391270278158115926e-03	-5.725678291944906939e-04
2.097046401323230665e-12	2.627595740188293783e-01	1.436986575664356458e+01	2.700076526051276016e-02	1.149968409583642798e-01	3.222149668653325610e-02	1.164930291010569663e+00	3.221004073464609485e-01	-2.543987692994758090e-03	-6.131488494509148733e-04
2.196385372416542332e-12	2.717323533560848103e-01	1.434235081676753332e+01	2.797636231927642242e-02	1.183478388242958368e-01	3.340529205567174809e-02	1.169808012443408929e+00	3.218355867969082129e-01	-2.703593198734969248e-03	-6.557593673001826809e-04
2.300430119772921506e-12	2.810019064698874303e-01	1.431871783997658376e+01	2.897846455479841099e-02	1.216491391427721308e-01	3.458638362178588499e-02	1.174559377818703787e+00	3.215477313011714799e-01	-2.870214604912709605e-03	-7.004284848895523481e-04
2.409403560239526876e-12	2.905758903853731256e-01	1.429875335308651252e+01	3.000762593687185745e-02	1.248935014147369432e-01	3.576136165063785455e-02	1.179169207636383998e+00	3.212343682010710411e-01	-3.043980196447537440e-03	-7.471822474109451277e-04
2.523539170434765862e-12	3.004622122749807112e-01	1.428225869720932018e+01	3.106441649436101141e-02	1.280740347517270727e-01	3.692720987272068295e-02	1.183622958167310779e+00	3.208930159093191792e-01	-3.225016227624243493e-03	-7.960428092259569204e-04
2.643081486974102692e-12	3.106688373660896341e-01	1.426904846315218300e+01	3.214940311099569875e-02	1.311840800929562900e-01	3.808035873429136547e-02	1.187906492970882244e+00	3.205211946965327852e-01	-3.413443504765786840e-03	-8.470273537106808416e-04
2.768286630392061017e-12	3.212037517146538179e-01	1.425894874821683622e+01	3.326314709268929359e-02	1.342172691530780781e-01	3.921770232167749032e-02	1.192006229414470875e+00	3.201164420385007037e-01	-3.609376678777075423e-03	-9.001477463100002489e-04
2.899422853882880921e-12	3.320749394227833773e-01	1.425179576417616190e+01	3.440620297469284411e-02	1.371674901150148618e-01	4.033600788011235116e-02	1.195909051463253547e+00	3.196763196420416842e-01	-3.812923775222978439e-03	-9.554102650958879112e-04
3.036771118035460378e-12	3.432903592054297182e-01	1.424743465128121400e+01	3.557911723397568643e-02	1.400289243625038593e-01	4.143216606034225147e-02	1.199602395407490807e+00	3.191984264306448327e-01	-4.024185753592660932e-03	-1.012815359938438672e-03
3.180625692794118977e-12	3.548579174426366722e-01	1.424571845714113572e+01	3.678242664349379298e-02	1.427960320639019010e-01	4.250308404435945014e-02	1.203074214405785991e+00	3.186804079326825412e-01	-4.243255952665439187e-03	-1.072357394528257847e-03
3.331294787934670055e-12	3.667854407987657939e-01	1.424650723344109160e+01	3.801665665606026451e-02	1.454635480080097021e-01	4.354571801464496295e-02	1.206312970994050993e+00	3.181199633039181185e-01	-4.470219571632284145e-03	-1.134024420650425486e-03
3.489101213406766494e-12	3.790806465493411492e-01	1.424966723296914495e+01	3.928231963853377057e-02	1.480265623695524446e-01	4.455721285905196727e-02	1.209307813432169088e+00	3.175148665081345412e-01	-4.705153098599383112e-03	-1.197797957930170094e-03
3.654383070957261569e-12	3.917511110180237344e-01	1.425507019463456437e+01	4.057991300386987188e-02	1.504803871755567013e-01	4.553474469915642919e-02	1.212048285887332488e+00	3.168629580181609451e-01	-4.948123714300522828e-03	-1.263652789367718850e-03
3.827494478516314936e-12	4.048042367209853110e-01	1.426259270485769903e+01	4.190991731127548942e-02	1.528206843328142328e-01	4.647556405186030470e-02	1.214524606341998991e+00	3.161621690773083193e-01	-5.199188685406540104e-03	-1.331556776956446461e-03
4.008806328898464320e-12	4.182472173168337304e-01	1.427211562251713062e+01	4.327279425752508790e-02	1.550434184972072915e-01	4.737716646206324711e-02	1.216727569429425726e+00	3.154105246774931426e-01	-5.458394722292603425e-03	-1.401470692247815857e-03
4.198707084443905621e-12	4.320870010705131214e-01	1.428352356207062535e+01	4.466898463220685817e-02	1.571448633709202347e-01	4.823713545743155140e-02	1.218648557773381658e+00	3.146061535936237608e-01	-5.725777328673017225e-03	-1.473348070626374299e-03
4.397603609302712498e-12	4.463302526730386077e-01	1.429670443010420655e+01	4.609890621871620686e-02	1.591215630445454721e-01	4.905314422744964931e-02	1.220279460382151182e+00	3.137472864860448296e-01	-6.001360135948689660e-03	-1.547135088794739620e-03
4.605922041145112927e-12	4.609833247268286804e-01	1.431154902455214106e+01	4.756295276028475044e-02	1.609704098880351542e-01	4.982307938891911148e-02	1.221612843103502932e+00	3.128322786138819644e-01	-6.285154439726638176e-03	-1.622770523004320349e-03
4.824108704165373984e-12	4.760523543044043460e-01	1.432795095365126059e+01	4.906150496888968260e-02	1.626886752275811254e-01	5.054499686921237050e-02	1.222641997027136940e+00	3.118596076917812265e-01	-6.577161205241763460e-03	-1.700186388828908973e-03
5.052631065335679604e-12	4.915433447611311513e-01	1.434580687071719929e+01	5.059493886834023901e-02	1.642738712068111395e-01	5.121710413665553352e-02	1.223360617444838594e+00	3.108278509490464692e-01	-6.877372868060211038e-03	-1.779308535561915407e-03
5.291978735958436557e-12	5.074621394664281526e-01	1.436501652841573851e+01	5.216362343669297963e-02	1.657239459538700499e-01	5.183782029422554644e-02	1.223763244240929637e+00	3.097357201592845222e-01	-7.185773048946922370e-03	-1.860056697691500399e-03
5.542664520663095602e-12	5.238143954057996599e-01	1.438548272239832748e+01	5.376791858200328372e-02	1.670371694950231467e-01	5.240572099785279631e-02	1.223845015910135725e+00	3.085820501617330680e-01	-7.502336273677617969e-03	-1.942344567562791398e-03
5.805225516094907684e-12	5.406055559261169208e-01	1.440711119362449821e+01	5.540817319216304743e-02	1.682121591021570606e-01	5.291959020517104234e-02	1.223601733829564830e+00	3.073658061753979931e-01	-7.827027680959051589e-03	-2.026079885303495517e-03
6.080224261649427052e-12	5.578408225047677416e-01	1.442981050955599720e+01	5.708472320129370087e-02	1.692479077825339573e-01	5.337840930748470603e-02	1.223029934506236538e+00	3.060860933410161633e-01	-8.159802719810127156e-03	-2.111164546505524004e-03
6.368249944718585906e-12	5.755251255586134596e-01	1.445349193544896949e+01	5.879788964932284451e-02	1.701436863874279948e-01	5.378132446555519697e-02	1.222126677187775678e+00	3.047421440840753504e-01	-8.500606837380382877e-03	-2.197494728297667756e-03
6.669919663030115058e-12	5.936630943742546851e-01	1.447806930095194922e+01	6.054797673377758371e-02	1.708991231502023644e-01	5.412768886225908377e-02	1.220889731692774705e+00	3.033333343312641373e-01	-8.849375161438204421e-03	-2.284961035849653824e-03
6.985879746785234820e-12	6.122590261728144689e-01	1.450345886761101077e+01	6.233526983945598260e-02	1.715141677648624463e-01	5.441702494906721504e-02	1.219317505604800234e+00	3.018591806279270484e-01	-9.206032175570167189e-03	-2.373448668923858803e-03
7.316807143427207274e-12	6.313168542100532354e-01	1.452957919626297922e+01	6.416003354408758574e-02	1.719890821852239349e-01	5.464905538811310609e-02	1.217409033660065365e+00	3.003193418582781327e-01	-9.570491389505851598e-03	-2.462837609254303964e-03
7.663410868007462274e-12	6.508401151311513644e-01	1.455635101911488682e+01	6.602250960478575625e-02	1.723244192736141933e-01	5.482366543193180342e-02	1.215163937381513071e+00	2.987136168488220833e-01	-9.942655007211875090e-03	-2.553002830035863355e-03
8.026433522257174683e-12	6.708319161763495186e-01	1.458369712423311881e+01	6.792291494933178075e-02	1.725210336010163381e-01	5.494093246336748115e-02	1.212582459971195181e+00	2.970419489564301574e-01	-1.032241360652990519e-02	-2.643814531307524859e-03
8.406652885618316356e-12	6.912949006304442978e-01	1.461154223149228315e+01	6.986143960163591904e-02	1.725800670266534886e-01	5.500109335612121675e-02	1.209665442856199258e+00	2.953044254877433827e-01	-1.070964579976006401e-02	-2.735138392421740307e-03
8.804883581643446547e-12	7.122312297146403681e-01	1.463981291606965662e+01	7.183824611291814155e-02	1.725029325967842586e-01	5.500456063425913228e-02	1.206414296973749689e+00	2.935012742762765914e-01	-1.110421821916485544e-02	-2.826835924009503224e-03
9.221978823334340144e-12	7.336426463056759939e-01	1.466843761160088100e+01	7.385347685519165484e-02	1.722913086298617502e-01	5.495190693723631808e-02	1.202830985151199794e+00	2.916328554513327176e-01	-1.150598703390086526e-02	-2.918765180580600634e-03
9.658832241158709141e-12	7.555303574919881582e-01	1.469734634184920274e+01	7.590724438111838557e-02	1.719471215086280647e-01	5.484385906008848455e-02	1.198918005111314633e+00	2.896996665806323978e-01	-1.191479603715502045e-02	-3.010780684446274624e-03
1.011637979766206976e-11	7.778949385972672159e-01	1.472647052597094586e+01	7.799962383701047886e-02	1.714725409668904910e-01	5.468129236694928286e-02	1.194678397677970683e+00	2.877023465782187484e-01	-1.233047518437957631e-02	-3.102733504471401598e-03
1.059560179277614774e-11	8.007362963465709527e-01	1.475574285884656867e+01	8.013065110122907786e-02	1.708699466723939131e-01	5.446522334009911565e-02	1.190115678377948072e+00	2.856416697172563524e-01	-1.275284027944567807e-02	-3.194471626120187323e-03
1.109752496412069864e-11	8.240536345574341892e-01	1.478509723712632429e+01	8.230032100658678240e-02	1.701419948109419433e-01	5.419681678116316376e-02	1.185234005792449086e+00	2.835185586899068855e-01	-1.318169273108256261e-02	-3.285840361095578293e-03
1.162322468679854125e-11	8.478454196973110868e-01	1.481446869414294376e+01	8.450858554361549702e-02	1.692914687038843957e-01	5.387734870861991127e-02	1.180037837859265082e+00	2.813340552577660580e-01	-1.361681932100181590e-02	-3.376682777380296627e-03
1.217382727739662020e-11	8.721093472569636518e-01	1.484379333663832234e+01	8.675535216906531122e-02	1.683214009565803526e-01	5.350822849989445018e-02	1.174532232463730841e+00	2.790893425463699118e-01	-1.405799201929584796e-02	-3.466840156568078059e-03
1.275051240713012859e-11	8.968423090965018663e-01	1.487300830281344233e+01	8.904048211210904840e-02	1.672350061607909277e-01	5.309097969209743834e-02	1.168722699057639369e+00	2.767857315297503895e-01	-1.450496782932294247e-02	-3.556152473987982902e-03
1.335451562929897339e-11	9.220403623544413119e-01	1.490205173088040347e+01	9.136378877667170051e-02	1.660356745120805388e-01	5.262723372346986284e-02	1.162615194193459711e+00	2.744246593352347996e-01	-1.495748869199521949e-02	-3.644458906529839202e-03
1.398713102647241439e-11	9.476986989286576568e-01	1.493086272888351473e+01	9.372503618237190692e-02	1.647269670316094392e-01	5.211872077768727601e-02	1.156216121562712029e+00	2.720076845836323365e-01	-1.541528140431401572e-02	-3.731598350298259183e-03
1.464971398307287854e-11	9.738116176191340401e-01	1.495938136058354928e+01	9.612393754813144953e-02	1.633125971236915330e-01	5.156726243843343799e-02	1.149532298650120188e+00	2.695364839381757527e-01	-1.587805763149241142e-02	-3.817409972200491459e-03
1.534368408930013065e-11	1.000372497275375139e+00	1.498754863696759010e+01	9.856015389823270800e-02	1.617964325000236514e-01	5.097476573451932558e-02	1.142570973389053668e+00	2.670128495524033974e-01	-1.634551393186943827e-02	-3.901733765262373546e-03
1.607052818261638620e-11	1.027373772651697603e+00	1.501530651541600747e+01	1.010332928315389039e-01	1.601824782291266236e-01	5.034321278922212345e-02	1.135339794586668560e+00	2.644386834729463565e-01	-1.681733187070908256e-02	-3.984411129154850212e-03
1.683180353330955093e-11	1.054806926312223059e+00	1.504259792076622837e+01	1.035429086478234090e-01	1.584748463000383023e-01	4.967464826122493932e-02	1.127846746446076853e+00	2.618159875472760301e-01	-1.729317841139120862e-02	-4.065285493477508068e-03
1.762914118095944293e-11	1.082662581213574615e+00	1.506936686642915468e+01	1.060885115237649445e-01	1.566777731211691782e-01	4.897117497716669404e-02	1.120100191063980510e+00	2.591468543720458761e-01	-1.777270805545110716e-02	-4.144203219642627820e-03
1.846424942895546448e-11	1.110930442899354720e+00	1.509555842678646442e+01	1.086695627338754577e-01	1.547955900645955063e-01	4.823494382909172123e-02	1.112108812588976203e+00	2.564334638294294422e-01	-1.825556235747686704e-02	-4.221014024231460951e-03
1.933891750455232057e-11	1.139599230898422189e+00	1.512111870799322233e+01	1.112854688067850678e-01	1.528327072238814255e-01	4.746814167697027687e-02	1.103881594309280567e+00	2.536780784694174784e-01	-1.874136929474751537e-02	-4.295571393696209078e-03
2.025501939230666486e-11	1.168656668160749312e+00	1.514599488408837935e+01	1.139355808311224988e-01	1.507936031693168644e-01	4.667298472323509750e-02	1.095427803824850832e+00	2.508830392277621724e-01	-1.922974366869372245e-02	-4.367733172028692885e-03
2.121451784910627571e-11	1.198089473918455772e+00	1.517013522085333932e+01	1.166191940439136182e-01	1.486828444552911466e-01	4.585171704918833413e-02	1.086757054922281585e+00	2.480507664283035929e-01	-1.972028757615883893e-02	-4.437362137822659786e-03
2.221946860939528424e-11	1.227883360439024019e+00	1.519348912339839686e+01	1.193355474690642737e-01	1.465050356427345379e-01	4.500659310863993484e-02	1.077879191119728297e+00	2.451837446314596991e-01	-2.021259095145482021e-02	-4.504326577896879992e-03
2.327202478960412005e-11	1.258023033107389610e+00	1.521600717155752136e+01	1.220838238025432204e-01	1.442648131522874522e-01	4.413986988575727827e-02	1.068804279868647455e+00	2.422845164792673811e-01	-2.070623217169413957e-02	-4.568500841776050418e-03
2.437444150122221807e-11	1.288492194378978217e+00	1.523764116767036647e+01	1.248631494014342674e-01	1.419668739946188252e-01	4.325380969293633054e-02	1.059542699149598644e+00	2.393556870159894157e-01	-2.120077872543124978e-02	-4.629765880202445748e-03
2.552908068239516723e-11	1.319273552445552555e+00	1.525834417211172678e+01	1.276725946416919777e-01	1.396158776092940867e-01	4.235065140829721159e-02	1.050104889661542362e+00	2.363998958478334966e-01	-2.169578798664854175e-02	-4.688009764417380015e-03
2.673841615839943880e-11	1.350348832139212307e+00	1.527807058371064386e+01	1.305111739240951141e-01	1.372165411713431038e-01	4.143262619016972043e-02	1.040501616540956631e+00	2.334198339943013012e-01	-2.219080795873905679e-02	-4.743128174812590719e-03
2.800503894183625342e-11	1.381698793167747796e+00	1.529677614282798004e+01	1.333778468256296146e-01	1.347735356571686527e-01	4.050193187408530904e-02	1.030743702868839762e+00	2.304182180497233723e-01	-2.268537823944321088e-02	-4.795024862869194660e-03
2.933166278390048099e-11	1.413303249418096375e+00	1.531441802851665202e+01	1.362715183541013120e-01	1.322915291893891065e-01	3.956073510253137887e-02	1.020842154071237351e+00	2.273977927466234450e-01	-2.317903088646901949e-02	-4.843612079531171323e-03
3.072112998861759207e-11	1.445141094969762507e+00	1.533095489130799649e+01	1.391910401685388099e-01	1.297751513288082081e-01	3.861116082226022372e-02	1.010808070184523011e+00	2.243613197869081810e-01	-2.367129145710581556e-02	-4.888810965215379355e-03
3.217641750250735458e-11	1.477190341571614995e+00	1.534634691765810643e+01	1.421352124080879631e-01	1.272289932590728034e-01	3.765528854448623591e-02	1.000652653147716009e+00	2.213115729289821809e-01	-2.416168018498386985e-02	-4.930551911344728012e-03
3.370064329271925032e-11	1.509428201429857452e+00	1.536055588680422979e+01	1.451027897067850292e-01	1.246575704048107497e-01	3.669513734099116853e-02	9.903871057165861691e-01	2.182513179825212035e-01	-2.464971377946113471e-02	-4.968774900269440180e-03
3.529707302730657668e-11	1.541831046111105108e+00	1.537354511402363144e+01	1.480924761499942677e-01	1.220653438888952835e-01	3.573267228593885597e-02	9.800227032591196652e-01	2.151833230898326788e-01	-2.513490533944758021e-02	-5.003429630651590188e-03
3.696912707195032437e-11	1.574374395080226918e+00	1.538527945893907223e+01	1.511029223754871698e-01	1.194566912450285984e-01	3.476979098858656858e-02	9.695707224157985582e-01	2.121103456601674542e-01	-2.561676462447833383e-02	-5.034475643477334846e-03
3.872038781812557004e-11	1.607032965090672061e+00	1.539572535191007141e+01	1.541327281771693314e-01	1.168359013344346803e-01	3.380832325141146927e-02	9.590424295533485077e-01	2.090351294526940074e-01	-2.609479943815896930e-02	-5.061882519033731112e-03
4.055460735840827506e-11	1.639780722834485838e+00	1.540485085236530871e+01	1.571804448969301438e-01	1.142071684025571243e-01	3.285002653850491172e-02	9.484490666815569293e-01	2.059603970913734261e-01	-2.656851692925559297e-02	-5.085630000218210704e-03
4.247571552536894126e-11	1.672590941610041071e+00	1.541262570177837965e+01	1.602445780263652142e-01	1.115745786346923202e-01	3.189657981068752535e-02	9.378018149148549254e-01	2.028888402639517641e-01	-2.703742494588912831e-02	-5.105708063190961613e-03
4.448782831127576069e-11	1.705436264124275514e+00	1.541902137855069199e+01	1.633235901558189873e-01	1.089420989291215308e-01	3.094958058549873714e-02	9.271117624214048059e-01	1.998231130464852012e-01	-2.750103348053722224e-02	-5.122116940266200312e-03
4.659525668664686662e-11	1.738288769578594017e+00	1.542401114776860815e+01	1.664159041721998966e-01	1.063135607042022535e-01	3.001054085787818390e-02	9.163898559917110775e-01	1.967658235120009202e-01	-2.795885616646606037e-02	-5.134867087559003875e-03
4.880251583654433574e-11	1.771120040175429011e+00	1.542757013493064733e+01	1.695199059349993265e-01	1.036926899674320834e-01	2.908089135787793322e-02	9.056469885805845665e-01	1.937195353894857197e-01	-2.841041158810634487e-02	-5.143979073654331678e-03
5.111433483440165318e-11	1.803901239183273608e+00	1.542967535265256451e+01	1.726339483623031690e-01	1.010830420719998762e-01	2.816196740470067184e-02	8.948938036399536333e-01	1.906867466777754649e-01	-2.885522495698631881e-02	-5.149483445811431880e-03
5.353566677410718816e-11	1.836603181585220845e+00	1.543030578142262144e+01	1.757563540347556463e-01	9.848804731776794608e-02	2.725501987298707685e-02	8.841408267351382744e-01	1.876698990206253914e-01	-2.929282935842079938e-02	-5.151420504556792485e-03
5.607169938205469661e-11	1.869196419049623969e+00	1.542944239436794085e+01	1.788854196094600835e-01	9.591096998950973673e-02	2.636120423767980558e-02	8.733983376001119847e-01	1.846713593375864382e-01	-2.972276743583530251e-02	-5.149840061225677453e-03
5.872786613189488850e-11	1.901651316891298515e+00	1.542706822103980002e+01	1.820194188773466282e-01	9.335492999641326062e-02	2.548158870903336620e-02	8.626764298590241520e-01	1.816934254982361385e-01	-3.014459264721575452e-02	-5.144801104702578266e-03
6.150985788580503926e-11	1.933938147944427310e+00	1.542316837311989630e+01	1.851566077329651061e-01	9.082287502741130669e-02	2.461714681937371765e-02	8.519849179866657574e-01	1.787383114396085548e-01	-3.055787090414521096e-02	-5.136371448011173117e-03
6.442363508721370414e-11	1.966027220220013305e+00	1.541773004535522240e+01	1.882952325822554451e-01	8.831758910793276185e-02	2.376876088527892644e-02	8.413333505948866753e-01	1.758081436958182642e-01	-3.096218239036615735e-02	-5.124627269126357139e-03
6.747544053110686101e-11	1.997888839814617290e+00	1.541074244750226718e+01	1.914335237786725097e-01	8.584168085722547470e-02	2.293722212933148319e-02	8.307309735878809498e-01	1.729049624114653294e-01	-3.135712115183510174e-02	-5.109652619573220103e-03
7.067181273927477085e-11	2.029493328780173300e+00	1.540219677087302408e+01	1.945696939087011301e-01	8.339760787934319408e-02	2.212323879109085248e-02	8.201868015613763552e-01	1.700307298086219943e-01	-3.174229551749802036e-02	-5.091538954100397266e-03
7.401959996915652408e-11	2.060811114048221260e+00	1.539208619717604520e+01	1.977019423385986963e-01	8.098764943737066235e-02	2.132743021760908839e-02	8.097095199128587772e-01	1.671873164763908459e-01	-3.211732933388774386e-02	-5.070384618908802508e-03
7.752597488629464062e-11	2.091812820152949559e+00	1.538040590559018561e+01	2.008284601177341977e-01	7.861391493053103419e-02	2.055033314380566925e-02	7.993074979102404720e-01	1.643765035150534237e-01	-3.248186327896800812e-02	-5.046294325134315951e-03
8.119844993184008328e-11	2.122469366273256330e+00	1.536715308496693844e+01	2.039474352193893780e-01	7.627835430206358902e-02	1.979240389353911084e-02	7.889888085828866693e-01	1.615999792850673356e-01	-3.283555622862881218e-02	-5.019378601870750842e-03
8.504489341802668113e-11	2.152752052776298441e+00	1.535232695967455641e+01	2.070570565927533080e-01	7.398274050046836636e-02	1.905401814196538979e-02	7.787611577618289704e-01	1.588593333796185780e-01	-3.317808620645649326e-02	-4.989753196584133070e-03
8.907354638610458163e-11	2.182632661972005561e+00	1.533592878981371577e+01	2.101555199349197656e-01	7.172867362457197027e-02	1.833547461999269004e-02	7.686318802784084525e-01	1.561560550954898541e-01	-3.350915182023135597e-02	-4.957538508637762166e-03
9.329304026284695888e-11	2.212083541103909479e+00	1.531796189941113262e+01	2.132410314220944403e-01	6.951760394515239805e-02	1.763700104499948615e-02	7.586080017148248977e-01	1.534915364909123503e-01	-3.382847296514553126e-02	-4.922858944823881033e-03
9.771241535346501225e-11	2.241077694951525867e+00	1.529843166099822760e+01	2.163118130178618981e-01	6.735080206463418817e-02	1.695875239517250985e-02	7.486961212433544954e-01	1.508670636574787616e-01	-3.413579199384180612e-02	-4.885842323900682800e-03
1.023411402105452712e-10	2.269588870032418715e+00	1.527734551878617353e+01	2.193661065303444957e-01	6.522938990119782343e-02	1.630081894716087915e-02	7.389024989475104777e-01	1.482838229362134219e-01	-3.443087443689168275e-02	-4.846619244344583556e-03
1.071891319205126445e-10	2.297591636439151319e+00	1.525471297449898422e+01	2.224021780620357991e-01	6.315432646039698117e-02	1.566322675119635396e-02	7.292329899769456336e-01	1.457428960748853586e-01	-3.471350975120384569e-02	-4.805322463628127969e-03
1.122667773510811312e-10	2.325061465768985869e+00	1.523054557461086667e+01	2.254183222027114353e-01	6.112642953019762487e-02	1.504594445845077594e-02	7.196931016351643118e-01	1.432452651860761095e-01	-3.498351192862984155e-02	-4.762086277883878678e-03
1.175849554052158201e-10	2.351974820982557723e+00	1.520485689795530782e+01	2.284128675306764944e-01	5.914635118700280192e-02	1.444888175388775800e-02	7.102878882389156434e-01	1.407918044124144841e-01	-3.524072013593836789e-02	-4.717045900208848008e-03
1.231550603292826197e-10	2.378309328711630144e+00	1.517766234573345585e+01	2.313841933329919276e-01	5.721460783240262665e-02	1.387189673600042195e-02	7.010220270769322859e-01	1.383832798688805488e-01	-3.548499990485294575e-02	-4.670336622820237850e-03
1.289890261253308184e-10	2.404043646072580920e+00	1.514897906395128402e+01	2.343307150611029510e-01	5.533157127357330590e-02	1.331479936403762512e-02	6.918997828933780569e-01	1.360203597358699001e-01	-3.571624108879419696e-02	-4.622093404475098241e-03
1.350993521198024986e-10	2.429157389968624958e+00	1.511882598936350419e+01	2.372508740194176624e-01	5.349749290023576159e-02	1.277735857496222101e-02	6.829250868535200469e-01	1.337036279897199087e-01	-3.593435665382518213e-02	-4.572450531452005272e-03
1.414991297434578731e-10	2.453631190585987554e+00	1.508722367528290143e+01	2.401431426644146938e-01	5.171251220656124248e-02	1.225930622847234627e-02	6.741015491385550229e-01	1.314335856128309443e-01	-3.613928277913612541e-02	-4.521541046232424588e-03
1.482020705798860072e-10	2.477446756401832317e+00	1.505419431161150889e+01	2.430060282918587167e-01	4.997663956237231864e-02	1.176033830056562486e-02	6.654323773930991281e-01	1.292106482945586110e-01	-3.633097900211736814e-02	-4.469496297164275711e-03
1.552225357427047968e-10	2.500586933135821255e+00	1.501976166650153210e+01	2.458380775724654244e-01	4.828978960996351683e-02	1.128012038491305220e-02	6.569204810228246316e-01	1.270351511116686316e-01	-3.650942833114196456e-02	-4.416445480031922811e-03
1.625755666443793407e-10	2.523035754160892541e+00	1.498395103209441537e+01	2.486378804518291907e-01	4.665177466289288644e-02	1.081829146678406177e-02	6.485684298391632963e-01	1.249073511180357060e-01	-3.667463717003188045e-02	-4.362515207066868829e-03
1.702769172225897821e-10	2.544778489618185535e+00	1.494678920389798726e+01	2.514040736263086218e-01	4.506228769782381904e-02	1.037445964218747414e-02	6.403783706226335859e-01	1.228274162187913271e-01	-3.682663512646243420e-02	-4.307829105069042874e-03
1.783430876931905687e-10	2.565801693237010905e+00	1.490830442777062004e+01	2.541353445782042475e-01	4.352096643186115915e-02	9.948220340878114604e-03	6.323522539099786233e-01	1.207954534544457281e-01	-3.696547512481040271e-02	-4.252507512543368846e-03
1.867913599020784805e-10	2.586093224534535828e+00	1.486852635545492873e+01	2.568304333048758714e-01	4.202734905553194567e-02	9.539145796682954592e-03	6.244916506852521421e-01	1.188114884741578725e-01	-3.709123248940405376e-02	-4.196667082363163444e-03
1.956398343517064725e-10	2.605642299162079123e+00	1.482748601369055841e+01	2.594881368592234505e-01	4.058088199320207534e-02	9.146790930694178104e-03	6.167977624861650243e-01	1.168754723090633246e-01	-3.720400529523179567e-02	-4.140420583052972781e-03
2.049074689815846066e-10	2.624439488080629435e+00	1.478521576705885465e+01	2.621073091725831250e-01	3.918096615725299992e-02	8.770702188920436598e-03	6.092715901084058139e-01	1.149872966165052662e-01	-3.730391290721144643e-02	-4.083876565879700909e-03
2.146141197858401440e-10	2.642476755303459157e+00	1.474174925585466589e+01	2.646868654010429700e-01	3.782692065798879538e-02	8.410413171003407878e-03	6.019137752824925691e-01	1.131467829189879704e-01	-3.739109621785478149e-02	-4.027139230397666983e-03
2.247805833548729991e-10	2.659747472752634234e+00	1.469712128823140063e+01	2.672257851215457114e-01	3.651800905880160653e-02	8.065450258825599891e-03	5.947246894440271214e-01	1.113536908919481316e-01	-3.746571653928353757e-02	-3.970308139825904845e-03
2.354286414322420067e-10	2.676246571324553347e+00	1.465136728941919131e+01	2.697231377558864107e-01	3.525342918025396038e-02	7.735331287594345712e-03	5.877043615681131206e-01	1.096077040307646827e-01	-3.752795520357531112e-02	-3.913477521518592475e-03
2.465811075822603842e-10	2.691970307116325234e+00	1.460452337001323642e+01	2.721780587654696326e-01	3.403232942319601301e-02	7.419570990077568005e-03	5.808525497509323676e-01	1.079084504228983998e-01	-3.757801068920712390e-02	-3.856736567968402276e-03
2.582618760682674929e-10	2.706916072627828296e+00	1.455662652927028944e+01	2.745897274979184899e-01	3.285382507353316189e-02	7.117685574123571064e-03	5.741688144299845753e-01	1.062555212866071047e-01	-3.761609668830500491e-02	-3.800169840332155366e-03
2.704959730463131364e-10	2.721082386391367791e+00	1.450771452924356275e+01	2.769573689772460989e-01	3.171700705242856688e-02	6.829195034640755252e-03	5.676525452901132196e-01	1.046484747843364760e-01	-3.764244116552915159e-02	-3.743857188552627245e-03
2.833096101839318258e-10	2.734468899806822950e+00	1.445782585499630102e+01	2.792802560760535013e-01	3.062093093517262443e-02	6.553621860690824093e-03	5.613029054130113105e-01	1.030868325619038184e-01	-3.765728566627681712e-02	-3.687873729383223890e-03
2.967302408188872501e-10	2.747076387912368300e+00	1.440699962028006453e+01	2.815577113137668341e-01	2.956464008095505136e-02	6.290495298026946118e-03	5.551189199046983047e-01	1.015700878579654381e-01	-3.766088447171538761e-02	-3.632289830851715903e-03
3.107866187782014063e-10	2.758906743261130057e+00	1.435527547967489603e+01	2.837891090941243588e-01	2.854715560375738898e-02	6.039350417361655406e-03	5.490994252453209601e-01	1.000977030840567578e-01	-3.765350380061491947e-02	-3.577171110588694969e-03
3.255088599835056406e-10	2.769962973224604941e+00	1.430269362159848789e+01	2.859738769241189638e-01	2.756748566875007189e-02	5.799729714967254667e-03	5.432431016662268020e-01	9.866911312084460095e-02	-3.763542119368204486e-02	-3.522578518487905555e-03
3.409285069746807543e-10	2.780249180713694201e+00	1.424929471209754261e+01	2.881114960522322410e-01	2.662462618703334907e-02	5.571183510812251390e-03	5.375484699430516100e-01	9.728372648660341127e-02	-3.760692441489305038e-02	-3.468568369515393109e-03
3.570785964900469852e-10	2.789770544318070922e+00	1.419511981639881348e+01	2.902015026706286083e-01	2.571757074675019503e-02	5.353272042603079116e-03	5.320139290515147890e-01	9.594093006148621261e-02	-3.756831074934091630e-02	-3.415192445182322917e-03
3.739937302478801677e-10	2.798533307859934371e+00	1.414021040588903766e+01	2.922434885297462981e-01	2.484530364555626730e-02	5.145564313427383914e-03	5.266377204972543247e-01	9.464008714830679514e-02	-3.751988624458411914e-02	-3.362498105422172517e-03
3.917101490809260641e-10	2.806544748506611509e+00	1.408460829921449431e+01	2.942371007811127037e-01	2.400681297330415145e-02	4.947640346750459620e-03	5.214179825094452658e-01	9.338054335283058061e-02	-3.746196471667721101e-02	-3.310528404609323558e-03
4.102658105827190344e-10	2.813813134547817896e+00	1.402835555315513538e+01	2.961820419249628911e-01	2.320108850547164189e-02	4.759090928794032678e-03	5.163527377058995116e-01	9.216162703255431632e-02	-3.739486668089724020e-02	-3.259322200799955483e-03
4.297004704320835313e-10	2.820347727991633580e+00	1.397149445468715001e+01	2.980780725021848210e-01	2.242712114555948932e-02	4.579517338356000299e-03	5.114398855058014393e-01	9.098264856310205040e-02	-3.731891875369124090e-02	-3.208914278941797388e-03
4.500557675700488183e-10	2.826158788769757901e+00	1.391406642164737306e+01	2.999250376233539295e-01	2.168389981837452046e-02	4.408530201977491937e-03	5.066771655544214381e-01	8.984288800183222456e-02	-3.723445061976373566e-02	-3.159334682076557314e-03
4.713753134116729086e-10	2.831257377009418263e+00	1.385611236489922149e+01	3.017228417380336536e-01	2.097042089663988390e-02	4.245751755040267153e-03	5.020622164289774148e-01	8.874161159776036700e-02	-3.714179388234995632e-02	-3.110609441660273315e-03
4.937047852839003559e-10	2.835655169317660373e+00	1.379767323153547132e+01	3.034714200178322829e-01	2.028569688872197338e-02	4.090817467344824362e-03	4.975926354115457473e-01	8.767808814111470450e-02	-3.704128141668767277e-02	-3.062761370224123276e-03
5.170920242896755486e-10	2.839364430432362418e+00	1.373878999739778983e+01	3.051707375417691548e-01	1.962875864975556842e-02	3.943376477389452794e-03	4.932659895174873466e-01	8.665159138125229366e-02	-3.693324671035774776e-02	-3.015810244453261731e-03
5.415871378079465267e-10	2.842397983502084724e+00	1.367950351424520861e+01	3.068207915992339774e-01	1.899866682428374628e-02	3.803093283725411666e-03	4.890798689908998353e-01	8.566140438165051330e-02	-3.681802322096592445e-02	-2.969772892458534021e-03
5.672426068491988835e-10	2.844769172764542109e+00	1.361985446793799071e+01	3.084216108405645751e-01	1.839448653460568073e-02	3.669642165279942813e-03	4.850317687107643660e-01	8.470680746613358514e-02	-3.669594354532874914e-02	-2.924663349948934503e-03
5.941133984965039838e-10	2.846491862802015049e+00	1.355988340203462705e+01	3.099732569283877304e-01	1.781531313961770904e-02	3.542712312332650573e-03	4.811192102279299165e-01	8.378709107345574947e-02	-3.656733921509434937e-02	-2.880493016672897467e-03
6.222570836730231313e-10	2.847580390538938300e+00	1.349963060546317450e+01	3.114758241853364806e-01	1.726026209872799644e-02	3.422005133450048853e-03	4.773396955011130482e-01	8.290155049713342217e-02	-3.643253985825282287e-02	-2.837270782898248210e-03
6.517339604882420571e-10	2.848049549570824013e+00	1.343913610283569504e+01	3.129294404668712115e-01	1.672847207076280651e-02	3.307234575517006923e-03	4.736907228362494671e-01	8.204948742733254863e-02	-3.629187284616628567e-02	-2.795003176524571333e-03
6.826071834272379248e-10	2.847914560421783037e+00	1.337843960903165552e+01	3.143342673400455478e-01	1.621909867699642890e-02	3.198125557146020738e-03	4.701697579625045420e-01	8.123020699079738782e-02	-3.614566289953498324e-02	-2.753694521352950935e-03
7.149428986597561750e-10	2.847191059085350862e+00	1.331758066006013230e+01	3.156904981293870982e-01	1.573132501835103336e-02	3.094415456392786944e-03	4.667742888600228124e-01	8.044302330823943636e-02	-3.599423156378748351e-02	-2.713347112081117025e-03
7.488103857590030225e-10	2.845895022776847583e+00	1.325659829321487138e+01	3.169983595950043864e-01	1.526435369623034208e-02	2.995852649307965705e-03	4.635017875974186685e-01	7.968725616816879631e-02	-3.583789623204136632e-02	-2.673961237999194444e-03
7.842822061337681836e-10	2.844042832164184631e+00	1.319553129435970185e+01	3.182581154179796590e-01	1.481740588403486145e-02	2.902195508443713122e-03	4.603497049789761486e-01	7.896222804748309620e-02	-3.567697249070469340e-02	-2.635535621382184904e-03
8.214343584919422200e-10	2.841651099175213524e+00	1.313441798245220760e+01	3.194700545099283251e-01	1.438973796113059492e-02	2.813215492341774107e-03	4.573155649073997742e-01	7.826727764195341719e-02	-3.551176786778989514e-02	-2.598067005697425949e-03
8.603464416684491388e-10	2.838736694451343467e+00	1.307329502140006916e+01	3.206345254883520846e-01	1.398060685045722160e-02	2.728690041908140781e-03	4.543967675637827774e-01	7.760172900721276634e-02	-3.534258413558682976e-02	-2.561550133143641623e-03
9.011018251665036851e-10	2.835316563184804739e+00	1.301219783614523884e+01	3.217519090114494551e-01	1.358929754497538965e-02	2.648407725351303518e-03	4.515907496005284183e-01	7.696491645799428960e-02	-3.516971411798396757e-02	-2.525978003387918756e-03
9.437878277775391497e-10	2.831407725661409636e+00	1.295116154630538396e+01	3.228225971715319442e-01	1.321511945318741901e-02	2.572167285626301026e-03	4.488949839456320423e-01	7.635619070247012807e-02	-3.499344472980281395e-02	-2.491342697831401727e-03
9.884959046625586031e-10	2.827027232908797760e+00	1.289022086137657830e+01	3.238469927148144301e-01	1.285740988671826845e-02	2.499778100661148496e-03	4.463070015639686305e-01	7.577492117055371901e-02	-3.481405645605237242e-02	-2.457635449481680723e-03
1.035321843295661502e-09	2.822192160109417980e+00	1.282941008169961172e+01	3.248255099166034721e-01	1.251552471985691375e-02	2.431057648647243045e-03	4.438243461461554018e-01	7.522048953058309284e-02	-3.463182332964765547e-02	-2.424846728283290478e-03
1.084365968689608688e-09	2.816919567849629491e+00	1.276876298374694407e+01	3.257585746671380900e-01	1.218885872268328681e-02	2.365836040881916409e-03	4.414446824090766386e-01	7.469230281190372689e-02	-3.444701251745223985e-02	-2.392966296075205862e-03
1.135733358343102889e-09	2.811226521432177883e+00	1.270831292021208725e+01	3.266466257869649059e-01	1.187681490202218727e-02	2.303948585411256904e-03	4.391656399654261800e-01	7.418977317696591467e-02	-3.425988458692664357e-02	-2.361983297700298665e-03
1.189534067370320724e-09	2.805130039434341249e+00	1.264809264861261617e+01	3.274901150555784013e-01	1.157882562729147836e-02	2.245240476249671553e-03	4.369849256064865517e-01	7.371233140816833840e-02	-3.407069308443044786e-02	-2.331886305514726827e-03
1.245883364295008068e-09	2.798647103992501606e+00	1.258813440205248213e+01	3.282895081823294925e-01	1.129434583200032878e-02	2.189564872319325461e-03	4.349002906609460428e-01	7.325942187299930297e-02	-3.387968469124166826e-02	-2.302663390838297856e-03
1.304901978014401580e-09	2.791794642926059833e+00	1.252846990655880433e+01	3.290452838045067607e-01	1.102285029042773985e-02	2.136782131925305580e-03	4.329095204573885081e-01	7.283050129789019056e-02	-3.368709919118013235e-02	-2.274302221045400915e-03
1.366716356462010101e-09	2.784589510966764880e+00	1.246913023082561267e+01	3.297579367206424639e-01	1.076383494256795414e-02	2.086760023393842856e-03	4.310104417860322612e-01	7.242503867660286809e-02	-3.349316937604729372e-02	-2.246790038327604790e-03
1.431458937523481393e-09	2.777048493029256271e+00	1.241014597523225760e+01	3.304279747979572135e-01	1.051681391857339949e-02	2.039372573258773150e-03	4.292009123073958765e-01	7.204251362657954072e-02	-3.329812136178399856e-02	-2.220113828583468452e-03
1.499268432786047049e-09	2.769188270146297537e+00	1.235154707505916427e+01	3.310559215454574877e-01	1.028132239543438561e-02	1.994500705779226474e-03	4.274788365377005239e-01	7.168241769237386485e-02	-3.310217409127377830e-02	-2.194260261222172759e-03
1.570290124729377524e-09	2.761025411397274532e+00	1.229336283782671480e+01	3.316423155671740508e-01	1.005691611059561508e-02	1.952031960147255661e-03	4.258421665108623189e-01	7.134425417507983536e-02	-3.290553961998696902e-02	-2.169215794506903789e-03
1.644676177994662829e-09	2.752576206149905502e+00	1.223562093273543816e+01	3.321877191007749364e-01	9.843158641956730251e-03	1.911857596830934380e-03	4.242888299299388821e-01	7.102752701010321690e-02	-3.270841955382383648e-02	-2.144966293425486920e-03
1.722585965398783835e-09	2.743856627022577488e+00	1.217834763142511889e+01	3.326927086485739760e-01	9.639637503552995687e-03	1.873875913679728987e-03	4.228168254786680569e-01	7.073175409329400531e-02	-3.251100574282991124e-02	-2.121497269425370868e-03
1.804186409392068039e-09	2.734882475983798855e+00	1.212156890915493257e+01	3.331578638293298256e-01	9.445949864740536481e-03	1.837988987660153783e-03	4.214241572312026896e-01	7.045646224567217453e-02	-3.231348439979315340e-02	-2.098794455790441594e-03
1.889652339691211477e-09	2.725669305153618716e+00	1.206531017024692787e+01	3.335837660449353370e-01	9.261722324142376145e-03	1.804106735843468388e-03	4.201089444724552813e-01	7.020119978280336959e-02	-3.211603428537972843e-02	-2.076843631364435217e-03
1.979166867853557524e-09	2.716232447838298647e+00	1.200959636255950080e+01	3.339709998566288141e-01	9.086589544985982508e-03	1.772142236327510284e-03	4.188693082699537773e-01	6.996552263231210766e-02	-3.191882818128825156e-02	-2.055630797749002838e-03
2.072921779595369695e-09	2.706587002753078508e+00	1.195445187409189280e+01	3.343201546361898036e-01	8.920207207744173736e-03	1.742014375786718645e-03	4.177034422729002938e-01	6.974900166344327745e-02	-3.172203250202947078e-02	-2.035142101892350227e-03
2.171117945694509622e-09	2.696747838259648145e+00	1.189990053777403567e+01	3.346318256713670669e-01	8.762245449745636669e-03	1.713646313234354563e-03	4.166095787291447250e-01	6.955121798445886017e-02	-3.152580743579484757e-02	-2.015363846576591865e-03
2.273965752357932151e-09	2.686729569844133803e+00	1.184596561845898322e+01	3.349066124138285194e-01	8.612389785930455940e-03	1.686965572636614247e-03	4.155859968696234974e-01	6.937176401681729998e-02	-3.133030691117472816e-02	-1.996282528197464764e-03
2.381685551976160644e-09	2.676546583435332138e+00	1.179266983394892065e+01	3.351451213990394584e-01	8.470339186905762041e-03	1.661903547686870413e-03	4.146310122281714472e-01	6.921024110361975734e-02	-3.113567911514329711e-02	-1.977884845097186307e-03
2.494508135230316413e-09	2.666213005699796579e+00	1.174003522806327027e+01	3.353479667461624070e-01	8.335804406266168753e-03	1.638394959905956636e-03	4.137429689816004563e-01	6.906625783312585198e-02	-3.094206601616176361e-02	-1.960157633132279375e-03
2.612675225563326382e-09	2.655742706072114157e+00	1.168808325634211975e+01	3.355157685329460682e-01	8.208517129458648906e-03	1.616380122191734105e-03	4.129202927574421866e-01	6.893943743996926166e-02	-3.074960336907138145e-02	-1.943087894954276295e-03
2.736439997074666368e-09	2.645149370649066078e+00	1.163683486176906712e+01	3.356491604681379193e-01	8.088209490593547407e-03	1.595799706015356813e-03	4.121613748350141937e-01	6.882939954666593418e-02	-3.055842446618237118e-02	-1.926663134826449818e-03
2.866067616948244470e-09	2.634446323468845552e+00	1.158631011738419225e+01	3.357487780620264650e-01	7.974634222234358930e-03	1.576599724215619475e-03	4.114646925066370864e-01	6.873577932340003971e-02	-3.036865204519609285e-02	-1.910870528405413452e-03
3.001835813575592210e-09	2.623646701481153087e+00	1.153652859553575816e+01	3.358152705639609881e-01	7.867550876086598297e-03	1.558728305192789770e-03	4.108287262280717056e-01	6.865821356930827679e-02	-3.018040699689185716e-02	-1.895697827722493851e-03
3.144035471591500167e-09	2.612763228260077231e+00	1.148750856505534479e+01	3.358492958256836247e-01	7.766727965583124053e-03	1.542135910066958892e-03	4.102519765610286862e-01	6.859634324240963810e-02	-2.999380166207595358e-02	-1.881132695270257152e-03
3.292971255097148186e-09	2.601808251482077061e+00	1.143926723114146782e+01	3.358515184127298103e-01	7.671947758709118242e-03	1.526776521523063538e-03	4.097329930733946690e-01	6.854981768509597895e-02	-2.980894188335680636e-02	-1.867162936442847646e-03
3.448962260405766611e-09	2.590793850431029277e+00	1.139182127937188049e+01	3.358226076989898057e-01	7.583000645053802370e-03	1.512606351646629240e-03	4.092703463042562384e-01	6.851829146167789930e-02	-2.962592896454831204e-02	-1.853776657584210513e-03
3.612342699709437910e-09	2.579731844552146658e+00	1.134518692540772022e+01	3.357632376103354410e-01	7.499685324797786615e-03	1.499583628220210090e-03	4.088626301375508643e-01	6.850142378607956828e-02	-2.944485996203278361e-02	-1.840962287403978678e-03
3.783462617131932968e-09	2.568633792592194265e+00	1.129937985305200243e+01	3.356740884047745843e-01	7.421811480082110730e-03	1.487669374212579818e-03	4.085084760339850463e-01	6.849888014219988885e-02	-2.926582783916746588e-02	-1.828708544156433307e-03
3.962688638701478467e-09	2.557510957148295017e+00	1.125441508043731176e+01	3.355558460525006614e-01	7.349200282637612276e-03	1.476827217113531798e-03	4.082065572312271184e-01	6.851033188363102322e-02	-2.908892100485500551e-02	-1.817004400060090409e-03
4.150404757850472502e-09	2.546374344833932657e+00	1.121030711239552247e+01	3.354092029416444465e-01	7.281678650621368175e-03	1.467022517695499000e-03	4.079555577397566135e-01	6.853545331081753456e-02	-2.891422395822392313e-02	-1.805839103487675949e-03
4.347013158125017173e-09	2.535234692705038650e+00	1.116706978948579909e+01	3.352348605643624135e-01	7.219079001514774191e-03	1.458221713209061250e-03	4.077541696929050663e-01	6.857391865024273225e-02	-2.874181746482602079e-02	-1.795202156500503177e-03
4.552935074866938773e-09	2.524102450357132543e+00	1.112471634775095986e+01	3.350335252820832999e-01	7.161246117119508120e-03	1.450394316040114684e-03	4.076011348277970292e-01	6.862540945603699816e-02	-2.857177769799473105e-02	-1.785083261660189201e-03
4.768611697714474181e-09	2.512987825273574227e+00	1.108325938037823910e+01	3.348059153405008037e-01	7.108027961330538880e-03	1.443510467395308717e-03	4.074951895374835376e-01	6.868960465231023493e-02	-2.840417810348235331e-02	-1.775472402917738180e-03
4.994505115855140358e-09	2.501900731832550573e+00	1.104271081835208967e+01	3.345527545311460793e-01	7.059282091552830478e-03	1.437542678165946346e-03	4.074351054150360252e-01	6.876618792390654100e-02	-2.823908762784986190e-02	-1.766359738994601304e-03
5.231099308056257792e-09	2.490850821875191912e+00	1.100308186903065533e+01	3.342747778832353411e-01	7.014870521315910018e-03	1.432464403455970502e-03	4.074196572805241501e-01	6.885484126251413539e-02	-2.807657193915865171e-02	-1.757735618294156395e-03
5.478901179593956120e-09	2.479847480259492976e+00	1.096438307119582944e+01	3.339727291572059942e-01	6.974661066923332382e-03	1.428250409231154438e-03	4.074476330018130810e-01	6.895524685405036991e-02	-2.791669313822964932e-02	-1.749590580119789966e-03
5.738441648302404521e-09	2.468899816490587540e+00	1.092662424018970313e+01	3.336473610685862790e-01	6.938525434723685076e-03	1.424876282769586226e-03	4.075178234109692044e-01	6.906708542461499623e-02	-2.775950986055561107e-02	-1.741915336556012139e-03
6.010276782070388176e-09	2.458016619930644353e+00	1.088981428576781063e+01	3.332994344157289013e-01	6.906343946116492993e-03	1.422319655253851626e-03	4.076290489356799718e-01	6.919004001232147150e-02	-2.760507665962081206e-02	-1.734700722406824292e-03
6.294988990221888141e-09	2.447206371085672849e+00	1.085396127216006690e+01	3.329297173044989400e-01	6.878000818544660437e-03	1.420558998093123275e-03	4.077801350354657295e-01	6.932379257443933851e-02	-2.745344445767370842e-02	-1.727937724602664682e-03
6.593188271333541710e-09	2.436477306614300176e+00	1.081907265013414765e+01	3.325389863655058287e-01	6.853382442183588233e-03	1.419573054786707434e-03	4.079699022976243650e-01	6.946802174053938461e-02	-2.730466129840970410e-02	-1.721617491827648208e-03
6.905513520162316861e-09	2.425837405067337471e+00	1.078515518821756736e+01	3.321280264125016091e-01	6.832383156673955960e-03	1.419342447707922037e-03	4.081971980659810373e-01	6.962240747455443468e-02	-2.715877251068632425e-02	-1.715731348169175635e-03
7.232633896483518810e-09	2.415294403802523693e+00	1.075221500235499583e+01	3.316976312828622819e-01	6.814894756538888120e-03	1.419846870887884159e-03	4.084608396489455839e-01	6.978662245377077744e-02	-2.701582077547657126e-02	-1.710270760468507456e-03
7.575250258771920716e-09	2.404855771134509101e+00	1.072025745557736620e+01	3.312486025112508226e-01	6.800823207712797594e-03	1.421069408524101548e-03	4.087597051994378283e-01	6.996034492856140208e-02	-2.687584584032060367e-02	-1.705227312615511083e-03
7.934096665797492339e-09	2.394528736009962522e+00	1.068928721939445836e+01	3.307817508571175291e-01	6.790068402474909968e-03	1.422991490991457530e-03	4.090926242070990204e-01	7.014324339202013259e-02	-2.673888519957032250e-02	-1.700592733689215621e-03
8.309941949353386453e-09	2.384320252695017572e+00	1.065930818325501406e+01	3.302978935419995654e-01	6.782536076569172477e-03	1.425595677782001084e-03	4.094584438299508355e-01	7.033498554431859284e-02	-2.660497313831788196e-02	-1.696358822201206448e-03
8.703591361485183753e-09	2.374237048014764984e+00	1.063032353981688871e+01	3.297978573918725065e-01	6.778139664429748933e-03	1.428866212087065565e-03	4.098560360770642230e-01	7.053523850369487758e-02	-2.647414178796654582e-02	-1.692517470832234899e-03
9.115888299750837812e-09	2.364285564606771306e+00	1.060233562491432124e+01	3.292824751568654285e-01	6.776790338657347375e-03	1.432786688124107954e-03	4.102842480431136973e-01	7.074366337672718941e-02	-2.634642028933293148e-02	-1.689060638136631902e-03
9.547716114208065503e-09	2.354472014387705592e+00	1.057534603344515034e+01	3.287525885040162854e-01	6.778399830701625599e-03	1.437340552591592118e-03	4.107419146871302273e-01	7.095991544671488571e-02	-2.622183570827967686e-02	-1.685980364789424046e-03
1.000000000000000021e-08	2.344802331121333960e+00	1.054935550595297400e+01	3.282090440709847234e-01	6.782887138914157552e-03	1.442512760554861238e-03	4.112278976839314204e-01	7.118365024272474417e-02	-2.610041191600584801e-02	-1.683268689955838907e-03
