# Pressure Mass Radius Compactness k2 k3 h2 h3 j2 j3
9.999999999999999799e-13	8.471221278679987032e-02	1.798108507034881143e+01	6.956653389861612753e-03	1.928137884924229287e-02	5.162798100802715694e-03	1.018429424683971796e+00	3.276199605231820966e-01	-1.738631137635674806e-04	-3.349079224146830306e-05
1.047370897959448749e-12	8.526738626864045767e-02	1.765902740592351350e+01	7.129948699355370158e-03	1.949419130436123512e-02	5.080047317166105740e-03	1.018364189730586178e+00	3.274257807184421387e-01	-1.796619449411331938e-04	-3.459980894530458040e-05
1.096985797892381920e-12	8.592610041460498060e-02	1.733011588460336228e+01	7.321395548987819253e-03	1.975837848208543066e-02	5.214730994667461129e-03	1.018352777983240198e+00	3.272159397098701183e-01	-1.863330092633653362e-04	-3.587908505349828150e-05
1.148951000187311009e-12	8.670078466587072263e-02	1.699575631996882663e+01	7.532736353171452966e-03	2.008126814068543139e-02	5.273714252339577711e-03	1.018403986198924027e+00	3.269893451468456336e-01	-1.940074089751152764e-04	-3.735472316273392773e-05
1.203377840777590522e-12	8.760432210087024107e-02	1.665757347001230926e+01	7.765761185708557404e-03	2.047080762081416802e-02	5.344400133670008241e-03	1.018529662764642074e+00	3.267449553821164532e-01	-2.028331495657880866e-04	-3.905636270249144063e-05
1.260382929679727463e-12	8.864993426186924819e-02	1.631737889553658505e+01	8.022288105276369902e-03	2.093558403362433956e-02	5.439692525763531981e-03	1.018742415191490336e+00	3.264818101679254347e-01	-2.129769919171966566e-04	-4.101763292692197705e-05
1.320088400831416649e-12	8.985104912563580959e-02	1.597712794325823005e+01	8.304140231185839355e-03	2.148479846387615216e-02	5.562005217404456490e-03	1.019056459293368189e+00	3.261990716794213596e-01	-2.246263751933040380e-04	-4.327665838110818718e-05
1.382622173764653478e-12	9.122115437473660160e-02	1.563886777072810830e+01	8.613119866140229661e-03	2.212825154047708132e-02	5.697269565613401199e-03	1.019487070708733567e+00	3.258960632832171300e-01	-2.379912764002108572e-04	-4.587657756507824161e-05
1.448118227674535917e-12	9.277363828294055148e-02	1.530467924964268356e+01	8.950980095154765018e-03	2.287628127239159370e-02	5.853267719916751752e-03	1.020051293916450552e+00	3.255723109610888510e-01	-2.533059450912922284e-04	-4.886607604914861643e-05
1.516716888470924089e-12	9.452161969007380482e-02	1.497661633335353670e+01	9.319394272529195333e-03	2.373965770673193421e-02	6.040351398551723101e-03	1.020767108377594212e+00	3.252275872827701808e-01	-2.708303229534461112e-04	-5.229992878044509237e-05
1.588565129428052692e-12	9.647776793393825212e-02	1.465664660769232341e+01	9.719923923448239855e-03	2.472944856885612303e-02	6.262543712229244955e-03	1.021653978050176992e+00	3.248619514467434022e-01	-2.908509510698328014e-04	-5.623947275907003181e-05
1.663816886076127415e-12	9.865411198569865037e-02	1.434659670177119750e+01	1.015398545013248589e-02	2.585681691748567892e-02	6.511132581695145381e-03	1.022731984159467533e+00	3.244757855679695768e-01	-3.136811703140558348e-04	-6.075300642969985715e-05
1.742633386009647278e-12	1.010618367192195610e-01	1.404810561222556586e+01	1.062281598462032524e-02	2.713274599281652669e-02	6.788864675426071332e-03	1.024021643036666873e+00	3.240698195163291273e-01	-3.396602483608614285e-04	-6.591602495513246708e-05
1.825183494319046040e-12	1.037110628883333441e-01	1.376258809691032603e+01	1.112743864216984326e-02	2.856771686828506532e-02	7.113569897123355780e-03	1.025543511032710908e+00	3.236451542055147623e-01	-3.691511945333949976e-04	-7.181123554551308767e-05
1.911644075385703708e-12	1.066106059044611559e-01	1.349120932889782054e+01	1.166862722623863979e-02	3.017129225820666671e-02	7.468001448227427549e-03	1.027316938974463412e+00	3.232032579099412550e-01	-4.025368435357016259e-04	-7.852823234546860707e-05
2.002200371815584363e-12	1.097677081077293032e-01	1.323487087622620528e+01	1.224687042591235224e-02	3.195165576119166767e-02	7.866366313262172782e-03	1.029359880099588676e+00	3.227459605894841266e-01	-4.402139113719429823e-04	-8.616273743678384421e-05
2.097046401323230665e-12	1.131877387808494784e-01	1.299420724472001965e+01	1.286233539144438116e-02	3.391506418851859828e-02	8.312627184336358194e-03	1.031687368551482686e+00	3.222754164876807659e-01	-4.825846501264722827e-04	-9.481529995208387476e-05
2.196385372416542332e-12	1.168738285513369751e-01	1.276959349998776361e+01	1.351482521831096767e-02	3.606525756091875229e-02	8.809809702428032449e-03	1.034310558866804008e+00	3.217940593666546167e-01	-5.300454600567082626e-04	-1.045892224146883896e-04
2.300430119772921506e-12	1.208270797101477501e-01	1.256113612856245609e+01	1.420383412537381922e-02	3.840324198529559974e-02	9.352483496841059590e-03	1.037236073575284134e+00	3.213044749875191841e-01	-5.829806884845372631e-04	-1.155893753944237920e-04
2.409403560239526876e-12	1.250479173819714074e-01	1.236865098995262535e+01	1.492878154882631460e-02	4.092783959184061876e-02	9.947780584028611747e-03	1.040466465399195295e+00	3.208091562637588323e-01	-6.417717636094992734e-04	-1.279240605714130556e-04
2.523539170434765862e-12	1.295365304903983161e-01	1.219172162073600241e+01	1.568907929821829889e-02	4.363582389813283613e-02	1.059550875669191226e-02	1.044000229929752166e+00	3.203104045749197715e-01	-7.067968468567520281e-04	-1.417048656253379942e-04
2.643081486974102692e-12	1.342930440818724813e-01	1.202976288530426530e+01	1.648415487107057070e-02	4.652197605040209183e-02	1.129684100228635531e-02	1.047831864467428487e+00	3.198102681109916134e-01	-7.784279177951526412e-04	-1.570458355506882070e-04
2.768286630392061017e-12	1.393176670829925912e-01	1.188207406562377955e+01	1.731347217455479065e-02	4.957916569009395563e-02	1.205167576360753265e-02	1.051951878614070246e+00	3.193104818001434309e-01	-8.570282893938340049e-04	-1.740626208604463890e-04
2.899422853882880921e-12	1.446108199228916535e-01	1.174788217821201108e+01	1.817654940772618979e-02	5.279848988731950660e-02	1.286064040165624082e-02	1.056347045187851830e+00	3.188124219412378779e-01	-9.429506474717193765e-04	-1.928716014024207872e-04
3.036771118035460378e-12	1.501732459757630089e-01	1.162637646602891728e+01	1.907297421584671498e-02	5.616944219428565699e-02	1.372239727370865026e-02	1.061000643161010171e+00	3.183170675212410594e-01	-1.036535683128725132e-03	-2.135890331375782706e-04
3.180625692794118977e-12	1.560061119982866784e-01	1.151673512655283460e+01	2.000241667257327341e-02	5.968012712276781623e-02	1.463708608524316897e-02	1.065892850454085883e+00	3.178249794128246153e-01	-1.138111389768830303e-03	-2.363302642472345900e-04
3.331294787934670055e-12	1.621111010988698642e-01	1.141814548298322407e+01	2.096464044631806550e-02	6.331747512077932905e-02	1.560249625378770134e-02	1.071001104481609900e+00	3.173362840125292239e-01	-1.247993058807339182e-03	-2.612090378406998516e-04
3.489101213406766494e-12	1.684905016907324027e-01	1.132981875513927328e+01	2.195951257316644881e-02	6.706748738976674173e-02	1.661660105209591606e-02	1.076300568568855809e+00	3.168506697549333673e-01	-1.366483969356686650e-03	-2.883369206435874464e-04
3.654383070957261569e-12	1.751472950304917287e-01	1.125100049603544328e+01	2.298701216575285006e-02	7.091545195231838128e-02	1.767699453340698668e-02	1.081764547148433619e+00	3.163673891667970195e-01	-1.493876755571534260e-03	-3.178228717479076866e-04
3.827494478516314936e-12	1.820852443063671056e-01	1.118097760960510456e+01	2.404723848331416503e-02	7.484621900028670671e-02	1.878096706054746198e-02	1.087365006204727313e+00	3.158852795144115322e-01	-1.630455445804894791e-03	-3.497729777791950515e-04
4.008806328898464320e-12	1.893089866040807423e-01	1.111908275751834019e+01	2.514041850976318077e-02	7.884439618342270473e-02	1.992541204096164031e-02	1.093072962936544990e+00	3.154027746663112808e-01	-1.776498099908158839e-03	-3.842903523984912153e-04
4.198707084443905621e-12	1.968241300084753453e-01	1.106469678686838876e+01	2.626691437262054438e-02	8.289457095277880105e-02	2.110678329602511810e-02	1.098858918804992202e+00	3.149179317696204072e-01	-1.932280033938428218e-03	-4.214752211077097636e-04
4.397603609302712498e-12	2.046373565036327113e-01	1.101724971635185213e+01	2.742723065125553250e-02	8.698152772915831998e-02	2.232123968724497587e-02	1.104693301153222507e+00	3.144284626535867044e-01	-2.098077535768666686e-03	-4.614251531944934485e-04
4.605922041145112927e-12	2.127565326772716814e-01	1.097622068068287859e+01	2.862202184780337708e-02	9.109039280203778954e-02	2.356474004163370065e-02	1.110546758630434061e+00	3.139317578292845634e-01	-2.274172070272435960e-03	-5.042354892751954587e-04
4.824108704165373984e-12	2.211908288364942410e-01	1.094113715973731615e+01	2.985210005544572387e-02	9.520680763470326657e-02	2.483326556974479321e-02	1.116390529196246817e+00	3.134249192304643938e-01	-2.460854894214705487e-03	-5.499999010076334289e-04
5.052631065335679604e-12	2.299508474541607506e-01	1.091157374350632203e+01	3.111844287760273317e-02	9.931708703115993409e-02	2.612249765154020867e-02	1.122196764231143673e+00	3.129047957882118425e-01	-2.658432032327685737e-03	-5.988110906123711051e-04
5.291978735958436557e-12	2.390487557150509368e-01	1.088715056885484778e+01	3.242220095644093858e-02	1.034082825240010273e-01	2.742810119642650341e-02	1.127938679158492441e+00	3.123680028313478019e-01	-2.867229454137408887e-03	-6.507615779518688979e-04
5.542664520663095602e-12	2.484979995040794143e-01	1.086753120582368837e+01	3.376464873457266785e-02	1.074680892431520984e-01	2.874569342199382108e-02	1.133590494197537213e+00	3.118109751654167816e-01	-3.087588467917347281e-03	-7.059420605576170651e-04
5.805225516094907684e-12	2.583125728575254576e-01	1.085241813148240375e+01	3.514708096721982228e-02	1.114844906211370223e-01	3.007059719345688692e-02	1.139126913512155115e+00	3.112300185803859032e-01	-3.319849634680612036e-03	-7.644368101711923515e-04
6.080224261649427052e-12	2.685068882989931627e-01	1.084154668588790926e+01	3.657079676077606978e-02	1.154457234020325046e-01	3.139819324974368192e-02	1.144523089016248774e+00	3.106213327299556792e-01	-3.564349446777834423e-03	-8.263221666782286133e-04
6.368249944718585906e-12	2.790957697139856974e-01	1.083468009284357159e+01	3.803709980914912053e-02	1.193403340036861687e-01	3.272351175143239921e-02	1.149754718148223942e+00	3.099810303971336500e-01	-3.821419682438935601e-03	-8.916657040304031305e-04
6.669919663030115058e-12	2.900944389581160965e-01	1.083160541150508216e+01	3.954729723487532267e-02	1.231571719739699422e-01	3.404161960328463271e-02	1.154798031441168549e+00	3.093051535653218997e-01	-4.091386558612428691e-03	-9.605253666268002586e-04
6.985879746785234820e-12	3.015184988844682445e-01	1.083213015021073566e+01	4.110269778481694808e-02	1.268854778400071714e-01	3.534744975636725656e-02	1.159629971143485427e+00	3.085897020904236343e-01	-4.374569796604587876e-03	-1.032948608883272907e-03
7.316807143427207274e-12	3.133839110668080741e-01	1.083607941227823801e+01	4.270460923329127273e-02	1.305148471431409052e-01	3.663595384711244157e-02	1.164228112290493389e+00	3.078306479768604942e-01	-4.671281474166565605e-03	-1.108971510855963480e-03
7.663410868007462274e-12	3.257069707565372618e-01	1.084329344318418720e+01	4.435433553590721611e-02	1.340352870716701728e-01	3.790202791281255257e-02	1.168570777408985739e+00	3.070239624841472614e-01	-4.981824826969052412e-03	-1.188617919238641688e-03
8.026433522257174683e-12	3.385042765241063067e-01	1.085362552626467725e+01	4.605317337497715630e-02	1.374372751327812558e-01	3.914062148665518187e-02	1.172637165411049454e+00	3.061656466917612729e-01	-5.306492844107950531e-03	-1.271898575107982109e-03
8.406652885618316356e-12	3.517926973596428586e-01	1.086694014036908662e+01	4.780240864773427356e-02	1.407116576155299781e-01	4.034676556752152948e-02	1.176407125111029961e+00	3.052517334050839359e-01	-5.645566851436960298e-03	-1.358810294259688457e-03
8.804883581643446547e-12	3.655893328971129286e-01	1.088311136821973868e+01	4.960331222140117180e-02	1.438497847256651752e-01	4.151554634773144126e-02	1.179861448122042855e+00	3.042783326629661111e-01	-5.999314816662128930e-03	-1.449335123742044769e-03
9.221978823334340144e-12	3.799114703320429776e-01	1.090202148592383757e+01	5.145713562679202213e-02	1.468434698427547591e-01	4.264220324955017571e-02	1.182981779163003289e+00	3.032416446418687017e-01	-6.367989624510849399e-03	-1.543439558860883751e-03
9.658832241158709141e-12	3.947765356233450817e-01	1.092355972296055633e+01	5.336510633348250099e-02	1.496849995657111299e-01	4.372210896343302344e-02	1.185750634830023964e+00	3.021379824632827726e-01	-6.751827184866225802e-03	-1.641073786534450688e-03
1.011637979766206976e-11	4.102020391390915899e-01	1.094762116329678214e+01	5.532842269540753227e-02	1.523671492160360019e-01	4.475082359145494959e-02	1.188151436975963815e+00	3.009637961112127669e-01	-7.151044402901411516e-03	-1.742170969469620818e-03
1.059560179277614774e-11	4.262055155567968656e-01	1.097410576587799724e+01	5.734824859597148494e-02	1.548831822128658164e-01	4.572411432864615516e-02	1.190168509427568688e+00	2.997156921028362175e-01	-7.565837022395533948e-03	-1.846646584279306759e-03
1.109752496412069864e-11	4.428044577518761016e-01	1.100291749316881251e+01	5.942570777469381726e-02	1.572268696894714712e-01	4.663797704547565509e-02	1.191787120302210345e+00	2.983904565466378722e-01	-7.996377339894958358e-03	-1.954397819764209718e-03
1.162322468679854125e-11	4.600162442837651411e-01	1.103396352636543298e+01	6.156187786370195814e-02	1.593924711508295511e-01	4.748866378307024100e-02	1.192993436985944511e+00	2.969850719276257434e-01	-8.442811796238047437e-03	-2.065303045668933583e-03
1.217382727739662020e-11	4.778580602921957965e-01	1.106715356449373822e+01	6.375778410498168791e-02	1.613747810300925345e-01	4.827270808446974815e-02	1.193774630399785819e+00	2.954967427273688108e-01	-8.905258442996078286e-03	-2.179221358783958555e-03
1.275051240713012859e-11	4.963460602782630571e-01	1.110239772266727698e+01	6.601430159901239270e-02	1.631690075950374408e-01	4.898690291015379145e-02	1.194118747323045460e+00	2.939229685121190760e-01	-9.383784874905489251e-03	-2.295987504572963040e-03
1.335451562929897339e-11	5.154910774508573157e-01	1.113959709282054611e+01	6.833164947994438410e-02	1.647705182859501571e-01	4.962821840767051712e-02	1.194014909269014213e+00	2.922619345030976201e-01	-9.878297228869329163e-03	-2.415385865564274263e-03
1.398713102647241439e-11	5.352999391982041777e-01	1.117864418242502822e+01	7.070958630485549290e-02	1.661751256728440929e-01	5.019394062181616739e-02	1.193453534316311293e+00	2.905124092608643571e-01	-1.038857517078467692e-02	-2.537161117161465008e-03
1.464971398307287854e-11	5.557765347029284264e-01	1.121942398711810185e+01	7.314756627659801946e-02	1.673792920697608488e-01	5.068177446563455757e-02	1.192426491598380212e+00	2.886736569044324741e-01	-1.091430086634098511e-02	-2.661027294483412752e-03
1.534368408930013065e-11	5.769215690941135177e-01	1.126181319002539638e+01	7.564473260343088090e-02	1.683801448017465119e-01	5.108986425964522765e-02	1.190927107580062039e+00	2.867454488366211751e-01	-1.145505447420428619e-02	-2.786668884191917557e-03
1.607052818261638620e-11	5.987323233220428476e-01	1.130567969068225942e+01	7.819991171508304528e-02	1.691755595863894124e-01	5.141682843054199564e-02	1.188950336322181389e+00	2.847280839323468871e-01	-1.201031036337475363e-02	-2.913742385244316897e-03
1.683180353330955093e-11	6.212024274163703286e-01	1.135088238934801552e+01	8.081160927094259427e-02	1.697641835617264283e-01	5.166177362239688514e-02	1.186492793930907341e+00	2.826223938216850251e-01	-1.257943426458508866e-02	-3.041878358684425940e-03
1.762914118095944293e-11	6.443216523151067410e-01	1.139727119502038022e+01	8.347800829990151272e-02	1.701454941195159054e-01	5.182431135163573233e-02	1.183552882778332815e+00	2.804297506864915079e-01	-1.316168149772840856e-02	-3.170683965921144380e-03
1.846424942895546448e-11	6.680757251218798487e-01	1.144468722902300506e+01	8.619696972839559213e-02	1.703198274809654966e-01	5.190456495676566001e-02	1.180130851101073519e+00	2.781520652755260503e-01	-1.375619638473493146e-02	-3.299745973118955837e-03
1.933891750455232057e-11	6.924461725180909299e-01	1.149296320380896397e+01	8.896603546725634359e-02	1.702884282788053316e-01	5.190317554506271996e-02	1.176228910347704160e+00	2.757917852290147076e-01	-1.436201294941831866e-02	-3.428634193400355908e-03
2.025501939230666486e-11	7.174101968486074066e-01	1.154192395859247000e+01	9.178243417426595885e-02	1.700534452720995904e-01	5.182128982140790652e-02	1.171851231205358612e+00	2.733518792790474716e-01	-1.497805697608523869e-02	-3.556905321042335907e-03
2.121451784910627571e-11	7.429405891272051754e-01	1.159138713599273096e+01	9.464308975010440883e-02	1.696179672501253177e-01	5.166055412403371822e-02	1.167004044943369401e+00	2.708358253166513463e-01	-1.560314947779838264e-02	-3.684107103215703179e-03
2.221946860939528424e-11	7.690056828378629694e-01	1.164116398335994162e+01	9.754463258692447347e-02	1.689860052038190397e-01	5.142309292563987388e-02	1.161695623124868959e+00	2.682475857126475072e-01	-1.623601159429130525e-02	-3.809782781008168133e-03
2.327202478960412005e-11	7.955693519091943111e-01	1.169106026504431917e+01	1.004834135212729490e-01	1.681624908247766059e-01	5.111148525062975123e-02	1.155936305255319319e+00	2.655915820110522074e-01	-1.687527091148447247e-02	-3.933475724366416321e-03
2.437444150122221807e-11	8.225910557618110186e-01	1.174087727002401138e+01	1.034555204257505551e-01	1.671532378548837294e-01	5.072873158051489223e-02	1.149738442892413781e+00	2.628726604662129929e-01	-1.751946916848943700e-02	-4.054734178091463394e-03
2.552908068239516723e-11	8.500259334600196448e-01	1.179041290213867299e+01	1.064567972817363900e-01	1.659649332458432158e-01	5.027822438451594322e-02	1.143116425409941739e+00	2.600960611870836159e-01	-1.816707127434653846e-02	-4.173116028018399384e-03
2.673841615839943880e-11	8.778249486889226905e-01	1.183946283463537341e+01	1.094828656388306537e-01	1.646050584866044497e-01	4.976370083692551599e-02	1.136086537843509214e+00	2.572673719689532734e-01	-1.881647555745164305e-02	-4.288193500072723721e-03
2.800503894183625342e-11	9.059350855652276158e-01	1.188782172206813570e+01	1.125291481170239971e-01	1.630818362905046282e-01	4.918919935570088831e-02	1.128666886092391852e+00	2.543924848818970852e-01	-1.946602508231961431e-02	-4.399557694466798424e-03
2.933166278390048099e-11	9.342995955822305243e-01	1.193528444887493833e+01	1.155908938414113157e-01	1.614041813327593278e-01	4.855901690833213519e-02	1.120877337409893260e+00	2.514775539579370278e-01	-2.011401992186576462e-02	-4.506822873254872665e-03
3.072112998861759207e-11	9.628590735003694778e-01	1.198164869363211515e+01	1.186632887414852400e-01	1.595815546403036300e-01	4.787763717638266608e-02	1.112739123239088856e+00	2.485288627613092827e-01	-2.075874773140828217e-02	-4.609633171084713370e-03
3.217641750250735458e-11	9.915572447529173994e-01	1.202672564304176461e+01	1.217420535627344036e-01	1.576235745818202749e-01	4.714955411707748290e-02	1.104273283660926586e+00	2.455522372557410737e-01	-2.139861847215136087e-02	-4.707684157864985147e-03
3.370064329271925032e-11	1.020341332563066139e+00	1.207034268933979071e+01	1.248234305874582478e-01	1.555399993121470981e-01	4.637922863430927328e-02	1.095500772722215910e+00	2.425530555131440447e-01	-2.203217351992899781e-02	-4.800721941976714494e-03
3.529707302730657668e-11	1.049160909472842906e+00	1.211234277651756841e+01	1.279040166677904711e-01	1.533408177050016308e-01	4.557109501382997779e-02	1.086443002196345597e+00	2.395364123347620555e-01	-2.265806042771891307e-02	-4.888537045508391417e-03
3.696912707195032437e-11	1.077967944650034537e+00	1.215258479530222502e+01	1.309807344916794347e-01	1.510361363736365536e-01	4.472951855758103279e-02	1.077121682796953861e+00	2.365071261350256138e-01	-2.327503382460955478e-02	-4.970962444056788512e-03
3.872038781812557004e-11	1.106716842463797423e+00	1.219094353814256593e+01	1.340508074988308040e-01	1.486361176007216511e-01	4.385876869176992543e-02	1.067558778009033649e+00	2.334697539175905889e-01	-2.388195536695025475e-02	-5.047871353495996145e-03
4.055460735840827506e-11	1.135364469210754956e+00	1.222730939788320192e+01	1.371117368924373581e-01	1.461508940247836508e-01	4.296299167292123161e-02	1.057776377358126130e+00	2.304285998540545610e-01	-2.447779281431365292e-02	-5.119174839244347401e-03
4.247571552536894126e-11	1.163870168242123304e+00	1.226158790368680407e+01	1.401612802637754451e-01	1.435904954797811439e-01	4.204618777378221067e-02	1.047796583631346756e+00	2.273877229155029656e-01	-2.506161835678023808e-02	-5.184819311011644623e-03
4.448782831127576069e-11	1.192195763794180241e+00	1.229369915297007232e+01	1.431974315471708781e-01	1.409647538245189513e-01	4.111218747707335447e-02	1.037641321502374980e+00	2.243509385186848726e-01	-2.563260630120098305e-02	-5.244783953328816320e-03
4.659525668664686662e-11	1.220305554087006916e+00	1.232357717718436163e+01	1.462184021594174488e-01	1.382832617465922787e-01	4.016464174752130273e-02	1.027332276908851538e+00	2.213218306133143132e-01	-2.619003022554931837e-02	-5.299078139721052905e-03
4.880251583654433574e-11	1.248166293292175766e+00	1.235116927099659456e+01	1.492226030618604427e-01	1.355553143755748036e-01	3.920700913162935425e-02	1.016890775371562583e+00	2.183037566333016211e-01	-2.673325962961906055e-02	-5.347738846680459568e-03
5.111433483440165318e-11	1.275747163895189829e+00	1.237643530107860990e+01	1.522086277992636960e-01	1.327898602663619421e-01	3.824254742846376620e-02	1.006337672271274908e+00	2.152998538088290725e-01	-2.726175623247669919e-02	-5.390828117771624337e-03
5.353566677410718816e-11	1.303019773636173717e+00	1.239934703695743679e+01	1.551752400769256801e-01	1.299954704439206521e-01	3.727430996616965669e-02	9.956932785580916434e-01	2.123130451672467500e-01	-2.777507058269878745e-02	-5.428430629023867429e-03
5.607169938205469661e-11	1.329960577977665315e+00	1.241988926064794008e+01	1.581216288573880357e-01	1.271800304552437588e-01	3.630504939648891705e-02	9.849762410102301802e-01	2.093457691819611277e-01	-2.827288297533443739e-02	-5.460654015274006567e-03
5.872786613189488850e-11	1.356552583382542920e+00	1.243805945475368446e+01	1.610475933985275887e-01	1.243505462418135615e-01	3.533715778940133001e-02	9.742027839372631171e-01	2.063997964546291641e-01	-2.875502666491819986e-02	-5.487626114627196412e-03
6.150985788580503926e-11	1.382781597713069521e+00	1.245386360789025382e+01	1.639531334146496488e-01	1.215135045336532549e-01	3.437280070716659114e-02	9.633880677861413888e-01	2.034766402709246302e-01	-2.922141147523250881e-02	-5.509486494298086907e-03
6.442363508721370414e-11	1.408635711872937790e+00	1.246731521367985351e+01	1.668383897327657406e-01	1.186749196716657684e-01	3.341393937350531362e-02	9.525463405263544514e-01	2.005776136913730023e-01	-2.967201069369984623e-02	-5.526383888586790250e-03
6.747544053110686101e-11	1.434105161795479422e+00	1.247843460838955565e+01	1.697036278230953932e-01	1.158403676902856061e-01	3.246234711827072905e-02	9.416910150269183211e-01	1.977038525213868914e-01	-3.010685533276845696e-02	-5.538474368564741922e-03
7.067181273927477085e-11	1.459182193371968195e+00	1.248724834179575538e+01	1.725492227680479884e-01	1.130149822575275270e-01	3.151961597442346635e-02	9.308346321855514027e-01	1.948563253929058436e-01	-3.052602869316276696e-02	-5.545919711559261014e-03
7.401959996915652408e-11	1.483860929737553791e+00	1.249378858837165041e+01	1.753756453450000807e-01	1.102034890349301993e-01	3.058717167279959362e-02	9.199889361513865493e-01	1.920358528994275671e-01	-3.092966115913508077e-02	-5.548885938458924215e-03
7.752597488629464062e-11	1.508137242794649557e+00	1.249809260152639290e+01	1.781834492469923092e-01	1.074102148715939675e-01	2.966628278523186085e-02	9.091648743278203382e-01	1.892431189645227274e-01	-3.131792531348939063e-02	-5.547542027169947640e-03
8.119844993184008328e-11	1.532008628672963280e+00	1.250020220937551052e+01	1.809732592717540611e-01	1.046391084681857903e-01	2.875807239511208452e-02	8.983726311924646879e-01	1.864786846794466435e-01	-3.169103135188536258e-02	-5.542058787168837805e-03
8.504489341802668113e-11	1.555474087403197814e+00	1.250016335150629843e+01	1.837457603742684020e-01	1.018937582546012299e-01	2.786352856443772424e-02	8.876216540534486166e-01	1.837430003141841406e-01	-3.204922278100909988e-02	-5.532607875128819387e-03
8.907354638610458163e-11	1.578534007200470102e+00	1.249802565563673085e+01	1.865016875093756521e-01	9.917741586966059841e-02	2.698351520440735174e-02	8.769206968444546169e-01	1.810364175950029964e-01	-3.239277241457860779e-02	-5.519360949474887666e-03
9.329304026284695888e-11	1.601189105167068583e+00	1.249384205508537526e+01	1.892417040581534649e-01	9.649311460245234284e-02	2.611881531542814550e-02	8.662782552907584144e-01	1.783593075024408614e-01	-3.272196458395543878e-02	-5.502489543859668403e-03
9.771241535346501225e-11	1.623435912089127964e+00	1.248766698092045679e+01	1.919658937924708653e-01	9.384407866255282948e-02	2.527027438387263389e-02	8.557042501157900993e-01	1.757125267829203197e-01	-3.303702454516788817e-02	-5.482166702006560643e-03
1.023411402105452712e-10	1.645266098563467061e+00	1.247955233407983400e+01	1.946737421969712001e-01	9.123358791545248259e-02	2.443876972292510080e-02	8.452096267270100549e-01	1.730973788933271584e-01	-3.333810281809444082e-02	-5.458565647603047868e-03
1.071891319205126445e-10	1.666666966827748064e+00	1.246954544625352135e+01	1.973642281381271235e-01	8.866478782046099960e-02	2.362515889878427644e-02	8.348056728130321957e-01	1.705154838429664421e-01	-3.362528064692939939e-02	-5.431859121672813137e-03
1.122667773510811312e-10	1.687621803864830516e+00	1.245768838986996130e+01	2.000358791913676160e-01	8.614065123481037811e-02	2.283025935386503308e-02	8.245038341730448472e-01	1.679687094404866410e-01	-3.389857565089669789e-02	-5.402219529891351055e-03
1.175849554052158201e-10	1.708110313194856733e+00	1.244401782515916821e+01	2.026868276424225734e-01	8.366392386613125121e-02	2.205482930752388632e-02	8.143154726689262324e-01	1.654591041526017048e-01	-3.415794934012103545e-02	-5.369819155060150118e-03
1.231550603292826197e-10	1.728109083523298839e+00	1.242856514921602873e+01	2.053148654679968765e-01	8.123708713665549197e-02	2.129955140474196901e-02	8.042516755120114880e-01	1.629888344571937819e-01	-3.440331539073154810e-02	-5.334830286265189112e-03
1.289890261253308184e-10	1.747592074220965852e+00	1.241135683309370030e+01	2.079174975475729659e-01	7.886236141054181470e-02	2.056502722346919762e-02	7.943231955278804435e-01	1.605601387642130451e-01	-3.463454817314383372e-02	-5.297425220258661707e-03
1.350993521198024986e-10	1.766531106910386839e+00	1.239241488312709194e+01	2.104919927887812237e-01	7.654168135893502090e-02	1.985176599673178777e-02	7.845403001748215699e-01	1.581752749732073526e-01	-3.485149128108162159e-02	-5.257776129049760057e-03
1.414991297434578731e-10	1.784896354189771328e+00	1.237175738406666348e+01	2.130354327834436401e-01	7.427670902071656367e-02	1.916018431966487814e-02	7.749127462886047368e-01	1.558364855787005010e-01	-3.505396585273832383e-02	-5.216054799131263249e-03
1.482020705798860072e-10	1.802656819928569298e+00	1.234939909656949553e+01	2.155447578140025355e-01	7.206882788033262821e-02	1.849060161808133151e-02	7.654496938083485968e-01	1.535459589268617087e-01	-3.524177857530579050e-02	-5.172432262042038487e-03
1.552225357427047968e-10	1.819780736943958699e+00	1.232535222342629488e+01	2.180167993354011624e-01	6.991916596497117775e-02	1.784324491308592400e-02	7.561597284811603092e-01	1.513058118634792171e-01	-3.541472866896783894e-02	-5.127078557772395302e-03
1.625755666443793407e-10	1.836236109441559350e+00	1.229962833039618708e+01	2.204483082758516566e-01	6.782864314205057366e-02	1.721825838786230148e-02	7.470509748484718271e-01	1.491180828772966649e-01	-3.557261927011632491e-02	-5.080163306735181912e-03
1.702769172225897821e-10	1.851993039838207178e+00	1.227223986638884234e+01	2.228362031662906861e-01	6.579785448863735564e-02	1.661566410503761623e-02	7.381304730378609458e-01	1.469845403670288209e-01	-3.571529096659151886e-02	-5.031853247243000572e-03
1.783430876931905687e-10	1.867024758363254211e+00	1.224320154204573718e+01	2.251776660699719712e-01	6.382706480679421757e-02	1.603535885911530970e-02	7.294040461390435270e-01	1.449066243711584212e-01	-3.584263672485538121e-02	-4.982311061008683900e-03
1.867913599020784805e-10	1.881307801729413809e+00	1.221253142021507898e+01	2.274701413378895920e-01	6.191629978187897926e-02	1.547714302769398649e-02	7.208765836634821733e-01	1.428854881275483379e-01	-3.595460468640618301e-02	-4.931695132128389655e-03
1.956398343517064725e-10	1.894822087700345215e+00	1.218025158505253458e+01	2.297113292007047503e-01	6.006532499187089424e-02	1.494072117934056726e-02	7.125519408313291114e-01	1.409219996082174409e-01	-3.605119854572423621e-02	-4.880159157593602463e-03
2.049074689815846066e-10	1.907550935864235298e+00	1.214638855635531556e+01	2.318991776637369662e-01	5.827373700794627465e-02	1.442573051661369746e-02	7.044332384991016660e-01	1.390167879738282708e-01	-3.613247691172627452e-02	-4.827851783918107702e-03
2.146141197858401440e-10	1.919481046657738776e+00	1.211097353075072114e+01	2.340318729282493404e-01	5.654096530293846457e-02	1.393174720431238599e-02	6.965228537763347161e-01	1.371702570988889147e-01	-3.619855164841224993e-02	-4.774916227955351353e-03
2.247805833548729991e-10	1.930602452930403112e+00	1.207404249535965057e+01	2.361078293953285390e-01	5.486630037361073936e-02	1.345829816574321824e-02	6.888225061575381503e-01	1.353826082899608763e-01	-3.624958574352769858e-02	-4.721489959938953568e-03
2.354286414322420067e-10	1.940908449368397681e+00	1.203563624538398358e+01	2.381256794237699981e-01	5.324891670623253109e-02	1.300487177607459466e-02	6.813333284941834878e-01	1.336538619239049930e-01	-3.628579077228295119e-02	-4.667704440123332695e-03
2.465811075822603842e-10	1.950396120891737528e+00	1.199579776681946441e+01	2.400843901971472794e-01	5.168778915293981147e-02	1.257089818427636375e-02	6.740554477268325684e-01	1.319837674964959295e-01	-3.630742555671235411e-02	-4.613681428857071068e-03
2.582618760682674929e-10	1.959067854200664760e+00	1.195456512535837845e+01	2.419835987482823192e-01	5.018146423110186882e-02	1.215568865488142990e-02	6.669868421451987661e-01	1.303715391464528583e-01	-3.631479586638218515e-02	-4.559523342297120557e-03
2.704959730463131364e-10	1.966929924247763362e+00	1.191197697903552566e+01	2.438233405993500691e-01	4.872831644410703655e-02	1.175850961491840298e-02	6.601244537576164140e-01	1.288161090313613144e-01	-3.630824839103852925e-02	-4.505320696745894644e-03
2.833096101839318258e-10	1.973991908763084835e+00	1.186807471548103798e+01	2.456039411082715507e-01	4.732666286331843608e-02	1.137861592103517686e-02	6.534646783965385453e-01	1.273162359557870882e-01	-3.628816752596354667e-02	-4.451155145419987726e-03
2.967302408188872501e-10	1.980266386234522002e+00	1.182290261387153407e+01	2.473259798943386045e-01	4.597478538139689735e-02	1.101525960328082754e-02	6.470034654193940193e-01	1.258705381923146127e-01	-3.625497123153654383e-02	-4.397100253358391699e-03
3.107866187782014063e-10	1.985768605005281406e+00	1.177650777104121005e+01	2.489902563060167329e-01	4.467095872142317486e-02	1.066769934506760914e-02	6.407364420499235269e-01	1.244775272373608160e-01	-3.620910620158768883e-02	-4.343222164179569994e-03
3.255088599835056406e-10	1.990516152022508534e+00	1.172893990059776215e+01	2.505977573520847823e-01	4.341346274157723006e-02	1.033520557757503823e-02	6.346589797086251705e-01	1.231356329383944265e-01	-3.615104295294953307e-02	-4.289580205794997665e-03
3.409285069746807543e-10	1.994528633538527718e+00	1.168025106175457850e+01	2.521496284969189650e-01	4.220059788261662503e-02	1.001706631319238851e-02	6.287662723558906652e-01	1.218432285644304447e-01	-3.608127109458330456e-02	-4.236227449728805806e-03
3.570785964900469852e-10	1.997827374045773041e+00	1.163049534642840399e+01	2.536471475208623705e-01	4.103070218849107914e-02	9.712591943329932850e-03	6.230534210405952456e-01	1.205986526993673008e-01	-3.600029487643979093e-02	-4.183211223994325739e-03
3.739937302478801677e-10	2.000435109263457800e+00	1.157972783741740841e+01	2.550917135122380830e-01	3.990212898105986727e-02	9.421111165219151970e-03	6.175153555279229156e-01	1.194002081326752812e-01	-3.590862707870706716e-02	-4.130572972530245461e-03
3.917101490809260641e-10	2.002375189360422691e+00	1.152800409937768755e+01	2.564847619289183367e-01	3.881329093579403283e-02	9.141984061870082542e-03	6.121470729696165680e-01	1.182462258309710107e-01	-3.580677848148888093e-02	-4.078349514477208441e-03
4.102658105827190344e-10	2.003670722643324797e+00	1.147538110916806886e+01	2.578276377674390551e-01	3.776270562793515584e-02	8.874615976987191429e-03	6.069439228766404515e-01	1.171351500970400361e-01	-3.569525033879415027e-02	-4.026575790867034307e-03
4.297004704320835313e-10	2.004344303244171233e+00	1.142191639005371506e+01	2.591215807210145994e-01	3.674898735555135604e-02	8.618455054579442220e-03	6.019015970412819883e-01	1.160655420406086352e-01	-3.557452953386150418e-02	-3.975284843238089533e-03
4.500557675700488183e-10	2.004417901474642161e+00	1.136766729967089162e+01	2.603677279446119375e-01	3.577082913802188263e-02	8.372986695922068900e-03	5.970160655343884626e-01	1.150360690283028925e-01	-3.544508608330421140e-02	-3.924507633481104200e-03
4.713753134116729086e-10	2.003912813467636944e+00	1.131269054295000664e+01	2.615671196875671289e-01	3.482699721202577731e-02	8.137730896212135023e-03	5.922835583174266283e-01	1.140454979315290301e-01	-3.530737189809250720e-02	-3.874272948666466782e-03
4.937047852839003559e-10	2.002849642277568343e+00	1.125704183188373442e+01	2.627207058639399184e-01	3.391631569923517220e-02	7.912237210901744769e-03	5.877005060201569986e-01	1.130926834251485408e-01	-3.516182020366540040e-02	-3.824607354063290238e-03
5.170920242896755486e-10	2.001248298992284624e+00	1.120077564617385057e+01	2.638293530497490824e-01	3.303766248233355046e-02	7.696082592280695765e-03	5.832635238703264280e-01	1.121765613141707668e-01	-3.500884552236733366e-02	-3.775535206163075762e-03
5.415871378079465267e-10	1.999128015764943367e+00	1.114394510615148093e+01	2.648938505094730611e-01	3.218996402540103691e-02	7.488868715314735483e-03	5.789693916739300228e-01	1.112961413065489819e-01	-3.484884394064620416e-02	-3.727078705965482242e-03
5.672426068491988835e-10	1.996507456906353450e+00	1.108660341255300530e+01	2.659148917342126217e-01	3.137221240224739166e-02	7.290225020734939811e-03	5.748151435975119572e-01	1.104505218407449141e-01	-3.468219828713391129e-02	-3.679259207072487457e-03
5.941133984965039838e-10	1.993404909875261533e+00	1.102880421642850628e+01	2.668930910083827102e-01	3.058345862008181315e-02	7.099805643431031377e-03	5.707980343021600289e-01	1.096388773607330086e-01	-3.450928160713927217e-02	-3.632097350687829834e-03
6.222570836730231313e-10	1.989838328641379883e+00	1.097059968615353220e+01	2.678290365406267304e-01	2.982277866776551420e-02	6.917279870604083752e-03	5.669153620156572870e-01	1.088604163669622260e-01	-3.433045346390980329e-02	-3.585611359477032609e-03
6.517339604882420571e-10	1.985825364235466184e+00	1.091204046613190037e+01	2.687232978565514685e-01	2.908927248069241231e-02	6.742331102338058879e-03	5.631644607623400578e-01	1.081143764546482477e-01	-3.414606058631441954e-02	-3.539817093068443801e-03
6.826071834272379248e-10	1.981383380322221166e+00	1.085317574422932552e+01	2.695764285573362673e-01	2.838205979186493935e-02	6.574655281926615295e-03	5.595426835260155496e-01	1.074000204111231205e-01	-3.395643758978245108e-02	-3.494728221558435991e-03
7.149428986597561750e-10	1.976529459925054244e+00	1.079405329871238806e+01	2.703889682922065996e-01	2.770028920935474134e-02	6.413962148499566425e-03	5.560474403678966615e-01	1.067166381661200925e-01	-3.376190754585384202e-02	-3.450356388029367661e-03
7.488103857590030225e-10	1.971280407099370136e+00	1.073471953422554570e+01	2.711614442182901374e-01	2.704312973373424606e-02	6.259973376419208577e-03	5.526761650159734973e-01	1.060635429174008465e-01	-3.356278245939797039e-02	-3.406711362035967812e-03
7.842822061337681836e-10	1.965652744572350619e+00	1.067521951208559905e+01	2.718943719488258193e-01	2.640976909108927115e-02	6.112421018173508531e-03	5.494263095735666402e-01	1.054400680110465366e-01	-3.335936358170234206e-02	-3.363801168356488069e-03
8.214343584919422200e-10	1.959662716082447798e+00	1.061559700249650362e+01	2.725882564859168355e-01	2.579943152915993576e-02	5.971051635590190511e-03	5.462954201655692010e-01	1.048455750958774690e-01	-3.315194206940247357e-02	-3.321632270076564555e-03
8.603464416684491388e-10	1.953326328930382827e+00	1.055589502055850026e+01	2.732435861461928739e-01	2.521135876102975279e-02	5.835621291238749300e-03	5.432810660611551157e-01	1.042794473780292025e-01	-3.294080086214642988e-02	-3.280210027513379579e-03
9.011018251665036851e-10	1.946659346911763011e+00	1.049615595432051407e+01	2.738608296387114449e-01	2.464483050395852720e-02	5.705900213917541527e-03	5.403809305616208425e-01	1.037411006231814675e-01	-3.272621528163707078e-02	-3.239538925887644038e-03
9.437878277775391497e-10	1.939677230127012209e+00	1.043642118314996736e+01	2.744404388034693554e-01	2.409914534485676010e-02	5.581667796517326280e-03	5.375927319789195469e-01	1.032299723526747259e-01	-3.250845169838640497e-02	-3.199622416925527145e-03
9.884959046625586031e-10	1.932395120712373737e+00	1.037673102185188334e+01	2.749828493936154472e-01	2.357363224188458242e-02	5.462715269494480483e-03	5.349142737795040681e-01	1.027455272146320514e-01	-3.228776752785140342e-02	-3.160462971259653166e-03
1.035321843295661502e-09	1.924827836204304532e+00	1.031712469670987176e+01	2.754884820511040444e-01	2.306764190026126468e-02	5.348843160993504812e-03	5.323434104489253027e-01	1.022872518194497260e-01	-3.206441135409771742e-02	-3.122062137125685040e-03
1.084365968689608688e-09	1.916989867200684428e+00	1.025764033217589066e+01	2.759577435648737920e-01	2.258054701422711544e-02	5.239861160053764684e-03	5.298780499739907945e-01	1.018546542316760284e-01	-3.183862316183264790e-02	-3.084420604158591254e-03
1.135733358343102889e-09	1.908895376787631548e+00	1.019831495004503985e+01	2.763910280052332413e-01	2.211174401854061958e-02	5.135588182009903635e-03	5.275161627626698824e-01	1.014472639248386321e-01	-3.161063453495983888e-02	-3.047538257069739871e-03
1.189534067370320724e-09	1.900558201965795391e+00	1.013918447047528915e+01	2.767887180525178681e-01	2.166064950878778678e-02	5.035851317213684182e-03	5.252557678531575291e-01	1.010646293695343367e-01	-3.138066895631342473e-02	-3.011414237628838066e-03
1.245883364295008068e-09	1.891991866596039129e+00	1.008028379825395149e+01	2.771511856316379863e-01	2.122670266435348202e-02	4.940486235904523356e-03	5.230949449419630692e-01	1.007063188753462568e-01	-3.114894235272581621e-02	-2.976047045584239836e-03
1.304901978014401580e-09	1.883209682903142390e+00	1.002164748317172283e+01	2.774787896225818229e-01	2.080936604698490136e-02	4.849336831327691680e-03	5.210318421889977847e-01	1.003719211982410514e-01	-3.091566598317855435e-02	-2.941434973054469614e-03
1.366716356462010101e-09	1.874224725109891132e+00	9.963309482907181547e+00	2.777718793689395449e-01	2.040812675389035505e-02	4.762255557799532218e-03	5.190646802873936094e-01	1.000610449381433703e-01	-3.068104577315125189e-02	-2.907575984623135545e-03
1.431458937523481393e-09	1.865049777288956712e+00	9.905302796816936706e+00	2.780307980889815123e-01	2.002249023076234022e-02	4.679101723611867221e-03	5.171917252956621525e-01	9.977331377153107750e-02	-3.044528108656402096e-02	-2.874467537299322563e-03
1.499268432786047049e-09	1.855697333774800173e+00	9.847659467453960147e+00	2.782558838970606296e-01	1.965197715270868700e-02	4.599740576998974373e-03	5.154112763802333186e-01	9.950836434729284918e-02	-3.020856492215238248e-02	-2.842106620490236508e-03
1.570290124729377524e-09	1.846179601330492082e+00	9.790410591071974977e+00	2.784474708001148380e-01	1.929613056984604350e-02	4.524044843158313636e-03	5.137216971219188411e-01	9.926584921421829910e-02	-2.997108412891559895e-02	-2.810489796864040681e-03
1.644676177994662829e-09	1.836508501716576536e+00	9.733586327735705979e+00	2.786058897315236704e-01	1.895450651049556540e-02	4.451892420390315269e-03	5.121213764056468110e-01	9.904543182701337767e-02	-2.973301963960222130e-02	-2.779613241758285488e-03
1.722585965398783835e-09	1.826695675068947589e+00	9.677215919073089978e+00	2.787314694560056316e-01	1.862667965775502421e-02	4.383167416249654849e-03	5.106087534011251039e-01	9.884678845517810841e-02	-2.949454668365811272e-02	-2.749472781017219414e-03
1.804186409392068039e-09	1.816752482641723176e+00	9.621327699836729863e+00	2.788245375202642595e-01	1.831224070293922118e-02	4.317759608023452773e-03	5.091823070343184376e-01	9.866960681822803392e-02	-2.925583502029243527e-02	-2.720063928181239328e-03
1.889652339691211477e-09	1.806690024237769032e+00	9.565949192065017925e+00	2.788854210298559733e-01	1.801079485022828372e-02	4.255563760713521222e-03	5.078405504111451751e-01	9.851358448583046046e-02	-2.901704946566106488e-02	-2.691381957786766199e-03
1.979166867853557524e-09	1.796519207179559707e+00	9.511107483581028532e+00	2.789144470500031225e-01	1.772196622515493161e-02	4.196480593180871438e-03	5.065820506782361399e-01	9.837843083336939021e-02	-2.877835166381158966e-02	-2.663422124768494506e-03
2.072921779595369695e-09	1.786250714112122884e+00	9.456829054383558031e+00	2.789119434476068915e-01	1.744539479365173062e-02	4.140416045168382117e-03	5.054054164743955191e-01	9.826386527626979062e-02	-2.853989942583781692e-02	-2.636179593842744289e-03
2.171117945694509622e-09	1.775894973920026043e+00	9.403139637037590148e+00	2.788782391983087305e-01	1.718073506418659607e-02	4.087280755269306724e-03	5.043092933877152406e-01	9.816961616480285313e-02	-2.830184620297956921e-02	-2.609649394269800745e-03
2.273965752357932151e-09	1.765462167923969039e+00	9.350064237360951935e+00	2.788136654400268366e-01	1.692765451771289023e-02	4.036989771267099174e-03	5.032923574679347700e-01	9.809541980219721458e-02	-2.806434129611075357e-02	-2.583826444436477642e-03
2.381685551976160644e-09	1.754962228509948430e+00	9.297627129363903009e+00	2.787185560767519443e-01	1.668583498288589775e-02	3.989462630365771777e-03	5.023533216390607681e-01	9.804102041503220955e-02	-2.782752992329717151e-02	-2.558705567116140601e-03
2.494508135230316413e-09	1.744404842350435247e+00	9.245851865601423469e+00	2.785932486149264586e-01	1.645497293678858247e-02	3.944623561683703421e-03	5.014909372228076867e-01	9.800617025217248091e-02	-2.759155336074894938e-02	-2.534281507468663219e-03
2.612675225563326382e-09	1.733799453477856689e+00	9.194761285755509661e+00	2.784380850018691178e-01	1.623477563636783680e-02	3.902400252857424548e-03	5.007039776228814354e-01	9.799062670566226207e-02	-2.735654907755749599e-02	-2.510548950399689970e-03
2.736439997074666368e-09	1.723155273546665978e+00	9.144377548755336704e+00	2.782534128806747331e-01	1.602496550329915101e-02	3.862725072743144854e-03	4.999912566700689953e-01	9.799415428448204901e-02	-2.712265099582943789e-02	-2.487502543008042119e-03
2.866067616948244470e-09	1.712481289708597254e+00	9.094722183811281724e+00	2.780395858678756937e-01	1.582527158005417670e-02	3.825532581064735801e-03	4.993515928208756560e-01	9.801651937807327741e-02	-2.688998976004088048e-02	-2.465136934843142284e-03
3.001835813575592210e-09	1.701786331891227855e+00	9.045816381026424935e+00	2.777969661309153682e-01	1.563544265988382406e-02	3.790763076249100728e-03	4.987838632015833551e-01	9.805749635842749001e-02	-2.665869418829386328e-02	-2.443446909023791729e-03
3.144035471591500167e-09	1.691079032591736420e+00	8.997680801592393252e+00	2.775259242247132829e-01	1.545523587413501383e-02	3.758359457419484847e-03	4.982869558534812615e-01	9.811686117584902944e-02	-2.642889045987622740e-02	-2.422427308524519301e-03
3.292971255097148186e-09	1.680367813007419997e+00	8.950335522061019233e+00	2.772268390328576637e-01	1.528441905174968661e-02	3.728267868247683772e-03	4.978597804249648151e-01	9.819439267639777646e-02	-2.620070184748360398e-02	-2.402073019014941326e-03
3.448962260405766611e-09	1.669660887610675770e+00	8.903800040288759376e+00	2.769000987822159421e-01	1.512277082982020800e-02	3.700437712244742348e-03	4.975012681640131884e-01	9.828987211101719579e-02	-2.597424882894204187e-02	-2.382378976763854361e-03
3.612342699709437910e-09	1.658966267023974650e+00	8.858093280081211773e+00	2.765461017915651909e-01	1.497008273274526118e-02	3.674822047715478601e-03	4.972103804023524365e-01	9.840308351996161773e-02	-2.574964916461281242e-02	-2.363340176297664633e-03
3.783462617131932968e-09	1.648291759988745220e+00	8.813233591938091749e+00	2.761652571574385040e-01	1.482615095882217765e-02	3.651375635209959825e-03	4.969860735298500809e-01	9.853380934690976478e-02	-2.552701792374223108e-02	-2.344951670832145976e-03
3.962688638701478467e-09	1.637644978332231993e+00	8.769238759131678052e+00	2.757579857397216561e-01	1.469078594368449127e-02	3.630057182679967409e-03	4.968273387619144277e-01	9.868183445271948295e-02	-2.530646758663982962e-02	-2.327208578308505565e-03
4.150404757850472502e-09	1.627033342415743489e+00	8.726126009349325585e+00	2.753247210248807586e-01	1.456380941360138279e-02	3.610828709766626936e-03	4.967331889792351296e-01	9.884694427839221809e-02	-2.508810818208027926e-02	-2.310106095423859925e-03
4.347013158125017173e-09	1.616464099806350196e+00	8.683912082848545211e+00	2.748659104171855549e-01	1.444504368447451642e-02	3.593652453638883533e-03	4.967026126049151058e-01	9.902891784117487384e-02	-2.487204757053353490e-02	-2.293639508797224932e-03
4.552935074866938773e-09	1.605944358927746229e+00	8.642613354102731904e+00	2.743820173892677627e-01	1.433432726286157192e-02	3.578495093595798326e-03	4.967346371821425022e-01	9.922753511793140635e-02	-2.465839220834056822e-02	-2.277804263221452907e-03
4.768611697714474181e-09	1.595481063619189177e+00	8.602245722296093078e+00	2.738735208912169150e-01	1.423150546803603721e-02	3.565325419816832604e-03	4.968282905108146186e-01	9.944257241527060254e-02	-2.444724650006491196e-02	-2.262595899338820486e-03
4.994505115855140358e-09	1.585080990353207930e+00	8.562824588668451753e+00	2.733409157778409204e-01	1.413643143577947812e-02	3.554114141319391663e-03	4.969826044483247607e-01	9.967380159774019699e-02	-2.423871284713854934e-02	-2.248010072320683235e-03
5.231099308056257792e-09	1.574750751038451302e+00	8.524364858563759029e+00	2.727847133517646849e-01	1.404896425721519591e-02	3.544833815971945665e-03	4.971966065526787215e-01	9.992098949383275419e-02	-2.403289152647739707e-02	-2.234042524189736641e-03
5.478901179593956120e-09	1.564496794820716019e+00	8.486880928161751214e+00	2.722054421729583895e-01	1.396897429014819572e-02	3.537460080742790575e-03	4.974693412864238939e-01	1.001838997428677464e-01	-2.382988076559506771e-02	-2.220689093389789041e-03
5.738441648302404521e-09	1.554325412857638034e+00	8.450386688014758008e+00	2.716036487962086299e-01	1.389633603958611088e-02	3.531969550738597776e-03	4.977998394010376138e-01	1.004622880111438465e-01	-2.362977674637516817e-02	-2.207945707186209985e-03
6.010276782070388176e-09	1.544242736665974336e+00	8.414895501548006251e+00	2.709798981382002259e-01	1.383093049060257068e-02	3.528340843835547046e-03	4.981871271376105414e-01	1.007559036181419898e-01	-2.343267355209547112e-02	-2.195808375794095543e-03
6.294988990221888141e-09	1.534254759584355421e+00	8.380420265214556963e+00	2.703347752123290704e-01	1.377264867562122234e-02	3.526554913915942377e-03	4.986302388869872093e-01	1.010644890835733917e-01	-2.323866348862322836e-02	-2.184273205747438214e-03
6.593188271333541710e-09	1.524367332546296971e+00	8.346973360252805563e+00	2.696688858194994376e-01	1.372138441835370377e-02	3.526593576761525000e-03	4.991281861089675864e-01	1.013877765981649748e-01	-2.304783692542014192e-02	-2.173336371850559563e-03
6.905513520162316861e-09	1.514586214823365751e+00	8.314566828402517373e+00	2.689828596754310075e-01	1.367703763900587205e-02	3.528440108441759353e-03	4.996799673785762841e-01	1.017254873952755517e-01	-2.286028329013970253e-02	-2.162994190910701858e-03
7.232633896483518810e-09	1.504917032738975147e+00	8.283212206275782918e+00	2.682773482723817549e-01	1.363951557126496551e-02	3.532079564260450465e-03	5.002845752258056056e-01	1.020773330887423808e-01	-2.267609012460598816e-02	-2.153243047015685179e-03
7.575250258771920716e-09	1.495365285259234511e+00	8.252920524088102283e+00	2.675530255893600051e-01	1.360873026508130010e-02	3.537498238399993354e-03	5.009409846755660256e-01	1.024430139431559278e-01	-2.249534315298054241e-02	-2.144079392852393535e-03
7.934096665797492339e-09	1.485936342436285917e+00	8.223702281846735573e+00	2.668105881868880203e-01	1.358459799376321962e-02	3.544683309762930879e-03	5.016481503217000704e-01	1.028222178143604199e-01	-2.231812617565427648e-02	-2.135499736589249568e-03
8.309941949353386453e-09	1.476635447294096348e+00	8.195567425905222692e+00	2.660507558196425482e-01	1.356703900754957504e-02	3.553622754360249384e-03	5.024050042545306072e-01	1.032146193525019101e-01	-2.214452101582210092e-02	-2.127500626028765336e-03
8.703591361485183753e-09	1.467467718102438923e+00	8.168525336367867595e+00	2.652742716858445537e-01	1.355597955813948007e-02	3.564306065560895846e-03	5.032104635583345420e-01	1.036198809205083476e-01	-2.197460747459807628e-02	-2.120078637119009960e-03
9.115888299750837812e-09	1.458438147632165283e+00	8.142584798228430287e+00	2.644819025735878903e-01	1.355134896659055364e-02	3.576723174411075828e-03	5.040634177419859308e-01	1.040376500926904063e-01	-2.180846325057066160e-02	-2.113230362102340963e-03
9.547716114208065503e-09	1.449551608545144532e+00	8.117753980985135343e+00	2.636744397515514704e-01	1.355307887055744176e-02	3.590864360505137930e-03	5.049627243011347577e-01	1.044675587042276504e-01	-2.164616390133803844e-02	-2.106952382246279377e-03
1.000000000000000021e-08	1.440812850079662866e+00	8.094040414077543488e+00	2.628526983286579299e-01	1.356110501248889919e-02	3.606720637132904920e-03	5.059072161970080694e-01	1.049092235547624541e-01	-2.148778276930268100e-02	-2.101241270257084726e-03
