# Pressure Mass Radius Compactness k2 k3 h2 h3 j2 j3
9.999999999999999799e-13	1.060386169841845555e-01	4.084896631594305205e+01	3.833127088320564813e-03	3.652626791255051135e-04	5.329097019108426978e-05	9.892950675956736495e-01	3.282862090776619834e-01	-3.449338389419201239e-06	-2.483758376726365308e-07
1.047370897959448749e-12	1.086358276878537643e-01	3.784331980358821568e+01	4.238908916101801622e-03	4.679416510832221511e-04	5.505413053250224532e-05	9.882988504954346443e-01	3.277558090992111484e-01	-4.740940588872134831e-06	-3.174129902973639673e-07
1.096985797892381920e-12	1.113428662999622759e-01	3.529039750574724366e+01	4.658821617420888343e-03	6.001229799020225053e-04	6.424858101155969052e-05	9.873213728986739435e-01	3.272088861159386797e-01	-6.437883367427244403e-06	-4.100891899806650052e-07
1.148951000187311009e-12	1.141609634844987786e-01	3.309789936540716582e+01	5.093161286589046460e-03	7.669030581730507806e-04	7.681395623532356052e-05	9.863737287046534519e-01	3.266455243800425179e-01	-8.630400294107345329e-06	-5.343386872499361895e-07
1.203377840777590522e-12	1.170918235882287967e-01	3.119688853996934697e+01	5.542242489164613505e-03	9.736074070373436406e-04	9.115988271544655359e-05	9.854648748582559570e-01	3.260658747058903795e-01	-1.141968992885521359e-05	-7.000887078173435812e-07
1.260382929679727463e-12	1.201376088385587154e-01	2.953482424062947942e+01	6.006407980725590214e-03	1.225711909452546679e-03	1.071144343019246419e-04	9.846059114012697400e-01	3.254701452859956601e-01	-1.491808345317726913e-05	-9.195358503543995061e-07
1.320088400831416649e-12	1.233009265303905561e-01	2.807096637982456500e+01	6.486033852402269852e-03	1.528751254514744201e-03	1.323659710724333044e-04	9.838072618308152384e-01	3.248585906272020707e-01	-1.924917824420564492e-05	-1.207425680843634921e-06
1.382622173764653478e-12	1.265847907824028395e-01	2.677325919077758698e+01	6.981528589031358277e-03	1.888302132868757352e-03	1.613084433235461755e-04	9.830796979738883890e-01	3.242315284137567422e-01	-2.454790681758632013e-05	-1.581322903610994693e-06
1.448118227674535917e-12	1.299925961916852390e-01	2.561614958478302739e+01	7.493332465848921188e-03	2.309863766506863730e-03	1.986215381193639910e-04	9.824336898683130315e-01	3.235893253957700666e-01	-3.096058954587298451e-05	-2.061880466067736570e-06
1.516716888470924089e-12	1.335281005998016635e-01	2.457902946803897848e+01	8.021917220279874139e-03	2.798809359191417687e-03	2.437467474901466370e-04	9.818793872837718872e-01	3.229323993934686832e-01	-3.864496568951048525e-05	-2.673096192981812437e-06
1.588565129428052692e-12	1.371954141633660307e-01	2.364510386346090698e+01	8.567785873695221710e-03	3.360362403725784992e-03	3.004284549553116958e-04	9.814267168425434562e-01	3.222612267246748319e-01	-4.777021026260729785e-05	-3.442558423070465869e-06
1.663816886076127415e-12	1.409989939770735501e-01	2.280055514495627378e+01	9.131472756506399044e-03	3.999395996050811482e-03	3.687812425408869971e-04	9.810849304416059402e-01	3.215762858449395245e-01	-5.851696780603821146e-05	-4.401683326433275570e-06
1.742633386009647278e-12	1.449436413581263461e-01	2.203391713512428751e+01	9.713543534185098763e-03	4.720692369824311223e-03	4.495641119310630584e-04	9.808630520026588862e-01	3.208781559507155046e-01	-7.107735033636965291e-05	-5.585924574654124320e-06
1.825183494319046040e-12	1.490345032473208153e-01	2.133560010218479164e+01	1.031459539244229152e-02	5.528583555314198379e-03	5.462033477678931385e-04	9.807691969799182674e-01	3.201674023598050645e-01	-8.565498550079744019e-05	-7.034984753742462968e-06
1.911644075385703708e-12	1.532770560188926601e-01	2.069752858061792011e+01	1.093525448578286895e-02	6.427052922490992387e-03	6.592325562831203092e-04	9.808108766802553502e-01	3.194446174229186863e-01	-1.024649587308611528e-04	-8.792986969902916774e-06
2.002200371815584363e-12	1.576770637589398338e-01	2.011286189989429474e+01	1.157616977205879437e-02	7.419698568370997581e-03	7.910117010010907180e-04	9.809947896806339163e-01	3.187104207299194525e-01	-1.217336112850949927e-04	-1.090861182206381625e-05
2.097046401323230665e-12	1.622405846971634868e-01	1.957576722751528919e+01	1.223801399743059889e-02	8.509647415763623574e-03	9.427996513284863950e-04	9.813267260584123131e-01	3.179654310092629999e-01	-1.436984568459270741e-04	-1.343521824833833444e-05
2.196385372416542332e-12	1.669739713223229727e-01	1.908124173890560371e+01	1.292148351928717499e-02	9.699582095486698405e-03	1.117123479907983609e-03	9.818116683818606250e-01	3.172102693782301031e-01	-1.686080557928803212e-04	-1.643093411660479018e-05
2.300430119772921506e-12	1.718838688963060246e-01	1.862497119307937155e+01	1.362729777309862854e-02	1.099166926088235470e-02	1.315226600386257489e-03	9.824535950152527564e-01	3.164455364260234105e-01	-1.967218517893471884e-04	-1.995871182515256422e-05
2.409403560239526876e-12	1.769772129532758420e-01	1.820321634362329277e+01	1.435619854267677041e-02	1.238756521201994122e-02	1.539048670888897062e-03	9.832554674324734956e-01	3.156718060269992354e-01	-2.283099695200349459e-04	-2.408634734030150931e-05
2.523539170434765862e-12	1.822612271296259745e-01	1.781272091086045961e+01	1.510894921942445082e-02	1.388837222550131159e-02	1.790163798860041700e-03	9.842192199928283536e-01	3.148896066077023215e-01	-2.636529755298363978e-04	-2.888646209947592341e-05
2.643081486974102692e-12	1.877434188875680421e-01	1.745063656537810814e+01	1.588633379673890650e-02	1.549465362643646579e-02	2.070243822848664896e-03	9.853457363214596088e-01	3.140994199740638204e-01	-3.030415799449258374e-04	-3.443643897912808616e-05
2.768286630392061017e-12	1.934315749431502474e-01	1.711446128504063324e+01	1.668915582389300656e-02	1.720640409547265562e-02	2.380534133561403812e-03	9.866347980828554798e-01	3.133016611181347888e-01	-3.467762901581660775e-04	-4.081831677895549196e-05
2.899422853882880921e-12	1.993337546349054357e-01	1.680198845353907799e+01	1.751823711173829470e-02	1.902303127596375459e-02	2.722415279801538007e-03	9.880850748630310987e-01	3.124966656601615989e-01	-3.951669957681044920e-04	-4.811863255444412955e-05
3.036771118035460378e-12	2.054582694873630377e-01	1.651126506325953613e+01	1.837441459727728529e-02	2.094335232162360116e-02	3.097073517536260475e-03	9.896941012008830807e-01	3.116846843407576895e-01	-4.485323724486638911e-04	-5.642819762584580534e-05
3.180625692794118977e-12	2.118134692539712649e-01	1.624056436735800446e+01	1.925851035522591417e-02	2.296553452323510727e-02	3.505502118698718573e-03	9.914582341677050659e-01	3.108658973304465056e-01	-5.071973423025018029e-04	-6.584151035013768795e-05
3.331294787934670055e-12	2.184077893123705372e-01	1.598835005130951004e+01	2.017133814744181963e-02	2.508709031813187093e-02	3.948383252285521221e-03	9.933726197412781067e-01	3.100403905617392097e-01	-5.714924272264049112e-04	-7.645638833518962195e-05
3.489101213406766494e-12	2.252499433114241167e-01	1.575324281426353501e+01	2.111372974410507045e-02	2.730496427635204643e-02	4.426342974547929979e-03	9.954313062472580631e-01	3.092081244231893455e-01	-6.417547410017675636e-04	-8.837384339471372990e-05
3.654383070957261569e-12	2.323489235342733883e-01	1.553400082323073050e+01	2.208653439544140673e-02	2.961553543753788972e-02	4.939663129138390472e-03	9.976272227809760418e-01	3.083689219428158990e-01	-7.183274361701279514e-04	-1.016976875842591000e-04
3.827494478516314936e-12	2.397139925164679941e-01	1.532950311880501104e+01	2.309061723500769811e-02	3.201464949210177519e-02	5.488397420036507206e-03	9.999522522946557856e-01	3.075224666066455614e-01	-8.015590348816960297e-04	-1.165340834311592177e-04
4.008806328898464320e-12	2.473546723534145730e-01	1.513873525164588330e+01	2.412685750699535697e-02	3.449760957212931467e-02	6.072432208170370702e-03	1.002397218920263011e+00	3.066682924514652631e-01	-8.918026866909723382e-04	-1.329910442759457852e-04
4.198707084443905621e-12	2.552807312817357843e-01	1.496077681374201696e+01	2.519614657696591514e-02	3.705923852653712075e-02	6.691363094812200277e-03	1.004952003232979063e+00	3.058057848619119001e-01	-9.894153457897828744e-04	-1.511778834003368833e-04
4.397603609302712498e-12	2.635021674389879109e-01	1.479479057847483681e+01	2.629938572709182576e-02	3.969383478947438593e-02	7.344493436974924676e-03	1.007605447219405592e+00	3.049341749056223017e-01	-1.094756856728028912e-03	-1.712046105006493789e-04
4.605922041145112927e-12	2.720291895178661434e-01	1.464001301206015881e+01	2.743748371977372535e-02	4.239526893487281095e-02	8.030893587042363391e-03	1.010345556873798678e+00	3.040525444134535293e-01	-1.208188945132826833e-03	-1.931812784840902862e-04
4.824108704165373984e-12	2.808721938663724660e-01	1.449574595883671790e+01	2.861135409605880531e-02	4.515695134862927201e-02	8.749338728831840967e-03	1.013159425333482355e+00	3.031598182902347505e-01	-1.330074099087127709e-03	-2.172172763576500523e-04
5.052631065335679604e-12	2.900417378004241375e-01	1.436134932919277318e+01	2.982191220840775536e-02	4.797189773977248578e-02	9.498404652603608528e-03	1.016033368069408915e+00	3.022547779133849533e-01	-1.460774330091594219e-03	-2.434205687161759021e-04
5.291978735958436557e-12	2.995484361747273172e-01	1.423623556254956490e+01	3.107006244851418658e-02	5.083269581067589166e-02	1.027631259576263466e-02	1.018952865662416274e+00	3.013360587314810601e-01	-1.600648728343558079e-03	-2.718966636766317045e-04
5.542664520663095602e-12	3.094024402179578748e-01	1.411986908830432164e+01	3.235663124270912044e-02	5.373144249336851697e-02	1.108107114950353418e-02	1.021902584871851927e+00	3.004022141884473140e-01	-1.750044309128718145e-03	-3.027461416668029677e-04
5.805225516094907684e-12	3.196137781724751603e-01	1.401175487279649623e+01	3.368241302422316646e-02	5.665985506448218550e-02	1.191036832723185897e-02	1.024866465867076748e+00	2.994516734258177437e-01	-1.909299144790751589e-03	-3.360646343506593081e-04
6.080224261649427052e-12	3.301926295777379283e-01	1.391143120377238596e+01	3.504820638392508458e-02	5.960945915820550778e-02	1.276169501844049391e-02	1.027828017763684487e+00	2.984827330657420230e-01	-2.078745422069929252e-03	-3.719428663405663403e-04
6.368249944718585906e-12	3.411493030896203815e-01	1.381846704132793313e+01	3.645481145746934382e-02	6.257159979008414252e-02	1.363232667202722570e-02	1.030770329593975854e+00	2.974935600567676919e-01	-2.258708343403583677e-03	-4.104658717528970771e-04
6.669919663030115058e-12	3.524942092869248755e-01	1.373245951987235713e+01	3.790302696176648528e-02	6.553747305186723160e-02	1.451935270449460601e-02	1.033676131529172926e+00	2.964822048825402345e-01	-2.449504939433118453e-03	-4.517121970723890077e-04
6.985879746785234820e-12	3.642378297514810015e-01	1.365303160460666021e+01	3.939364701545140790e-02	6.849821934659255929e-02	1.541970046514540456e-02	1.036527983826147636e+00	2.954466221122408753e-01	-2.651442797927507436e-03	-4.957530935508719459e-04
7.316807143427207274e-12	3.763906829652788333e-01	1.357982989317055811e+01	4.092745783400825177e-02	7.144492072941767413e-02	1.633013934352859492e-02	1.039308263559731715e+00	2.943846799676665960e-01	-2.864818733047687100e-03	-5.426517116649391161e-04
7.663410868007462274e-12	3.889632860907193401e-01	1.351252257503777088e+01	4.250523416470645272e-02	7.436863916312765055e-02	1.724731765929750707e-02	1.041999238023672225e+00	2.932941724281764029e-01	-3.089917358358929087e-03	-5.924622912916880160e-04
8.026433522257174683e-12	4.019661130339945432e-01	1.345079752791282779e+01	4.412773555691999056e-02	7.726052300607290368e-02	1.816777217736444128e-02	1.044583286085913221e+00	2.921728463297460499e-01	-3.327009588205053370e-03	-6.452293594027751038e-04
8.406652885618316356e-12	4.154095481691071345e-01	1.339436056057687097e+01	4.579570236288064977e-02	8.011171046207588020e-02	1.908795223318093814e-02	1.047042679797727471e+00	2.910183966510133113e-01	-3.576351041565032848e-03	-7.009869352637320339e-04
8.804883581643446547e-12	4.293038361214095988e-01	1.334293377378946133e+01	4.750985159045657824e-02	8.291350670802909162e-02	2.000426445899609537e-02	1.049359962333838547e+00	2.898285078765454048e-01	-3.838180371855659610e-03	-7.597577522214868243e-04
9.221978823334340144e-12	4.436590266800378712e-01	1.329625405073120170e+01	4.927087245885700822e-02	8.565735042897611173e-02	2.091306291154864869e-02	1.051517865660666073e+00	2.886008564334445747e-01	-4.112717492922970779e-03	-8.215524966972726374e-04
9.658832241158709141e-12	4.584847308758326356e-01	1.325407214628743269e+01	5.107939932802132987e-02	8.833482332869393994e-02	2.181068411657582917e-02	1.053499372497159303e+00	2.873331476611759583e-01	-4.400158145489010096e-03	-8.863682697589390447e-04
1.011637979766206976e-11	4.737894920784004316e-01	1.321615249998757768e+01	5.293593864279359795e-02	9.093760281257112776e-02	2.269343389626722607e-02	1.055287742434820819e+00	2.860231812413615571e-01	-4.700660565471199981e-03	-9.541853138238086006e-04
1.059560179277614774e-11	4.895813312918332327e-01	1.318226995497954057e+01	5.484093906818306163e-02	9.345764337775923358e-02	2.355765827085810199e-02	1.056866732422140354e+00	2.846688222609993768e-01	-5.014354932731072446e-03	-1.024968961462510318e-03
1.109752496412069864e-11	5.058678955634583474e-01	1.315220851456814977e+01	5.679481218090765005e-02	9.588726031647090697e-02	2.439978941958706460e-02	1.058220721904861827e+00	2.832680051653682640e-01	-5.341345795695393202e-03	-1.098670094927205795e-03
1.162322468679854125e-11	5.226563986163614839e-01	1.312576076640868372e+01	5.879792801614345393e-02	9.821912184217808373e-02	2.521634972281162901e-02	1.059334690458753281e+00	2.818187394412776658e-01	-5.681710597094200010e-03	-1.175224803061767796e-03
1.217382727739662020e-11	5.399535584504542296e-01	1.310272728139828047e+01	6.085061066137634200e-02	1.004463544768987443e-01	2.600399972696065126e-02	1.060194452156163480e+00	2.803191460213686481e-01	-6.035498198180137483e-03	-1.254554114099735908e-03
1.275051240713012859e-11	5.577655339583077465e-01	1.308291607839074722e+01	6.295313375822637891e-02	1.025624525473210480e-01	2.675953381097886941e-02	1.060786448682452754e+00	2.787674525601107067e-01	-6.402727421584290465e-03	-1.336563816556393712e-03
1.335451562929897339e-11	5.760978556409594997e-01	1.306614201681834686e+01	6.510571600752143584e-02	1.045614188778076076e-01	2.747992404749781403e-02	1.061098067005501466e+00	2.771620294932222728e-01	-6.783385567141564897e-03	-1.421144356512498395e-03
1.398713102647241439e-11	5.949553569136220021e-01	1.305222627770844745e+01	6.730851670385254448e-02	1.064377229774847444e-01	2.816232243171289812e-02	1.061117545349963054e+00	2.755013912931271181e-01	-7.177426991294934798e-03	-1.508170840099340871e-03
1.464971398307287854e-11	6.143421008781251302e-01	1.304099581897743754e+01	6.956163126074477177e-02	1.081863327493251814e-01	2.880408724131146292e-02	1.060834046829024935e+00	2.737842180134914538e-01	-7.584771683456761372e-03	-1.597503123794614000e-03
1.534368408930013065e-11	6.342613098457723364e-01	1.303228302407718076e+01	7.186508640637241652e-02	1.098027517689769278e-01	2.940279673639696958e-02	1.060237749573000654e+00	2.720093680820842574e-01	-8.005303908486418110e-03	-1.688986023172333803e-03
1.607052818261638620e-11	6.547152859335370056e-01	1.302592506809842732e+01	7.421883622391389768e-02	1.112830026577493747e-01	2.995626206515051085e-02	1.059319812251625414e+00	2.701758887332819103e-01	-8.438870900163132627e-03	-1.782449609444475324e-03
1.683180353330955093e-11	6.757053374474950580e-01	1.302176360113564613e+01	7.662275755895617269e-02	1.126236254851740726e-01	3.046252833481503594e-02	1.058072375828911449e+00	2.682830191839342127e-01	-8.885281649918558289e-03	-1.877709641407670224e-03
1.762914118095944293e-11	6.972316591792439011e-01	1.301964438352262299e+01	7.907664074541025101e-02	1.138217441479324604e-01	3.091990752550709265e-02	1.056488735774465670e+00	2.663302229680578059e-01	-9.344304806350883091e-03	-1.974567896390048982e-03
1.846424942895546448e-11	7.192927511326872025e-01	1.301941692309140031e+01	8.158012828711430631e-02	1.148749986169015358e-01	3.132695604095160624e-02	1.054563291621543719e+00	2.643172250353438835e-01	-9.815656969131428614e-03	-2.072810624203021319e-03
1.933891750455232057e-11	7.418858094743845388e-01	1.302093468106225416e+01	8.413276049711208848e-02	1.157816260959796395e-01	3.168251026979331669e-02	1.052291654970979984e+00	2.622439945802926831e-01	-1.029901170828378260e-02	-2.172211540979680170e-03
2.025501939230666486e-11	7.650072765966746680e-01	1.302405533661471182e+01	8.673403848368382851e-02	1.165405183992019728e-01	3.198570269503632491e-02	1.049670688630841120e+00	2.601107001999863333e-01	-1.079401249151686233e-02	-2.272535556922738401e-03
2.121451784910627571e-11	7.886528159783399161e-01	1.302864110881857407e+01	8.938342096419645000e-02	1.171511568738262954e-01	3.223594944388864791e-02	1.046698378184577116e+00	2.579177047303039538e-01	-1.130027324485085617e-02	-2.373539906340517425e-03
2.221946860939528424e-11	8.128172828259098148e-01	1.303455871968353108e+01	9.208032247007361115e-02	1.176136583666789054e-01	3.243295695388381805e-02	1.043373969442915383e+00	2.556655767348930408e-01	-1.181737925879970327e-02	-2.474975362962782578e-03
2.327202478960412005e-11	8.374946822659067314e-01	1.304167958408988248e+01	9.482410824872776478e-02	1.179287423004626301e-01	3.257671560313207815e-02	1.039697924715721866e+00	2.533550938283320453e-01	-1.234488736939642894e-02	-2.576587369791493842e-03
2.437444150122221807e-11	8.626781394339504416e-01	1.304987970786144835e+01	9.761409217026863205e-02	1.180976515348989980e-01	3.266747428465453101e-02	1.035671759658231661e+00	2.509872261517158698e-01	-1.288232684382461385e-02	-2.678117316679991516e-03
2.552908068239516723e-11	8.883598644032186797e-01	1.305903969308472590e+01	1.004495330555174593e-01	1.181222072246643773e-01	3.270575037313956657e-02	1.031298211904638329e+00	2.485631538018077402e-01	-1.342919993593776756e-02	-2.779303785455657008e-03
2.673841615839943880e-11	9.145311223298863146e-01	1.306904464903047725e+01	1.033296320375653304e-01	1.180047454585049782e-01	3.269231038269164447e-02	1.026581120160116711e+00	2.460842566903163331e-01	-1.398498272149825521e-02	-2.879883859363765661e-03
2.800503894183625342e-11	9.411822081538896434e-01	1.307978401644100153e+01	1.062535309574903081e-01	1.177480670708976884e-01	3.262815027433697834e-02	1.021525331837131345e+00	2.435521036645358628e-01	-1.454912619288853404e-02	-2.979594475190911699e-03
2.933166278390048099e-11	9.683024108173881039e-01	1.309115169185478678e+01	1.092203070048541752e-01	1.173554490640535825e-01	3.251448999926750266e-02	1.016136771175224052e+00	2.409684574514670830e-01	-1.512105655412985389e-02	-3.078173663553497759e-03
3.072112998861759207e-11	9.958799973902436875e-01	1.310304572208204732e+01	1.122289728272706372e-01	1.168305871882344554e-01	3.235275534515696244e-02	1.010422327026977873e+00	2.383352637264842533e-01	-1.570017676813415322e-02	-3.175361962430059068e-03
3.217641750250735458e-11	1.023902183142139322e+00	1.311536828283353096e+01	1.152784726627570366e-01	1.161775576698940993e-01	3.214455745740568693e-02	1.004389793143327880e+00	2.356546409363184380e-01	-1.628586728865253838e-02	-3.270903698349153163e-03
3.370064329271925032e-11	1.052352812384936387e+00	1.312802426910092635e+01	1.183674332370565629e-01	1.154009230914828932e-01	3.189171670846925599e-02	9.980485226379252062e-01	2.329291087670266047e-01	-1.687743930815068655e-02	-3.364540798543869983e-03
3.529707302730657668e-11	1.081206370021458030e+00	1.314091529445125417e+01	1.214935479569045351e-01	1.145056454879532365e-01	3.159625780085665442e-02	9.914100546804257563e-01	2.301620627495500060e-01	-1.747401341201526917e-02	-3.455996346788862625e-03
3.696912707195032437e-11	1.110429274164997260e+00	1.315393611610242885e+01	1.246537675625610658e-01	1.134971254649952827e-01	3.126042733799868495e-02	9.844878987200871290e-01	2.273576085407899572e-01	-1.807454828326602453e-02	-3.544983272020308870e-03
3.872038781812557004e-11	1.139980484429125696e+00	1.316697198115050682e+01	1.278444091192767751e-01	1.123810656069487851e-01	3.088665121253417536e-02	9.772970010056432066e-01	2.245204128064300086e-01	-1.867785932249837327e-02	-3.631210984388306279e-03
4.055460735840827506e-11	1.169811619940758440e+00	1.317989791407065603e+01	1.310611938263025467e-01	1.111634502315101691e-01	3.047752187758276388e-02	9.698536233657419903e-01	2.216556451677101636e-01	-1.928262482935551303e-02	-3.714389833770476070e-03
4.247571552536894126e-11	1.199867214483147038e+00	1.319257844230608612e+01	1.342992961544139940e-01	1.098505515919796227e-01	3.003578335096025037e-02	9.621752907107365971e-01	2.187689133869211433e-01	-1.988739675046672165e-02	-3.794236001493829242e-03
4.448782831127576069e-11	1.230085060292094967e+00	1.320486798849286814e+01	1.375533954046039287e-01	1.084488573263656941e-01	2.956430064166408814e-02	9.542805367533664374e-01	2.158661847991817095e-01	-2.049061317471320351e-02	-3.870476247511995139e-03
4.659525668664686662e-11	1.260396645553929940e+00	1.321661177658336150e+01	1.408177304135363739e-01	1.069651090985048875e-01	2.906604440603272749e-02	9.461889581241380576e-01	2.129537253446041889e-01	-2.109061282469144524e-02	-3.942852486995334846e-03
4.880251583654433574e-11	1.290727707310457273e+00	1.322764691678408333e+01	1.440861622671249509e-01	1.054062341337188152e-01	2.854405629171606965e-02	9.379209820317472301e-01	2.100380165683306544e-01	-2.168565278131705937e-02	-4.011126263806467397e-03
5.111433483440165318e-11	1.320998841406353597e+00	1.323780398426415417e+01	1.473522343755686026e-01	1.037793197768813874e-01	2.800142176150501386e-02	9.294977639178131357e-01	2.071256861121681947e-01	-2.227392615903620726e-02	-4.075082562800359971e-03
5.353566677410718816e-11	1.351126200818558720e+00	1.324690873368525601e+01	1.506092364157250174e-01	1.020915797329790681e-01	2.744124252001344313e-02	9.209410678815074247e-01	2.042234385451482948e-01	-2.285358160047625334e-02	-4.134533203244542855e-03
5.607169938205469661e-11	1.381022279105115880e+00	1.325478393779011022e+01	1.538502715137258503e-01	1.003503180800420780e-01	2.686660423623088434e-02	9.122731457954110779e-01	2.013379818956759770e-01	-2.342274453253740882e-02	-4.189319814231656433e-03
5.872786613189488850e-11	1.410598855088518233e+00	1.326125222780037127e+01	1.570685471652403520e-01	9.856273757748924835e-02	2.628050633449056928e-02	9.035159247804021021e-01	1.984757615989815038e-01	-2.397957843601706066e-02	-4.239319683178161685e-03
6.150985788580503926e-11	1.439777117217540425e+00	1.326614558921542297e+01	1.602583779759418903e-01	9.673559474271185843e-02	2.568570169261359670e-02	8.946889705804326187e-01	1.956421239969813319e-01	-2.452247963409805165e-02	-4.284462071143195667e-03
6.442363508721370414e-11	1.468490280980016882e+00	1.326931553322068780e+01	1.634153280849700574e-01	9.487516794377832963e-02	2.508467096289108272e-02	8.858093483501756626e-01	1.928412420793887139e-01	-2.505012783514972904e-02	-4.324728657117050783e-03
6.747544053110686101e-11	1.496683057227844227e+00	1.327063729490526534e+01	1.665360647096293389e-01	9.298747765513871999e-02	2.447966744527771063e-02	8.768925301041468057e-01	1.900763135967925566e-01	-2.556147570828357085e-02	-4.360147589282239305e-03
7.067181273927477085e-11	1.524311066707053408e+00	1.327001173861715166e+01	1.696182314538514091e-01	9.107826894583803679e-02	2.387272361843181812e-02	8.679525747019093407e-01	1.873496915604427604e-01	-2.605573003908718058e-02	-4.390786287953580939e-03
7.401959996915652408e-11	1.551340256305498544e+00	1.326736539241147206e+01	1.726603461556014130e-01	8.915300339028077448e-02	2.326566317032462139e-02	8.590022808887857186e-01	1.846629956068762124e-01	-2.653233649591809143e-02	-4.416745419014488604e-03
7.752597488629464062e-11	1.577746195023827180e+00	1.326264991114048897e+01	1.756616956428182219e-01	8.721683282156787731e-02	2.266010744436244492e-02	8.500532646171907736e-01	1.820172104442405181e-01	-2.699095948533378891e-02	-4.438152778420631668e-03
8.119844993184008328e-11	1.603513397867499579e+00	1.325584082962660837e+01	1.786222466022150124e-01	8.527466890919536968e-02	2.205750661787288583e-02	8.411162884643447191e-01	1.794127975312601597e-01	-2.743146473341449496e-02	-4.455158208259837188e-03
8.504489341802668113e-11	1.628634544548652974e+00	1.324693632511143981e+01	1.815425488073867666e-01	8.333103590409468575e-02	2.145912093767144216e-02	8.322009239388938884e-01	1.768497437101090031e-01	-2.785389634550004129e-02	-4.467928272938076137e-03
8.907354638610458163e-11	1.653111321907180686e+00	1.323595418550789837e+01	1.844238483306780418e-01	8.139006472495328992e-02	2.086602578783467929e-02	8.233154069394224006e-01	1.743275044111387839e-01	-2.825848496499547974e-02	-4.476642661763781221e-03
9.329304026284695888e-11	1.676952372872437813e+00	1.322292460197189179e+01	1.872679437494609578e-01	7.945532439432990979e-02	2.027909572382616266e-02	8.144662347062733287e-01	1.718450765583317275e-01	-2.864559628883432338e-02	-4.481485588963028850e-03
9.771241535346501225e-11	1.700164976283100593e+00	1.320788427331814319e+01	1.900763332378416770e-01	7.753024052985925396e-02	1.969915792573595850e-02	8.056602666601987428e-01	1.694017084832388498e-01	-2.901558202873172690e-02	-4.482637487196518625e-03
1.023411402105452712e-10	1.722753884326135410e+00	1.319087316839347146e+01	1.928501265802100850e-01	7.561810922824080405e-02	1.912700362527242418e-02	7.969048128241239537e-01	1.669969511876297497e-01	-2.936875517659923163e-02	-4.480273512092788207e-03
1.071891319205126445e-10	1.744721537973790593e+00	1.317193228652707937e+01	1.955900996226447863e-01	7.372200121111591176e-02	1.856336907102984143e-02	7.882072345484754106e-01	1.646305842688703669e-01	-2.970539573429948829e-02	-4.474564413626993219e-03
1.122667773510811312e-10	1.766068138306470470e+00	1.315110278702628221e+01	1.982967143823278766e-01	7.184476613825768743e-02	1.800893619883242244e-02	7.795748934029755883e-01	1.623025898543311862e-01	-3.002574606995734446e-02	-4.465675920703749031e-03
1.175849554052158201e-10	1.786791996076308786e+00	1.312842486291119926e+01	2.009701749047791974e-01	6.998903195068006955e-02	1.746432827635108556e-02	7.710150544265133021e-01	1.600131007027390528e-01	-3.033002152774983209e-02	-4.453770129694132295e-03
1.231550603292826197e-10	1.806889694087421283e+00	1.310393741450052829e+01	2.036104508962937876e-01	6.815719787546604957e-02	1.693010891312422134e-02	7.625348029046495890e-01	1.577623734035373537e-01	-3.061841020594831611e-02	-4.439005310488173574e-03
1.289890261253308184e-10	1.826356288073633483e+00	1.307767777805475617e+01	2.062173049215959009e-01	6.635140164557574993e-02	1.640677445894792724e-02	7.541408735100489924e-01	1.555507513292732902e-01	-3.089107571800428151e-02	-4.421536104164106376e-03
1.350993521198024986e-10	1.845184985320749593e+00	1.304968266248500974e+01	2.087902413201933871e-01	6.457361895882403335e-02	1.589477781418948896e-02	7.458399907826727127e-01	1.533787168619221153e-01	-3.114815510372856075e-02	-4.401514785547691599e-03
1.414991297434578731e-10	1.863368017983044744e+00	1.301998948557020697e+01	2.113285818719824183e-01	6.282569242337675275e-02	1.539452758933554898e-02	7.376388706949313923e-01	1.512468390006778962e-01	-3.138977392059236204e-02	-4.379092168127750664e-03
1.482020705798860072e-10	1.880898533862518374e+00	1.298863587249371321e+01	2.138316864315499000e-01	6.110917219297075376e-02	1.490634765709212585e-02	7.295434582199151752e-01	1.491555857248809125e-01	-3.161607625718974163e-02	-4.354417162132554961e-03
1.552225357427047968e-10	1.897770742459258031e+00	1.295566028716592655e+01	2.162989594510937863e-01	5.942537174909072462e-02	1.443048575336967031e-02	7.215590770168849311e-01	1.471053277967263873e-01	-3.182722321777103208e-02	-4.327635987617792918e-03
1.625755666443793407e-10	1.913980040639007951e+00	1.292110212299197869e+01	2.187298628347512097e-01	5.777539033134083263e-02	1.396712362063248433e-02	7.136904664821704936e-01	1.450963422489058574e-01	-3.202339768291630195e-02	-4.298892511014696174e-03
1.702769172225897821e-10	1.929523003531059988e+00	1.288500189401883489e+01	2.211239118942864568e-01	5.616012292106979664e-02	1.351637950100013918e-02	7.059417937539055332e-01	1.431288143404596258e-01	-3.220480250692449309e-02	-4.268327790187015358e-03
1.783430876931905687e-10	1.944397319810289293e+00	1.284740142255453144e+01	2.234806648696601450e-01	5.458032165027556365e-02	1.307832446206423464e-02	6.983168524513073683e-01	1.412028641473385138e-01	-3.237165617824664526e-02	-4.236079373912004023e-03
1.867913599020784805e-10	1.958601854458738911e+00	1.280834366513151323e+01	2.257997333004649609e-01	5.303647282761500548e-02	1.265295668971938743e-02	6.908186006185590422e-01	1.393184978310003930e-01	-3.252419625064017356e-02	-4.202281547289787693e-03
1.956398343517064725e-10	1.972136589039308552e+00	1.276787276829160689e+01	2.280807746706718375e-01	5.152906475359746163e-02	1.224026449434110174e-02	6.834500849597811012e-01	1.374757054564024750e-01	-3.266267534217482532e-02	-4.167064750312079666e-03
2.049074689815846066e-10	1.985002702375028960e+00	1.272603330528727561e+01	2.303235161317028767e-01	5.005832048343154123e-02	1.184016619823866426e-02	6.762134616665522735e-01	1.356743525857188326e-01	-3.278736157335795931e-02	-4.130554967460443178e-03
2.146141197858401440e-10	1.997202131167294503e+00	1.268287039390392756e+01	2.325277029551534591e-01	4.862437827036718979e-02	1.145255490194665646e-02	6.691106576452680033e-01	1.339142737803307726e-01	-3.289853164117585715e-02	-4.092873957162007983e-03
2.247805833548729991e-10	2.008737282972665295e+00	1.263842982297295059e+01	2.346930635658338316e-01	4.722728748406956889e-02	1.107730025141969062e-02	6.621433734896825518e-01	1.321952909672188536e-01	-3.299646493895500715e-02	-4.054139193576262665e-03
2.354286414322420067e-10	2.019611059534981656e+00	1.259275775791580365e+01	2.368193180659523278e-01	4.586698760860768997e-02	1.071424362739249216e-02	6.553129850984362736e-01	1.305171982860300062e-01	-3.308144491136988385e-02	-4.014463994126243364e-03
2.465811075822603842e-10	2.029826843440339701e+00	1.254590060591995382e+01	2.389061799135873687e-01	4.454341599415222869e-02	1.036322663635055354e-02	6.486209230282471427e-01	1.288798054832711037e-01	-3.315375764726465058e-02	-3.973957304040227206e-03
2.582618760682674929e-10	2.039388495401184276e+00	1.249790492464926217e+01	2.409533582152947329e-01	4.325629760582484773e-02	1.002403888274999884e-02	6.420678868178061327e-01	1.272828482450820975e-01	-3.321369097727937258e-02	-3.932723583728561963e-03
2.704959730463131364e-10	2.048300398366990294e+00	1.244881727264974991e+01	2.429605668772130689e-01	4.200539017347452997e-02	9.696478404702116999e-03	6.356547241059803399e-01	1.257260811360864927e-01	-3.326153634761910838e-02	-3.890863015502974386e-03
2.833096101839318258e-10	2.056567395356925232e+00	1.239868425569421539e+01	2.449275176159962097e-01	4.079035510537418890e-02	9.380322017852667227e-03	6.293819524610918537e-01	1.242092303537614129e-01	-3.329758442122940365e-02	-3.848471001466989300e-03
2.967302408188872501e-10	2.064194860798402420e+00	1.234755243846599271e+01	2.468539314384380623e-01	3.961079547710598392e-02	9.075333765924592511e-03	6.232498786599627305e-01	1.227320002398295945e-01	-3.332212967010974441e-02	-3.805638820164978110e-03
3.107866187782014063e-10	2.071188633714091232e+00	1.229546856494292584e+01	2.487395276792266352e-01	3.846627330596502636e-02	8.781270299024467388e-03	6.172586643452490085e-01	1.212940864770757632e-01	-3.333546705848553643e-02	-3.762453424191027161e-03
3.255088599835056406e-10	2.077555057061891031e+00	1.224247934222832868e+01	2.505840343241430013e-01	3.735630831165831500e-02	8.497880231911182289e-03	6.114083047023232131e-01	1.198951686546563256e-01	-3.333789235992096200e-02	-3.718997376888849484e-03
3.409285069746807543e-10	2.083301027838799779e+00	1.218863129703078307e+01	2.523871986271525869e-01	3.628036503024802129e-02	8.224902039312054561e-03	6.056985617902208574e-01	1.185349001939066949e-01	-3.332970470077243480e-02	-3.675349167852382665e-03
3.570785964900469852e-10	2.088433910024264595e+00	1.213397087929695850e+01	2.541487762996682553e-01	3.523788988950544987e-02	7.962072732398085481e-03	6.001291089895177677e-01	1.172129279704103993e-01	-3.331120122535608657e-02	-3.631582704495000050e-03
3.739937302478801677e-10	2.092961607800718049e+00	1.207854430585253880e+01	2.558685454454001085e-01	3.422828548633377599e-02	7.709122431776149233e-03	5.946994137352866749e-01	1.159288751566523307e-01	-3.328268162753011267e-02	-3.587767906984634051e-03
3.917101490809260641e-10	2.096892521608444415e+00	1.202239759214611858e+01	2.575463026195172200e-01	3.325092731229922077e-02	7.465778319761336504e-03	5.894087992580655522e-01	1.146823494618458561e-01	-3.324444572672898002e-02	-3.543970548823515733e-03
4.102658105827190344e-10	2.100235548483809556e+00	1.196557650958192021e+01	2.591818658516514273e-01	3.230517280134687086e-02	7.231766669913902712e-03	5.842564723951123584e-01	1.134729448518179556e-01	-3.319679385858104181e-02	-3.500252414272479306e-03
4.297004704320835313e-10	2.103000046414812196e+00	1.190812655377743745e+01	2.607750731105717978e-01	3.139036203130082109e-02	7.006814324259584559e-03	5.792415234913650401e-01	1.123002446398109061e-01	-3.314002505406292431e-02	-3.456671200801026984e-03
4.500557675700488183e-10	2.105195862436056053e+00	1.185009261619422638e+01	2.623257952760885137e-01	3.050580255251095566e-02	6.790644006392656563e-03	5.743628503425592946e-01	1.111638062841316249e-01	-3.307443982461552578e-02	-3.413280878678295362e-03
4.713753134116729086e-10	2.106833195627510591e+00	1.179151929464649484e+01	2.638339147929192885e-01	2.965080765559739359e-02	6.582984289606862854e-03	5.696193252458079392e-01	1.100631897969221035e-01	-3.300033630362494280e-02	-3.370131733206657015e-03
4.937047852839003559e-10	2.107922509201476835e+00	1.173245101705601989e+01	2.652993138484808777e-01	2.882467164599566284e-02	6.383563798304637757e-03	5.650097040139453464e-01	1.089979522498664838e-01	-3.291800697854015828e-02	-3.327270273778067285e-03
5.170920242896755486e-10	2.108474658916841715e+00	1.167293176184988113e+01	2.667218986809039016e-01	2.802672131495685670e-02	6.192124093220122832e-03	5.605328106687628154e-01	1.079676608453511155e-01	-3.282774753213477115e-02	-3.284740301324260217e-03
5.415871378079465267e-10	2.108500736717749291e+00	1.161300520961028404e+01	2.681015786724234573e-01	2.725622266780028044e-02	6.008395864896249813e-03	5.561871758793778264e-01	1.069718571299081433e-01	-3.272984760389486408e-02	-3.242582036298671030e-03
5.672426068491988835e-10	2.108012136998025809e+00	1.155271459552700009e+01	2.694382801113821002e-01	2.651249163791109115e-02	5.832126463942443467e-03	5.519714725133855193e-01	1.060101033290204442e-01	-3.262459555212744722e-02	-3.200832754392797606e-03
5.941133984965039838e-10	2.107020511362290183e+00	1.149210271863512745e+01	2.707319424604579527e-01	2.579482738777203604e-02	5.663063823956681828e-03	5.478842471543771131e-01	1.050819533733786115e-01	-3.251227614868937299e-02	-3.159526650900056684e-03
6.222570836730231313e-10	2.105537792065551805e+00	1.143121187741066436e+01	2.719825251111397946e-01	2.510252989986590938e-02	5.500960566063129581e-03	5.439239843820322662e-01	1.041869577548209108e-01	-3.239317272948973730e-02	-3.118695201708643599e-03
6.517339604882420571e-10	2.103576120322492304e+00	1.137008392123211564e+01	2.731899992435546376e-01	2.443490719307309100e-02	5.345575512622365542e-03	5.400891430586520769e-01	1.033246704464897137e-01	-3.226756328062119900e-02	-3.078366870252036147e-03
6.826071834272379248e-10	2.101147902442464410e+00	1.130876014810638885e+01	2.743543597910576559e-01	2.379128710122571308e-02	5.196675737554135380e-03	5.363781951051531660e-01	1.024946478054969135e-01	-3.213572489584891334e-02	-3.038567721223008663e-03
7.149428986597561750e-10	2.098265753119715527e+00	1.124728133832494059e+01	2.754756196936308799e-01	2.317097705284942161e-02	5.054028384324999248e-03	5.327894623560178733e-01	1.016964350841808445e-01	-3.199793086130028885e-02	-2.999321219871130522e-03
7.488103857590030225e-10	2.094942496585373792e+00	1.118568772774504794e+01	2.765538130468803146e-01	2.257331459856005973e-02	4.917410841995110450e-03	5.293213247871317861e-01	1.009295856260562368e-01	-3.185445173112241846e-02	-2.960648496877782161e-03
7.842822061337681836e-10	2.091191132133470187e+00	1.112401901064688303e+01	2.775889928756851699e-01	2.199764185333178204e-02	4.786606273890799471e-03	5.259721162137023232e-01	1.001936532925118278e-01	-3.170555398220516186e-02	-2.922568317721507478e-03
8.214343584919422200e-10	2.087024839181744085e+00	1.106231430904184698e+01	2.785812349221430950e-01	2.144330837213982363e-02	4.661402898182004720e-03	5.227401331750693991e-01	9.948818955746199788e-02	-3.155150138614894878e-02	-2.885097367281095389e-03
8.603464416684491388e-10	2.082456949275432567e+00	1.100061216835100097e+01	2.795306364352375672e-01	2.090967649151205879e-02	4.541595488900642026e-03	5.196236591541073535e-01	9.881274743233389724e-02	-3.139255428562715000e-02	-2.848250295625644711e-03
9.011018251665036851e-10	2.078377657959033620e+00	1.094957619331220222e+01	2.802834084738630160e-01	2.048336467726073057e-02	4.446418285430370904e-03	5.171316344375035401e-01	9.827650104009105769e-02	-3.125742937931341725e-02	-2.818242123754204249e-03
9.437878277775391497e-10	2.075113848066562294e+00	1.091180093536905282e+01	2.808120429864945367e-01	2.017801943511061610e-02	4.378724014737053229e-03	5.153520327264100587e-01	9.789795726041301827e-02	-3.115440474951435695e-02	-2.796387506290888125e-03
9.884959046625586031e-10	2.071636296830220214e+00	1.087472429669243290e+01	2.812972532044268892e-01	1.988825725345922182e-02	4.315050979993572365e-03	5.136747545296799222e-01	9.754714221708628286e-02	-3.104987905594328718e-02	-2.775318101633043703e-03
1.035321843295661502e-09	2.067917477802320825e+00	1.083823888036865313e+01	2.817375411581384270e-01	1.961325808752437463e-02	4.255248754663991557e-03	5.120981379349680562e-01	9.722442003449807690e-02	-3.094332307340411439e-02	-2.754990595274580192e-03
1.084365968689608688e-09	2.063942990970338176e+00	1.080226351243105753e+01	2.821325310450041313e-01	1.935220024575977360e-02	4.199139882813499557e-03	5.106194810014640373e-01	9.692959426649337684e-02	-3.083441962163643857e-02	-2.735364257625897289e-03
1.135733358343102889e-09	2.059705824080728664e+00	1.076673448924226406e+01	2.824824223164034698e-01	1.910431064882103097e-02	4.146543578313449142e-03	5.092357448035782497e-01	9.666220479585978242e-02	-3.072297329798094612e-02	-2.716401387782074045e-03
1.189534067370320724e-09	2.055203763691044738e+00	1.073160106856629703e+01	2.827877559340536973e-01	1.886884043156951060e-02	4.097276751372925206e-03	5.079436583830224672e-01	9.642163580687547475e-02	-3.060887006771844873e-02	-2.698067306640131429e-03
1.245883364295008068e-09	2.050437932716949518e+00	1.069682263665539246e+01	2.830492886672071329e-01	1.864512575046753037e-02	4.051170985883507415e-03	5.067400963828208038e-01	9.620720848254650515e-02	-3.049205458754663742e-02	-2.680330271487973027e-03
1.304901978014401580e-09	2.045411816230807034e+00	1.066236673984023753e+01	2.832679106275860503e-01	1.843253786566482338e-02	4.008063296041863843e-03	5.056219397689565298e-01	9.601819881519300937e-02	-3.037251265536728903e-02	-2.663160975025004231e-03
1.366716356462010101e-09	2.040130665480149652e+00	1.062820759652953839e+01	2.834446017192793210e-01	1.823050434498027506e-02	3.967801674427206757e-03	5.045862089490443791e-01	9.585386894326733409e-02	-3.025026359416009211e-02	-2.646532631042748489e-03
1.431458937523481393e-09	2.034601002054047036e+00	1.059432499055800747e+01	2.835803916030122385e-01	1.803848688136638206e-02	3.930241540424240197e-03	5.036300057122415907e-01	9.571347756487437464e-02	-3.012534982429487460e-02	-2.630420433333533186e-03
1.499268432786047049e-09	2.028830312814596137e+00	1.056070333121498805e+01	2.836763415543085975e-01	1.785600176140750631e-02	3.895250986151054320e-03	5.027506201975053823e-01	9.559629909187127017e-02	-2.999783358084316329e-02	-2.614801620485959852e-03
1.570290124729377524e-09	2.022826782341429652e+00	1.052733097096447068e+01	2.837335246630163232e-01	1.768259693834329030e-02	3.862705464816000057e-03	5.019454508849205965e-01	9.550162111907894991e-02	-2.986779115457978417e-02	-2.599655128452481485e-03
1.644676177994662829e-09	2.016599100973681669e+00	1.049419957903509548e+01	2.837530150705994125e-01	1.751785309396999835e-02	3.832488597134207746e-03	5.012120202708556516e-01	9.542875076477941310e-02	-2.973530998614644372e-02	-2.584961477537167131e-03
1.722585965398783835e-09	2.010156323050419580e+00	1.046130365342744817e+01	2.837358805644438209e-01	1.736138951967406904e-02	3.804493918962951679e-03	5.005480082995991120e-01	9.537702149075417968e-02	-2.960048649375270763e-02	-2.570702673295868941e-03
1.804186409392068039e-09	2.003507736127210226e+00	1.042864010828049715e+01	2.836831747156078332e-01	1.721284631396339734e-02	3.778620500960942329e-03	4.999511831864009159e-01	9.534578710701931137e-02	-2.946342315655036542e-02	-2.556861982146462799e-03
1.889652339691211477e-09	1.996662782856847063e+00	1.039620792145695027e+01	2.835959348461342677e-01	1.707190175229267651e-02	3.754777519640937859e-03	4.994194795648584373e-01	9.533443215223609546e-02	-2.932422784442599920e-02	-2.543423930933818699e-03
1.979166867853557524e-09	1.989630984555494475e+00	1.036400786335035384e+01	2.834751780854117831e-01	1.693824955476562130e-02	3.732878424802837675e-03	4.989509040766228476e-01	9.534236105174788423e-02	-2.918301195013324814e-02	-2.530374129409515820e-03
2.072921779595369695e-09	1.982421861050011058e+00	1.033204218492882376e+01	2.833218980244666674e-01	1.681158576816163194e-02	3.712837646105167280e-03	4.985434822663871723e-01	9.536899243327140452e-02	-2.903988875812654399e-02	-2.517699134327255894e-03
2.171117945694509622e-09	1.975044923020974563e+00	1.030031444250738915e+01	2.831370680003097995e-01	1.669166638455925333e-02	3.694586028876171990e-03	4.981955060954078585e-01	9.541379012531671366e-02	-2.889497441492476157e-02	-2.505386551368004710e-03
2.273965752357932151e-09	1.967509595189810279e+00	1.026882930062408938e+01	2.829216351502524263e-01	1.657824676696799046e-02	3.678054086984370273e-03	4.979052770092753377e-01	9.547623011976476282e-02	-2.874838496079323152e-02	-2.493424719196924398e-03
2.381685551976160644e-09	1.959825221208613577e+00	1.023759240583506269e+01	2.826765242148255863e-01	1.647108917054639424e-02	3.663175218735537347e-03	4.976711356560141186e-01	9.555580549286854519e-02	-2.860023747586430340e-02	-2.481802829761398446e-03
2.494508135230316413e-09	1.952001015739257772e+00	1.020661015210605171e+01	2.824026367983855090e-01	1.636998080959042867e-02	3.649889443026059326e-03	4.974915412266104897e-01	9.565203443464519173e-02	-2.845064918819410066e-02	-2.470510822470350486e-03
2.612675225563326382e-09	1.944046053879976865e+00	1.017588964716991207e+01	2.821008504629722857e-01	1.627472527361010710e-02	3.638141621995122626e-03	4.973650353830197379e-01	9.576445669736334543e-02	-2.829973655044523348e-02	-2.459539264968613626e-03
2.736439997074666368e-09	1.935969267025156704e+00	1.014543858987122782e+01	2.817720212364737686e-01	1.618513460765378872e-02	3.627879204571526038e-03	4.972902059851956325e-01	9.589262752373410581e-02	-2.814761580379257846e-02	-2.448879399019766607e-03
2.866067616948244470e-09	1.927779411364249906e+00	1.011526514579701974e+01	2.814169822195065618e-01	1.610103484609250180e-02	3.619053884736160315e-03	4.972657126108760983e-01	9.603612160070384984e-02	-2.799440177921747042e-02	-2.438522994190327545e-03
3.001835813575592210e-09	1.919485080341901684e+00	1.008537790066142570e+01	2.810365464281991965e-01	1.602226585455279739e-02	3.611621214329345259e-03	4.972902833596103966e-01	9.619453077423494036e-02	-2.784020862495448223e-02	-2.428462404604214437e-03
3.144035471591500167e-09	1.911094684424177181e+00	1.005578575292753030e+01	2.806315065847930224e-01	1.594866654911229059e-02	3.605536927021534520e-03	4.973626517273488923e-01	9.636745630657257700e-02	-2.768514917061820624e-02	-2.418690485158387238e-03
3.292971255097148186e-09	1.902616459536745186e+00	1.002649789162288840e+01	2.802026367292443920e-01	1.588009698978783135e-02	3.600762741826535503e-03	4.974816502933825380e-01	9.655452012462668876e-02	-2.752933512318625139e-02	-2.409200584741330239e-03
3.448962260405766611e-09	1.894058442079268767e+00	9.997523726063418437e+00	2.797506902682346808e-01	1.581642748865669940e-02	3.597263363804201457e-03	4.976461657863169852e-01	9.675535927379996792e-02	-2.737287570191651587e-02	-2.399986380717511556e-03
3.612342699709437910e-09	1.885428500029704413e+00	9.968872810565351017e+00	2.792764064237819865e-01	1.575752292885549202e-02	3.595002433473832269e-03	4.978550660042685427e-01	9.696961442459930969e-02	-2.721587997362792319e-02	-2.391042114773781532e-03
3.783462617131932968e-09	1.876734318246542355e+00	9.940554884468916441e+00	2.787805067351699639e-01	1.570326828387152984e-02	3.593949004844700090e-03	4.981073125826792070e-01	9.719694480454520169e-02	-2.705845491840129166e-02	-2.382362357796647193e-03
3.962688638701478467e-09	1.867983376724810851e+00	9.912579684610255626e+00	2.782636968499275221e-01	1.565355291927107012e-02	3.594073526880852461e-03	4.984018921344105513e-01	9.743701889456420073e-02	-2.690070562823965866e-02	-2.373942024198405411e-03
4.150404757850472502e-09	1.859182995497432156e+00	9.884957119184687002e+00	2.777266680864782789e-01	1.560827145171261691e-02	3.595348438350188993e-03	4.987378185826967236e-01	9.768951482347787429e-02	-2.674273575408478085e-02	-2.365776379514183958e-03
4.347013158125017173e-09	1.850340289934558902e+00	9.857697033453153068e+00	2.771700971303846517e-01	1.556732114862240460e-02	3.597746730794386567e-03	4.991141226045286428e-01	9.795411745528896652e-02	-2.658464680589826129e-02	-2.357860971912366377e-03
4.552935074866938773e-09	1.841462232650424857e+00	9.830809311801184336e+00	2.765946521918222767e-01	1.553061361477350334e-02	3.601245298573053314e-03	4.995298951562910927e-01	9.823052226407517906e-02	-2.642654045491689419e-02	-2.350191847561659917e-03
4.768611697714474181e-09	1.832555581942158396e+00	9.804303836471193634e+00	2.760009832260284512e-01	1.549805760823629898e-02	3.605820904777808696e-03	4.999842243837158140e-01	9.851843153060363401e-02	-2.626851404403076837e-02	-2.342765049440166929e-03
4.994505115855140358e-09	1.823626943509738085e+00	9.778190437453766037e+00	2.753897323501552363e-01	1.546957561141361001e-02	3.611453496615028326e-03	5.004762554568951138e-01	9.881755613542246575e-02	-2.611066464707180457e-02	-2.335577049825785997e-03
5.231099308056257792e-09	1.814682752088427664e+00	9.752478866383192724e+00	2.747615316008669151e-01	1.544508560121084229e-02	3.618122472907508384e-03	5.010051158992001596e-01	9.912760891092051163e-02	-2.595308769343504171e-02	-2.328624575607283250e-03
5.478901179593956120e-09	1.805729280094214628e+00	9.727178837616921925e+00	2.741170028444275264e-01	1.542451309207613225e-02	3.625809115690618346e-03	5.015699665820128050e-01	9.944830953499930737e-02	-2.579587677262043868e-02	-2.321904578603644232e-03
5.738441648302404521e-09	1.796772635210539537e+00	9.702299956499727429e+00	2.734567591904393802e-01	1.540779375544150051e-02	3.634497518189867740e-03	5.021700111156093271e-01	9.977938560106269783e-02	-2.563912382838032245e-02	-2.315414243108076219e-03
6.010276782070388176e-09	1.787818755014335403e+00	9.677851763257859119e+00	2.727814026792598767e-01	1.539486057431054336e-02	3.644170893164566574e-03	5.028044444276371649e-01	1.001205662073409580e-01	-2.548291792815877976e-02	-2.309150830730031471e-03
6.294988990221888141e-09	1.778873445608921244e+00	9.653843631361487709e+00	2.720915327776988746e-01	1.538565079352560185e-02	3.654814075697616731e-03	5.034724733440900657e-01	1.004715828624140050e-01	-2.532734851654158334e-02	-2.303112034265141893e-03
6.593188271333541710e-09	1.769942359483735128e+00	9.630284850431191757e+00	2.713877404299562812e-01	1.538011309036407641e-02	3.666414712770292659e-03	5.041733522903955045e-01	1.008321745449193424e-01	-2.517250275333510895e-02	-2.297295669082742749e-03
6.905513520162316861e-09	1.761030985289221640e+00	9.607184569146992814e+00	2.706706078218991673e-01	1.537817877407570734e-02	3.678955630419041868e-03	5.049062641571209209e-01	1.012020726331907955e-01	-2.501846506541705387e-02	-2.291699607811021472e-03
7.232633896483518810e-09	1.752144684618227588e+00	9.584551806513214700e+00	2.699407134255394913e-01	1.537980959880278810e-02	3.692428342750498325e-03	5.056705132398152669e-01	1.015810251256018676e-01	-2.486531910285094335e-02	-2.286321989506308067e-03
7.575250258771920716e-09	1.743288681694080688e+00	9.562395406767262074e+00	2.691986314256378243e-01	1.538495467574168413e-02	3.706820514889542888e-03	5.064653472181045446e-01	1.019687720104339584e-01	-2.471314724295853305e-02	-2.281161159298002172e-03
7.934096665797492339e-09	1.734468053690340295e+00	9.540724094319122273e+00	2.684449283896496175e-01	1.539356334956689006e-02	3.722120115839583354e-03	5.072900142477277941e-01	1.023650550606865911e-01	-2.456202898170042198e-02	-2.276215465033294260e-03
8.309941949353386453e-09	1.725687766209363261e+00	9.519546380487655668e+00	2.676801710811789192e-01	1.540559679667284458e-02	3.738318055593344187e-03	5.081438023016084937e-01	1.027696190840799856e-01	-2.441204399879215448e-02	-2.271483608384558799e-03
8.703591361485183753e-09	1.716952636223028739e+00	9.498870661046158403e+00	2.669049176854967342e-01	1.542101837614291183e-02	3.755405692551571067e-03	5.090260084945616992e-01	1.031822112068698366e-01	-2.426326836628732789e-02	-2.266964195937756256e-03
9.115888299750837812e-09	1.708267368488162186e+00	9.478705124283107963e+00	2.661197257236305180e-01	1.543977873699441290e-02	3.773371403529969612e-03	5.099358702764457130e-01	1.036025703596824554e-01	-2.411577751384553353e-02	-2.262656060158276840e-03
9.547716114208065503e-09	1.699636570654777357e+00	9.459057730328456870e+00	2.653251546886954415e-01	1.546184561369406442e-02	3.792207382629529753e-03	5.108726840753569087e-01	1.040304390246982458e-01	-2.396964734212463782e-02	-2.258558407368784025e-03
1.000000000000000021e-08	1.691064678901745388e+00	9.439936365401999652e+00	2.645217497942514706e-01	1.548719097531775848e-02	3.811907362973217250e-03	5.118357698270780132e-01	1.044655666983332482e-01	-2.382494724581228976e-02	-2.254669974979758764e-03
