# Pressure Mass Radius Compactness k2 k3 h2 h3 j2 j3
9.999999999999999799e-13	1.164353757167032044e-01	2.754267327913495222e+01	6.242364060847990087e-03	1.834551913267891670e-03	1.416132249902492105e-04	9.851437050061609968e-01	3.251834215667130379e-01	-2.059079415651210156e-05	-1.223554481363877066e-06
1.047370897959448749e-12	1.190739176438591201e-01	2.654930370520053629e+01	6.622679558941282386e-03	2.182009313623234099e-03	1.690785745992914564e-04	9.847293707702562404e-01	3.247052520213525306e-01	-2.513646657004976772e-05	-1.540094874470530740e-06
1.096985797892381920e-12	1.217111799759079960e-01	2.565835642530381833e+01	7.004415077355424964e-03	2.565778477074538190e-03	2.022645825984639245e-04	9.843866653143316103e-01	3.242291840661335467e-01	-3.031286089760563518e-05	-1.920825033340747336e-06
1.148951000187311009e-12	1.243630060502867035e-01	2.484975094045524813e+01	7.389914365158106041e-03	2.988193040710308054e-03	2.406632618053518758e-04	9.841138685094739103e-01	3.237526207026908409e-01	-3.618889104111188635e-05	-2.376477322703810829e-06
1.203377840777590522e-12	1.270506029922877367e-01	2.410716163154130953e+01	7.782173086670008712e-03	3.453018445156900030e-03	2.851829570063937089e-04	9.839098624821260852e-01	3.232722571364283759e-01	-4.285946889809861648e-05	-2.920888695298812924e-06
1.260382929679727463e-12	1.297989029721302590e-01	2.341772418067980155e+01	8.184583249537363478e-03	3.965478380516645682e-03	3.373616193451484612e-04	9.837758302360050111e-01	3.227844488425741232e-01	-5.044880445328252071e-05	-3.571818807688264223e-06
1.320088400831416649e-12	1.326317607030012835e-01	2.277226097331790200e+01	8.600260730445213192e-03	4.531556637794254862e-03	3.983744033702377152e-04	9.837152808397376935e-01	3.222860823486372595e-01	-5.910245947201297220e-05	-4.350833519713894677e-06
1.382622173764653478e-12	1.355713694690712234e-01	2.216429741857411884e+01	9.032006654053384778e-03	5.157704667709750272e-03	4.696885506756580744e-04	9.837336866606762875e-01	3.217745928813302569e-01	-6.898672885970187467e-05	-5.283716739301279207e-06
1.448118227674535917e-12	1.386380517108539434e-01	2.158931776001614367e+01	9.482301566735917148e-03	5.850719639741128013e-03	5.522942151138351052e-04	9.838383075103890318e-01	3.212479875895234427e-01	-8.028815140439326907e-05	-6.400888775060844529e-06
1.516716888470924089e-12	1.418499009814933320e-01	2.104424813240543557e+01	9.953271669730073129e-03	6.617487810761292326e-03	6.488362068532892374e-04	9.840377786504667101e-01	3.207048761028821748e-01	-9.321169311587587734e-05	-7.737679318179627088e-06
1.588565129428052692e-12	1.452223223017665710e-01	2.052706940502170951e+01	1.044664079197354066e-02	7.464697116862055795e-03	7.601524055753731404e-04	9.843416886909232000e-01	3.201445169021766013e-01	-1.079773516805135000e-04	-9.334370165385455923e-06
1.663816886076127415e-12	1.487674605131870664e-01	2.003651791866526466e+01	1.096366950619991933e-02	8.398379893418364550e-03	8.900459655316344696e-04	9.847597472107670891e-01	3.195668260921614712e-01	-1.248146798712132023e-04	-1.123589010958250697e-05
1.742633386009647278e-12	1.524935157477572689e-01	1.957184873080049670e+01	1.150508315039655213e-02	9.423510463564903003e-03	1.037823067663631860e-03	9.853011367429934664e-01	3.189724326621653505e-01	-1.439547184801873571e-04	-1.349101058286885393e-05
1.825183494319046040e-12	1.564039348421151776e-01	1.913264798163387326e+01	1.207098829769221761e-02	1.054343733670200928e-02	1.207574810942670324e-03	9.859737508250907556e-01	3.183626978333115032e-01	-1.656187779304426917e-04	-1.615087460165216148e-05
1.911644075385703708e-12	1.604969147135115182e-01	1.871865662282863951e+01	1.266083198807473054e-02	1.175938691659970427e-02	1.399759616931009303e-03	9.867829954835389827e-01	3.177396681596589278e-01	-1.900060020771517880e-04	-1.926698940895619437e-05
2.002200371815584363e-12	1.647686909968390789e-01	1.832937091538858709e+01	1.327386409407565505e-02	1.307113638506070784e-02	1.615775084564529491e-03	9.877319983267982551e-01	3.171055008334502934e-01	-2.173024311317654073e-04	-2.289170668162290943e-05
2.097046401323230665e-12	1.692160103615844846e-01	1.796393023089829555e+01	1.390946182038971767e-02	1.447770630135574929e-02	1.856957845234581553e-03	9.888219748729116798e-01	3.164620994928933895e-01	-2.476917054245901854e-04	-2.707917691387484217e-05
2.196385372416542332e-12	1.738365210216676060e-01	1.762122950026591894e+01	1.456716533452542990e-02	1.597749222302277325e-02	2.124378604125273795e-03	9.900524781088265724e-01	3.158110607694546434e-01	-2.813569807237311423e-04	-3.188534270235500294e-05
2.300430119772921506e-12	1.786290568250228916e-01	1.730001268750701016e+01	1.524670222891691580e-02	1.756847921155985440e-02	2.418907366222366323e-03	9.914216561222096713e-01	3.151536704292947633e-01	-3.184833793012598275e-04	-3.736806938722656750e-05
2.409403560239526876e-12	1.835939036011353664e-01	1.699894533521818829e+01	1.594801052844647613e-02	1.924834624279854467e-02	2.741219999128995718e-03	9.929265237709753444e-01	3.144908645007448711e-01	-3.592613116381685465e-04	-4.358747607338879466e-05
2.523539170434765862e-12	1.887330599057786551e-01	1.671666993502282139e+01	1.667126091833536633e-02	2.101469602602339115e-02	3.092012415791464512e-03	9.945633062599867902e-01	3.138232404903066874e-01	-4.038907033186497496e-04	-5.060650376582908336e-05
2.643081486974102692e-12	1.940504992664698058e-01	1.645184741336952072e+01	1.741687867601413378e-02	2.286522775670621691e-02	3.471853179418041627e-03	9.963277805110863916e-01	3.131510536961134572e-01	-4.525860974193421718e-04	-5.849173056774402256e-05
2.768286630392061017e-12	1.995524404793650175e-01	1.620318756983945008e+01	1.818556585895337446e-02	2.479792138656043005e-02	3.881338772867104318e-03	9.982156102295960398e-01	3.124742192825567533e-01	-5.055826555675932378e-04	-6.731445542105099543e-05
2.899422853882880921e-12	2.052473023711199884e-01	1.596948154339971460e+01	1.897828114477240549e-02	2.681103330526725392e-02	4.320972354351046082e-03	1.000222413750634143e+00	3.117923496280221585e-01	-5.631397670462694269e-04	-7.715149598385228984e-05
3.036771118035460378e-12	2.111442348079237141e-01	1.574965950021302064e+01	1.979603868161537716e-02	2.890275884915245383e-02	4.791170910607067158e-03	1.002343636441360264e+00	3.111049652939344434e-01	-6.255297748304250753e-04	-8.808341014356214211e-05
3.180625692794118977e-12	2.172522162594718309e-01	1.554279259652003375e+01	2.063979591712911121e-02	3.107072075365124170e-02	5.292363007695427210e-03	1.004573811688018958e+00	3.104115455776298438e-01	-6.930292146498794222e-04	-1.001928575905184618e-04
3.331294787934670055e-12	2.235799246876408741e-01	1.534806598701932678e+01	2.151044439735629379e-02	3.331207414928932103e-02	5.824540579905532027e-03	1.006906768705891242e+00	3.097115617062023429e-01	-7.659163743428317470e-04	-1.135638909507327970e-04
3.489101213406766494e-12	2.301356349444948490e-01	1.516475713952326743e+01	2.240880239325716838e-02	3.562335915814560106e-02	6.387438236763657781e-03	1.009335351980795492e+00	3.090044372293718200e-01	-8.444687474417603059e-04	-1.282811650612081104e-04
3.654383070957261569e-12	2.369271117912091218e-01	1.499221842668294435e+01	2.333560658204243687e-02	3.800052281275771021e-02	6.980747817971132488e-03	1.011851465178536413e+00	3.082895575968491175e-01	-9.289601239636799748e-04	-1.444290138433221413e-04
3.827494478516314936e-12	2.439614969231223007e-01	1.482986290923128436e+01	2.429150306913719845e-02	4.043887932903428989e-02	7.603782399487040572e-03	1.014445995298954184e+00	3.075662639639988316e-01	-1.019657336204696447e-03	-1.620904044662323316e-04
4.008806328898464320e-12	2.512451886285230751e-01	1.467715261297462170e+01	2.527703784712680840e-02	4.293306889784177793e-02	8.255533184056905796e-03	1.017108728082250835e+00	3.068338410338367073e-01	-1.116816644421435778e-03	-1.813457646567597241e-04
4.198707084443905621e-12	2.587837135493973872e-01	1.453358879854294727e+01	2.629264679269802119e-02	4.547708629637606248e-02	8.934753834090345542e-03	1.019828403213675072e+00	3.060915310491715280e-01	-1.220679774236701131e-03	-2.022716923654312789e-04
4.397603609302712498e-12	2.665815539066500039e-01	1.439870457592388320e+01	2.733864017635046287e-02	4.806423561374231074e-02	9.639865742572840956e-03	1.022592640467515634e+00	3.053385263892432477e-01	-1.331469077470609844e-03	-2.249394420411138999e-04
4.605922041145112927e-12	2.746423023641732519e-01	1.427205580898322523e+01	2.841522707174051754e-02	5.068722800898606967e-02	1.036903802379409746e-02	1.025388034579995500e+00	3.045739468073495604e-01	-1.449387058426417465e-03	-2.494142744270125755e-04
4.824108704165373984e-12	2.829695624044497593e-01	1.415320817876476234e+01	2.952263134856148580e-02	5.333860121065842758e-02	1.112026836648742634e-02	1.028200736143867200e+00	3.037967779880321739e-01	-1.574627522827126746e-03	-2.757572962820346147e-04
5.052631065335679604e-12	2.915671550945301282e-01	1.404173885528692800e+01	3.066111488983690875e-02	5.601080179641211576e-02	1.189132379475114736e-02	1.031016543997883783e+00	3.030058546955065601e-01	-1.707378302392910255e-03	-3.040257206872475949e-04
5.291978735958436557e-12	3.004391398375554911e-01	1.393723970941517543e+01	3.183097747908406050e-02	5.869624109656602223e-02	1.267988978073844586e-02	1.033821022668120149e+00	3.021998730730039995e-01	-1.847821617902662555e-03	-3.342726779020122898e-04
5.542664520663095602e-12	3.095898328357217788e-01	1.383931938781039861e+01	3.303255695680790138e-02	6.138741108235812316e-02	1.348357787923780589e-02	1.036599746439371472e+00	3.013774249438777586e-01	-1.996134508943012836e-03	-3.665470624669499061e-04
5.805225516094907684e-12	3.190238241217275283e-01	1.374760461319270100e+01	3.426622943688879819e-02	6.407684317573959787e-02	1.429984096215113597e-02	1.039338199382066730e+00	3.005369846434539083e-01	-2.152489315196621025e-03	-4.008934095779836558e-04
6.080224261649427052e-12	3.287459933406565726e-01	1.366174091362861631e+01	3.553240949833281342e-02	6.675719752512669636e-02	1.512611759211364079e-02	1.042021970642897477e+00	2.996769357404239775e-01	-2.317054188132142058e-03	-4.373517948191863727e-04
6.368249944718585906e-12	3.387615247772097771e-01	1.358139293230390088e+01	3.683155032911810539e-02	6.942129121606303854e-02	1.595975313645624227e-02	1.044636805709572736e+00	2.987955810392935452e-01	-2.489993639551254644e-03	-4.759577581978811033e-04
6.669919663030115058e-12	3.490759188304654037e-01	1.350624443733178204e+01	3.816414344265715852e-02	7.206212793197658284e-02	1.679810459895426586e-02	1.047168675049710451e+00	2.978911543484468183e-01	-2.671469048966815078e-03	-5.167422296393235550e-04
6.985879746785234820e-12	3.596948424538399247e-01	1.343599895589180804e+01	3.953069813185939446e-02	7.467290169267117028e-02	1.763845886897472473e-02	1.049603825389620937e+00	2.969618520339638579e-01	-2.861636301243947189e-03	-5.597308172876288863e-04
7.316807143427207274e-12	3.706238055718542035e-01	1.337037989014780415e+01	4.093170157893802341e-02	7.724688886371781915e-02	1.847806723852283770e-02	1.051928639173889790e+00	2.960058525610301805e-01	-3.060640031222943824e-03	-6.049423182367727860e-04
7.663410868007462274e-12	3.818681238165986258e-01	1.330912798170775346e+01	4.236761736412499035e-02	7.977754197204887932e-02	1.931419375445607087e-02	1.054129828773173960e+00	2.950213516613017783e-01	-3.268612680802425452e-03	-6.523883127270975295e-04
8.026433522257174683e-12	3.934328886324475194e-01	1.325199933099292871e+01	4.383888414307424847e-02	8.225845595203970517e-02	2.014406115888721718e-02	1.056194356835399084e+00	2.940065528500194203e-01	-3.485673652236585818e-03	-7.020728016208984410e-04
8.406652885618316356e-12	4.053229302683181157e-01	1.319876378438244124e+01	4.534591319107931368e-02	8.468338166543809553e-02	2.096490276832374197e-02	1.058109462811846813e+00	2.929596794687702177e-01	-3.711928322638290405e-03	-7.539918366652532174e-04
8.804883581643446547e-12	4.175427792592179554e-01	1.314920353091028993e+01	4.688908576198971834e-02	8.704629545922884515e-02	2.177397393552774757e-02	1.059862809909834169e+00	2.918789990781534560e-01	-3.947467032945082936e-03	-8.081331736338202626e-04
9.221978823334340144e-12	4.300966263866206063e-01	1.310311186393161620e+01	4.846875032001106420e-02	8.934137384317829278e-02	2.256858348132027847e-02	1.061442429050506675e+00	2.907628205845023683e-01	-4.192364052169824523e-03	-8.644759497657267516e-04
9.658832241158709141e-12	4.429882812741310349e-01	1.306029207779679169e+01	5.008521969811122188e-02	9.156303366592824511e-02	2.334607726513079212e-02	1.062836802723731378e+00	2.896095163056149335e-01	-4.446676530239521662e-03	-9.229903928403978500e-04
1.011637979766206976e-11	4.562211292019581199e-01	1.302055647975502239e+01	5.173876815245109784e-02	9.370592806372249339e-02	2.410386715899228913e-02	1.064034854988091361e+00	2.884175193094066780e-01	-4.710443430570348394e-03	-9.836375620474965310e-04
1.059560179277614774e-11	4.697980753726923031e-01	1.298372553736232682e+01	5.342962695096509229e-02	9.576499726199244611e-02	2.483945097156319351e-02	1.065026064939088801e+00	2.871853527659202210e-01	-4.983684236382887600e-03	-1.046369077227037167e-03
1.109752496412069864e-11	4.837214782242050259e-01	1.294962728674433450e+01	5.515797803823437040e-02	9.773543040998305953e-02	2.555041305299666360e-02	1.065800387539041161e+00	2.859116238637678387e-01	-5.266397426305185515e-03	-1.111126835806784501e-03
1.162322468679854125e-11	4.979933545378831816e-01	1.291809657778210330e+01	5.692397972843307036e-02	9.961278960524093395e-02	2.623446147819285743e-02	1.066348470711843799e+00	2.845950340506145371e-01	-5.558564549621753705e-03	-1.177844057917615522e-03
1.217382727739662020e-11	5.126154575837814642e-01	1.288897482128048466e+01	5.872777641569042889e-02	1.013929718107294542e-01	2.688942970376172192e-02	1.066661548919728864e+00	2.832343601353854434e-01	-5.860151961124319964e-03	-1.246445821973403726e-03
1.275051240713012859e-11	5.275892543436480064e-01	1.286210986892336727e+01	6.056949622036104236e-02	1.030722840677986696e-01	2.751330804455315651e-02	1.066731619269150944e+00	2.818284841937909735e-01	-6.171110589582617587e-03	-1.316849180145998523e-03
1.335451562929897339e-11	5.429159010618510584e-01	1.283735582465834035e+01	6.244924863756767808e-02	1.046473917986317920e-01	2.810423000049586117e-02	1.066551331932536151e+00	2.803763840975934674e-01	-6.491375703221589216e-03	-1.388963308240171238e-03
1.398713102647241439e-11	5.585962178259252786e-01	1.281457281560007289e+01	6.436712220663962092e-02	1.061153577030886364e-01	2.866048791623673070e-02	1.066114086401277028e+00	2.788771479260943598e-01	-6.820866665396420336e-03	-1.462689682851028850e-03
1.464971398307287854e-11	5.746306625777807264e-01	1.279362674296386260e+01	6.632318219542936155e-02	1.074735901176812197e-01	2.918053413598624413e-02	1.065413921741361847e+00	2.773299760906655087e-01	-7.159486702540462932e-03	-1.537922295538513093e-03
1.534368408930013065e-11	5.910193044599968415e-01	1.277438902657140041e+01	6.831746825028463255e-02	1.087199577895526653e-01	2.966299965392886484e-02	1.064445789209746529e+00	2.757342009651428949e-01	-7.507122668187429619e-03	-1.614547898051622030e-03
1.607052818261638620e-11	6.077617969905975137e-01	1.275673633707542010e+01	7.034999212082056197e-02	1.098526342143348877e-01	3.010667268870843849e-02	1.063205204787991409e+00	2.740892691302647677e-01	-7.863644839407405926e-03	-1.692446288394403421e-03
1.683180353330955093e-11	6.248573210869377004e-01	1.274055036386046957e+01	7.242073173984660273e-02	1.108701935712780445e-01	3.051051704016711011e-02	1.061688486161250333e+00	2.723947638038476948e-01	-8.228906060869378356e-03	-1.771490486624481943e-03
1.762914118095944293e-11	6.423044654726335345e-01	1.272571754981419367e+01	7.452961823617215709e-02	1.117715906271176951e-01	3.087367454859081192e-02	1.059892737387724715e+00	2.706504196161066411e-01	-8.602739565993231322e-03	-1.851546669011776888e-03
1.846424942895546448e-11	6.601012175317667596e-01	1.271212866809239195e+01	7.667653674067143044e-02	1.125561178533182327e-01	3.119545275088064784e-02	1.057815752673158638e+00	2.688561111344481280e-01	-8.984959157188266571e-03	-1.932474657826626068e-03
1.933891750455232057e-11	6.782449435147664962e-01	1.269967848986130043e+01	7.886132567564102525e-02	1.132234225033306174e-01	3.147533285855465962e-02	1.055456063438917402e+00	2.670118610008767601e-01	-9.375359186164399644e-03	-2.014128397603324842e-03
2.025501939230666486e-11	6.967323598988260924e-01	1.268826550774429407e+01	8.108377485403925333e-02	1.137735446449943677e-01	3.171298037496510236e-02	1.052813039837966702e+00	2.651178508184847127e-01	-9.773714378123582111e-03	-2.096356429195825322e-03
2.121451784910627571e-11	7.155595051052745514e-01	1.267779169208759882e+01	8.334362354480116808e-02	1.142066730830606641e-01	3.190818150645210322e-02	1.049886321072527995e+00	2.631743691409057506e-01	-1.017977966534581308e-02	-2.179002392188395237e-03
2.221946860939528424e-11	7.347217142304305337e-01	1.266816227183348076e+01	8.564055883646480571e-02	1.145236131263119295e-01	3.206096470942399607e-02	1.046676940644630793e+00	2.611819182712342702e-01	-1.059329017137882259e-02	-2.261905594861598166e-03
2.327202478960412005e-11	7.542135930507382069e-01	1.265928554112800342e+01	8.797421383162294661e-02	1.147252872121829748e-01	3.217147016891805378e-02	1.043186149494762738e+00	2.591411051031800028e-01	-1.101396113117695565e-02	-2.344901583541414772e-03
2.437444150122221807e-11	7.740289952888493863e-01	1.265107268680193719e+01	9.034416614250775912e-02	1.148129796741028386e-01	3.224000974555586013e-02	1.039416011129832063e+00	2.570526946797903056e-01	-1.144148796199358220e-02	-2.427822772882922212e-03
2.552908068239516723e-11	7.941610058445606191e-01	1.264343763204394300e+01	9.274993701462400097e-02	1.147882589590184937e-01	3.226704676480236789e-02	1.035369227425728456e+00	2.549175949413123310e-01	-1.187554647094077494e-02	-2.510499116698542994e-03
2.673841615839943880e-11	8.146020622737739636e-01	1.263629689965610225e+01	9.519100649321571295e-02	1.146529956452013166e-01	3.225319806671882866e-02	1.031049169173200220e+00	2.527368470035591397e-01	-1.231579607690123056e-02	-2.592759353384279774e-03
2.800503894183625342e-11	8.353441023371118712e-01	1.262956971382802962e+01	9.766682985699898234e-02	1.144093238809297947e-01	3.219921682178327610e-02	1.026459769882978934e+00	2.505115978238464658e-01	-1.276188363434084712e-02	-2.674432321066110355e-03
2.933166278390048099e-11	8.563785221794257829e-01	1.262317814150368633e+01	1.001768313592208415e-01	1.140596128495698219e-01	3.210598337980523354e-02	1.021605480832823432e+00	2.482431002749098947e-01	-1.321344321008952744e-02	-2.755347479202851883e-03
3.072112998861759207e-11	8.776961686044190136e-01	1.261704716603980003e+01	1.027204021515058796e-01	1.136065303898596140e-01	3.197451718336363075e-02	1.016491448479931448e+00	2.459327295614202047e-01	-1.367009656722033804e-02	-2.835335566936538973e-03
3.217641750250735458e-11	8.992873330562002332e-01	1.261110467690908976e+01	1.052968988375725945e-01	1.130529296296385322e-01	3.180594131315950951e-02	1.011123251916790755e+00	2.435819550057231331e-01	-1.413145369926441415e-02	-2.914229256155805720e-03
3.370064329271925032e-11	9.211417474854807219e-01	1.260528145620260787e+01	1.079056421047891595e-01	1.124019159641629351e-01	3.160149345070443344e-02	1.005507088520515513e+00	2.411923545330562080e-01	-1.459711339320419674e-02	-2.991863801450903460e-03
3.529707302730657668e-11	9.432485815436094656e-01	1.259951114502338143e+01	1.105459155208434879e-01	1.116567492389474586e-01	3.136249959181335728e-02	9.996495462699075407e-01	2.387655942336236459e-01	-1.506666381871823307e-02	-3.068077678078876686e-03
3.696912707195032437e-11	9.655964414777055138e-01	1.259373020548483169e+01	1.132169644279144433e-01	1.108208925626713720e-01	3.109037894004074501e-02	9.935577445591388113e-01	2.363034371050056204e-01	-1.553968314920498028e-02	-3.142713210564356419e-03
3.872038781812557004e-11	9.881733708176758668e-01	1.258787787672321734e+01	1.159179949672285853e-01	1.098979690666807563e-01	3.078662756138978232e-02	9.872392427897367373e-01	2.338077313900422671e-01	-1.601574020613928673e-02	-3.215617182395418688e-03
4.055460735840827506e-11	1.010966779075048505e+00	1.258189613097050774e+01	1.186481645286484449e-01	1.088917440457262131e-01	3.045281068395150337e-02	9.807020242456181425e-01	2.312804139291799177e-01	-1.649439358583578569e-02	-3.286641200877339804e-03
4.247571552536894126e-11	1.033962969926623954e+00	1.257572944107543123e+01	1.214065268429844885e-01	1.078060946604823822e-01	3.009054850952072591e-02	9.739545095105334171e-01	2.287235423574428550e-01	-1.697518231842384470e-02	-3.355640834525488655e-03
4.448782831127576069e-11	1.057146971755801079e+00	1.256932411778245573e+01	1.241920168065528546e-01	1.066450602765326022e-01	2.970153124353026516e-02	9.670057193173601240e-01	2.261393222116305224e-01	-1.745762286256264881e-02	-3.422475797833170099e-03
4.659525668664686662e-11	1.080502572230489289e+00	1.256262785915046187e+01	1.270034577921201058e-01	1.054127393441174343e-01	2.928748509136433129e-02	9.598650038325927669e-01	2.235300673607056587e-01	-1.794121047148040243e-02	-3.487010801307265356e-03
4.880251583654433574e-11	1.104012337785981845e+00	1.255558950237029769e+01	1.298395655390738312e-01	1.041133014595795880e-01	2.885016857353094738e-02	9.525420761295596561e-01	2.208981929402735467e-01	-1.842542033400705256e-02	-3.549116343211299821e-03
5.111433483440165318e-11	1.127657641640667618e+00	1.254815887920744899e+01	1.326989521219899826e-01	1.027510574942898242e-01	2.839139515525090571e-02	9.450472055196591503e-01	2.182462361639329051e-01	-1.890970881439851814e-02	-3.608669448377992833e-03
5.353566677410718816e-11	1.151418705720494762e+00	1.254028672768554742e+01	1.355801309776575869e-01	1.013300533596146885e-01	2.791290240849552198e-02	9.373901243102276126e-01	2.155767164549349801e-01	-1.939351528902636887e-02	-3.665554492062157634e-03
5.607169938205469661e-11	1.175274642515950152e+00	1.253192466112777659e+01	1.384815212427447095e-01	9.985479551526586783e-02	2.741656417865700329e-02	9.295819890463193902e-01	2.128923540159676775e-01	-1.987626359011680430e-02	-3.719663820910821747e-03
5.872786613189488850e-11	1.199203511161627933e+00	1.252302516339275229e+01	1.414014533390883788e-01	9.832951795812945595e-02	2.690417031286580427e-02	9.216334039928655297e-01	2.101958359867176773e-01	-2.035736410390422482e-02	-3.770898463955021929e-03
6.150985788580503926e-11	1.223182417429241609e+00	1.251354160717100150e+01	1.443381793057284812e-01	9.675853087822627874e-02	2.637752279795323174e-02	9.135553588861999863e-01	2.074899097330883957e-01	-2.083621656367248137e-02	-3.819168793647943760e-03
6.442363508721370414e-11	1.247188841831635253e+00	1.250342812267385106e+01	1.472900297489773691e-01	9.514601681684112244e-02	2.583836956931048756e-02	9.053584810340911115e-01	2.047771998613149846e-01	-2.131223737339920515e-02	-3.864397460333597947e-03
6.747544053110686101e-11	1.271202124493356012e+00	1.249264079040541908e+01	1.502555741920764965e-01	9.349605633246817205e-02	2.528839831705817151e-02	8.970529217368053976e-01	2.020600928311722944e-01	-2.178489009204790522e-02	-3.906522154114786850e-03
7.067181273927477085e-11	1.295203162150767806e+00	1.248113948214635371e+01	1.532335610525105973e-01	9.181261082075044266e-02	2.472922663550880182e-02	8.886484054435856983e-01	1.993407784492397805e-01	-2.225368000268280327e-02	-3.945494544093691887e-03
7.401959996915652408e-11	1.319174398066380149e+00	1.246888869896195473e+01	1.562229019423660714e-01	9.009956971000772363e-02	2.416241383185106437e-02	8.801544013064414029e-01	1.966212814706092549e-01	-2.271815414269177241e-02	-3.981279661104963202e-03
7.752597488629464062e-11	1.343099812084096234e+00	1.245585802450441193e+01	1.592226596184376786e-01	8.836073964179949614e-02	2.358945561548586242e-02	8.715801263178063474e-01	1.939034707484307007e-01	-2.317790105601915188e-02	-4.013855194098321817e-03
8.119844993184008328e-11	1.366964894044669698e+00	1.244202236692014552e+01	1.622320360051210386e-01	8.659982784076562801e-02	2.301178145821458285e-02	8.629345278169140432e-01	1.911890701425696948e-01	-2.363255006655941293e-02	-4.043210729925541223e-03
8.504489341802668113e-11	1.390756606079873725e+00	1.242736206934649879e+01	1.652503602447632503e-01	8.482046216339858558e-02	2.243075813557475831e-02	8.542263695609431107e-01	1.884796756289605080e-01	-2.408177019173748240e-02	-4.069346970031784659e-03
8.907354638610458163e-11	1.414463337705354595e+00	1.241186292131562574e+01	1.682770770298198659e-01	8.302615198169932542e-02	2.184768267641304385e-02	8.454641428044766815e-01	1.857767589070807301e-01	-2.452526881627451610e-02	-4.092274944899966342e-03
9.329304026284695888e-11	1.438074853779732765e+00	1.239551610784885760e+01	1.713117348879389101e-01	8.122031214299371693e-02	2.126378953436765598e-02	8.366561586924735616e-01	1.830816869082398657e-01	-2.496279014231777768e-02	-4.112015243927050548e-03
9.771241535346501225e-11	1.461580377860427715e+00	1.237831909440855149e+01	1.743537388837289592e-01	7.940634527418580224e-02	2.068028319384000724e-02	8.278110796036485253e-01	1.803959241892131304e-01	-2.539407917989452285e-02	-4.128595889636104896e-03
1.023411402105452712e-10	1.484961902225383046e+00	1.236027588834505941e+01	1.774015385954876567e-01	7.758806362915060539e-02	2.009848299850871753e-02	8.189400955894696743e-01	1.777217271621127914e-01	-2.581875676827797422e-02	-4.142046827720177911e-03
1.071891319205126445e-10	1.508193990960808417e+00	1.234138990937222502e+01	1.804526930002741114e-01	7.576940704919524205e-02	1.951975457593651403e-02	8.100559949742620613e-01	1.750619952850680228e-01	-2.623631422174458466e-02	-4.152399892602347264e-03
1.122667773510811312e-10	1.531244354792139495e+00	1.232165978404763784e+01	1.835039945144231466e-01	7.395436954395376294e-02	1.894548760061852410e-02	8.011727854740100518e-01	1.724201430954229175e-01	-2.664612435645161842e-02	-4.159690138645951232e-03
1.175849554052158201e-10	1.554074232170987502e+00	1.230107739206147421e+01	1.865515422240829335e-01	7.214681496305372366e-02	1.837703659848407417e-02	7.923050244164095979e-01	1.697999601285743732e-01	-2.704745052235183606e-02	-4.163957420502975570e-03
1.231550603292826197e-10	1.576638919356079471e+00	1.227962686648187329e+01	1.895908211561265211e-01	7.035046068395206520e-02	1.781571205137182784e-02	7.834676515943712616e-01	1.672055319757927705e-01	-2.743945882292363192e-02	-4.165247939618835389e-03
1.289890261253308184e-10	1.598888408861112387e+00	1.225728425108774822e+01	1.926167857863134714e-01	6.856916738052054594e-02	1.726284596013230588e-02	7.746767982857865054e-01	1.646412619386465881e-01	-2.782123275973502965e-02	-4.163615669948164504e-03
1.350993521198024986e-10	1.620768100880463081e+00	1.223401764130630021e+01	1.956239451874590696e-01	6.680614887253218115e-02	1.671957750283754526e-02	7.659471816949204870e-01	1.621115238919782764e-01	-2.819178909726434076e-02	-4.159123449614622256e-03
1.414991297434578731e-10	1.642219575697807965e+00	1.220978770347056397e+01	1.986064492436192541e-01	6.506473553053081227e-02	1.618704482640878628e-02	7.572944079420437236e-01	1.596208536258849897e-01	-2.855009497051408732e-02	-4.151843819897423939e-03
1.482020705798860072e-10	1.663181761373489831e+00	1.218454822797611214e+01	2.015582214920703108e-01	6.334795569402000559e-02	1.566626721704574357e-02	7.487334996037073864e-01	1.571737069663862452e-01	-2.889509133814628650e-02	-4.141859385992704284e-03
1.552225357427047968e-10	1.683596291289252589e+00	1.215824612154333728e+01	2.044736101040583731e-01	6.165833574207909423e-02	1.515807235747584046e-02	7.402775680913262768e-01	1.547739758570709778e-01	-2.922578879774083774e-02	-4.129262626794882353e-03
1.625755666443793407e-10	1.703412990908983682e+00	1.213082745676888585e+01	2.073479588480125202e-01	5.999781180604060044e-02	1.466304658557240383e-02	7.319369377144854250e-01	1.524245983164265461e-01	-2.954136835027532798e-02	-4.114156822098508082e-03
1.702769172225897821e-10	1.722590627132660535e+00	1.210224407109750366e+01	2.101775898438121293e-01	5.836788481740110696e-02	1.418158113091863397e-02	7.237196695392745793e-01	1.501276517685241341e-01	-2.984119699327466430e-02	-4.096655686848905270e-03
1.783430876931905687e-10	1.741096760875278759e+00	1.207245699717638487e+01	2.129597241092025528e-01	5.676971866035585013e-02	1.371390481273564339e-02	7.156319702095064184e-01	1.478844626632889736e-01	-3.012482398718208110e-02	-4.076881566173632364e-03
1.867913599020784805e-10	1.758907356001666811e+00	1.204143835270455298e+01	2.156923954170059388e-01	5.520419310980845956e-02	1.326011036346350092e-02	7.076784578538546366e-01	1.456957083167635669e-01	-3.039197149940123244e-02	-4.054963347018943932e-03
1.956398343517064725e-10	1.776006265265950068e+00	1.200917230162368199e+01	2.183743637476835420e-01	5.367197481949900068e-02	1.282018412587014600e-02	6.998624886368660647e-01	1.435615215014124368e-01	-3.064252239850053655e-02	-4.031034410553462066e-03
2.049074689815846066e-10	1.792384651052149946e+00	1.197565540006804063e+01	2.210050312073604528e-01	5.217356040749533685e-02	1.239402545852157783e-02	6.921863862530835965e-01	1.414815762720740278e-01	-3.087650656308963543e-02	-4.005230758551376474e-03
2.146141197858401440e-10	1.808041547561143103e+00	1.194089357477276536e+01	2.235845621160254260e-01	5.070914752673432585e-02	1.198142847373953428e-02	6.846508758454965538e-01	1.394550034498607538e-01	-3.109410247071237379e-02	-3.977687068994778356e-03
2.247805833548729991e-10	1.822984253658676224e+00	1.190489490313703769e+01	2.261140696663456739e-01	4.927853185277019515e-02	1.158205778956075682e-02	6.772545248411313557e-01	1.374802607700594259e-01	-3.129562949354196266e-02	-3.948530002808495198e-03
2.354286414322420067e-10	1.837222788359092362e+00	1.186767399777479604e+01	2.285948546600990172e-01	4.788143780129201776e-02	1.119555962137306834e-02	6.699955894263995848e-01	1.355557185310917456e-01	-3.148145719629352746e-02	-3.917881828346303670e-03
2.465811075822603842e-10	1.850768521613222362e+00	1.182925161287450599e+01	2.310282401042633993e-01	4.651759445164749263e-02	1.082158734175074632e-02	6.628724262227170261e-01	1.336797864242335321e-01	-3.165198097545434547e-02	-3.885860778771934622e-03
2.582618760682674929e-10	1.863633880358062767e+00	1.178965329920993099e+01	2.334155571142981778e-01	4.518670129408859648e-02	1.045979571785228199e-02	6.558833742304052139e-01	1.318509093829561829e-01	-3.180761484455266186e-02	-3.852580581226447594e-03
2.704959730463131364e-10	1.875832134827693620e+00	1.174890841984395351e+01	2.357581353342055319e-01	4.388843686847315045e-02	1.010984329079721994e-02	6.490267831879619198e-01	1.300675735456281457e-01	-3.194878609311748580e-02	-3.818150206640231591e-03
2.833096101839318258e-10	1.887377233351450689e+00	1.170704938331194889e+01	2.380572962358931954e-01	4.262246612550497221e-02	9.771396737646223518e-03	6.423010362174261800e-01	1.283283142076230288e-01	-3.207593116547684253e-02	-3.782673755808892320e-03
2.967302408188872501e-10	1.898283645557847121e+00	1.166411111815323132e+01	2.403143433984280264e-01	4.138841241465894549e-02	9.444123302010821314e-03	6.357044455785221260e-01	1.266317058025209497e-01	-3.218949204891500410e-02	-3.746250503962600831e-03
3.107866187782014063e-10	1.908565511185549957e+00	1.162013315173700256e+01	2.425304106543635374e-01	4.018595164880626319e-02	9.127716876317099742e-03	6.292357278827651612e-01	1.249764797000003647e-01	-3.228990555187873784e-02	-3.708977244122199039e-03
3.255088599835056406e-10	1.918235695540146946e+00	1.157516030694437958e+01	2.447063216926876061e-01	3.901485058844253451e-02	8.821908327228429950e-03	6.228942721777988023e-01	1.233616091118771158e-01	-3.237758979301001011e-02	-3.670949952135069746e-03
3.409285069746807543e-10	1.927305920080285340e+00	1.152923921717172817e+01	2.468426727017148381e-01	3.787490403696174013e-02	8.526450739624276409e-03	6.166798306272189834e-01	1.217862382568677543e-01	-3.245294204505101698e-02	-3.632261870914370479e-03
3.570785964900469852e-10	1.935786752368336971e+00	1.148241706316115618e+01	2.489398544190542240e-01	3.676589750197079010e-02	8.241108913335834507e-03	6.105923524304081029e-01	1.202496495033315155e-01	-3.251633727523659673e-02	-3.593003089772365318e-03
3.739937302478801677e-10	1.943687655301543193e+00	1.143474083259891749e+01	2.509980720488945716e-01	3.568760307005176824e-02	7.965657069986262565e-03	6.046319423733789167e-01	1.187512457618402351e-01	-3.256812828667927234e-02	-3.553260368693187884e-03
3.917101490809260641e-10	1.951017073675731295e+00	1.138625681131344436e+01	2.530173659314840506e-01	3.463978035869753197e-02	7.699878125592331951e-03	5.987988387290926751e-01	1.172905357911385588e-01	-3.260864671478087840e-02	-3.513117033522561525e-03
4.102658105827190344e-10	1.957782537475005080e+00	1.133701022822196158e+01	2.549976317759197753e-01	3.362215973878766168e-02	7.443558451941062991e-03	5.930933234154506239e-01	1.158671121594979925e-01	-3.263820443322738157e-02	-3.472652909296743053e-03
4.297004704320835313e-10	1.963990763641461745e+00	1.128704508858957034e+01	2.569386371010440873e-01	3.263443709177465957e-02	7.196484960735250423e-03	5.875156787821768090e-01	1.144806353021854822e-01	-3.265709513904526545e-02	-3.431944339284724154e-03
4.500557675700488183e-10	1.969647697037301581e+00	1.123640536007745361e+01	2.588399989481319219e-01	3.167630663292250043e-02	6.958453207513836704e-03	5.820663287373794015e-01	1.131308566284166817e-01	-3.266559703913324286e-02	-3.391065175962909139e-03
4.713753134116729086e-10	1.974759015014633690e+00	1.118513464791528911e+01	2.607012560504897714e-01	3.074744293223229466e-02	6.729259547867188704e-03	5.767457001461950838e-01	1.118175676719139755e-01	-3.266398016580387281e-02	-3.350086230529077547e-03
4.937047852839003559e-10	1.979330578418141195e+00	1.113327518133555394e+01	2.625219523718065329e-01	2.984745694304479988e-02	6.508690900038763272e-03	5.715539681235117797e-01	1.105405398523145455e-01	-3.265251165540849349e-02	-3.309074226862285424e-03
5.170920242896755486e-10	1.983368541707098753e+00	1.108086807940624396e+01	2.643016480025837112e-01	2.897592125672726615e-02	6.296529266181401935e-03	5.664911380114920902e-01	1.092995267589878805e-01	-3.263145757416868742e-02	-3.268091920478052165e-03
5.415871378079465267e-10	1.986879413565830976e+00	1.102795355663251620e+01	2.660399249048129300e-01	2.813237389350429704e-02	6.092552829704758234e-03	5.615570488615044820e-01	1.080942629436538321e-01	-3.260108397462998381e-02	-3.227198237000723866e-03
5.672426068491988835e-10	1.989870094558877422e+00	1.097457106897186918e+01	2.677363909804764686e-01	2.731631375200024164e-02	5.896535025737611319e-03	5.567513449780836510e-01	1.069244597657676016e-01	-3.256165751727916474e-02	-3.186448392554185050e-03
5.941133984965039838e-10	1.992347900199469946e+00	1.092075942313641335e+01	2.693906830543975062e-01	2.652722085249744829e-02	5.708248594301608761e-03	5.520735497475369735e-01	1.057898114379276222e-01	-3.251344581378450005e-02	-3.145894005822679786e-03
6.222570836730231313e-10	1.994320573275056852e+00	1.086655685635183133e+01	2.710024691263152596e-01	2.576454119690509484e-02	5.527462687152723091e-03	5.475229969230950289e-01	1.046899881691268769e-01	-3.245671759150000474e-02	-3.105583207130470196e-03
6.517339604882420571e-10	1.995796288649211769e+00	1.081200109906757767e+01	2.725714500280586594e-01	2.502771345223855914e-02	5.353948803770039976e-03	5.430989342771660455e-01	1.036246468754661171e-01	-3.239174272511586433e-02	-3.065560747539433726e-03
6.826071834272379248e-10	1.996783652251894914e+00	1.075712942224964586e+01	2.740973606787406869e-01	2.431615540337952672e-02	5.187477659168687749e-03	5.388004632851532971e-01	1.025934245018374630e-01	-3.231879218795352671e-02	-3.025868110530449944e-03
7.149428986597561750e-10	1.997291694616841529e+00	1.070197866929229846e+01	2.755799709888244742e-01	2.362927538281274151e-02	5.027822000385679703e-03	5.346265823486624491e-01	1.015959432321593553e-01	-3.223813792273673429e-02	-2.986543623907172377e-03
7.488103857590030225e-10	1.997329861327876266e+00	1.064658528568469364e+01	2.770190864008038600e-01	2.296647300367172378e-02	4.874756310955978035e-03	5.305761868169351914e-01	1.006318098037228409e-01	-3.215005265836776149e-02	-2.947622575410030390e-03
7.842822061337681836e-10	1.996907999152746083e+00	1.059098533467571279e+01	2.784145481926159071e-01	2.232714776483014571e-02	4.728059970894924087e-03	5.266481029106068190e-01	9.970062201005548685e-02	-3.205480966302300116e-02	-2.909137325456045801e-03
8.214343584919422200e-10	1.996036341233557998e+00	1.053521450739540732e+01	2.797662337934295751e-01	2.171067611224932262e-02	4.587509564714356038e-03	5.228409879920610237e-01	9.880195299693481092e-02	-3.195268256610471480e-02	-2.871117433544173939e-03
8.603464416684491388e-10	1.994725488187856444e+00	1.047930813226745173e+01	2.810740565411249947e-01	2.111646064582857127e-02	4.452893078655038514e-03	5.191535385362839872e-01	9.793538081311556343e-02	-3.184394501572773012e-02	-2.833589770459257664e-03
9.011018251665036851e-10	1.993634461035556082e+00	1.044350717124162031e+01	2.818833328856766851e-01	2.074860486576085919e-02	4.370051329335259381e-03	5.168643004017760001e-01	9.740013138411368621e-02	-3.177069024033743472e-02	-2.809896491986184092e-03
9.437878277775391497e-10	1.992386201007513513e+00	1.041155923863476218e+01	2.825712584420038143e-01	2.043118188606525901e-02	4.299126832454574360e-03	5.148937401749452691e-01	9.694408073186179531e-02	-3.170141987867100553e-02	-2.789106360520395185e-03
9.884959046625586031e-10	1.990848997477431492e+00	1.038015952801222319e+01	2.832073548787212292e-01	2.013035800218869811e-02	4.232549367527670137e-03	5.130363900101396757e-01	9.652026504861555001e-02	-3.162896144609391585e-02	-2.769068275698608871e-03
1.035321843295661502e-09	1.989002434108994244e+00	1.034920128276946372e+01	2.837910637886677523e-01	1.984514774356898117e-02	4.170114466446496818e-03	5.112890322049239433e-01	9.612847238463607946e-02	-3.155287814320263673e-02	-2.749733074512778624e-03
1.084365968689608688e-09	1.986836975829803897e+00	1.031860398817543434e+01	2.843226927593794917e-01	1.957450645546442852e-02	4.111579361267917246e-03	5.096473870881724766e-01	9.576802554183759530e-02	-3.147292644481317070e-02	-2.731056947500855488e-03
1.135733358343102889e-09	1.984349559948460628e+00	1.028830513258760249e+01	2.848030120652367825e-01	1.931754450129218384e-02	4.056726628829248303e-03	5.081074002199534867e-01	9.543809876925349323e-02	-3.138898002627426437e-02	-2.713000685898321780e-03
1.189534067370320724e-09	1.981541374163332314e+00	1.025825563707588017e+01	2.852330607481176061e-01	1.907342538155644765e-02	4.005343914272273959e-03	5.066649762109831645e-01	9.513776244221919254e-02	-3.130099087331067453e-02	-2.695529034435532878e-03
1.245883364295008068e-09	1.978416538624022003e+00	1.022841688754981071e+01	2.856140373380380293e-01	1.884142350469006008e-02	3.957241531079533012e-03	5.053163315581136183e-01	9.486606985470408260e-02	-3.120896594731366672e-02	-2.678610155036596080e-03
1.304901978014401580e-09	1.974981251532009985e+00	1.019875864852562941e+01	2.859472326309122070e-01	1.862081568692165734e-02	3.912226860451976582e-03	5.040575837170918616e-01	9.462203250154888057e-02	-3.111295186376135044e-02	-2.662215181163804338e-03
1.366716356462010101e-09	1.971243200400767170e+00	1.016925750009897200e+01	2.862339862872930185e-01	1.841098255496061500e-02	3.870130933101740243e-03	5.028852358665687472e-01	9.440469626265975134e-02	-3.101302426130976911e-02	-2.646317844357738269e-03
1.431458937523481393e-09	1.967211143772400694e+00	1.013989563994093146e+01	2.864756580459001389e-01	1.821135010560684386e-02	3.830795911882851901e-03	5.017959497613709852e-01	9.421312724571266617e-02	-3.090928021376309481e-02	-2.630894164769710403e-03
1.499268432786047049e-09	1.962894603027443452e+00	1.011065993757379999e+01	2.866736080159156264e-01	1.802140103771136120e-02	3.794076913615717327e-03	5.007866150985157416e-01	9.404642418997533060e-02	-3.080183258128684973e-02	-2.615922188204416587e-03
1.570290124729377524e-09	1.958303632254597026e+00	1.008154116669260958e+01	2.868291834963114240e-01	1.784061860334330146e-02	3.759829825524827439e-03	4.998541163295966427e-01	9.390369768555593966e-02	-3.069080582689623360e-02	-2.601381764494346133e-03
1.644676177994662829e-09	1.953448642125823920e+00	1.005253338728003065e+01	2.869437096105335039e-01	1.766859563686891746e-02	3.727937609004759560e-03	4.989958217463621448e-01	9.378413079312769574e-02	-3.057633270501027359e-02	-2.587254348329506935e-03
1.722585965398783835e-09	1.948340266354839034e+00	1.002363342740397911e+01	2.870184834950085806e-01	1.750490110408143771e-02	3.698278084328173506e-03	4.982090033924354011e-01	9.368691168896088606e-02	-3.045855187352126611e-02	-2.573522842948728576e-03
1.804186409392068039e-09	1.942989256645667240e+00	9.994840457197687655e+00	2.870547701776321459e-01	1.734916660060670940e-02	3.670745474290654925e-03	4.974912221186611472e-01	9.361128168378163306e-02	-3.033760590397036744e-02	-2.560171450234311179e-03
1.889652339691211477e-09	1.937406401894251173e+00	9.966155628394341548e+00	2.870538002649844489e-01	1.720104253411326029e-02	3.645239286827476038e-03	4.968401378696792325e-01	9.355651186678076714e-02	-3.021363981818011440e-02	-2.547185550929474771e-03
1.979166867853557524e-09	1.931602464323640911e+00	9.937581770413917326e+00	2.870167686049105438e-01	1.706020543358832339e-02	3.621666532633381359e-03	4.962535438144460298e-01	9.352190815426135451e-02	-3.008679988629746685e-02	-2.534551591640217625e-03
2.072921779595369695e-09	1.925588130376475249e+00	9.909123133916294179e+00	2.869448338496392026e-01	1.692636036360889440e-02	3.599941960580368017e-03	4.957293780433983388e-01	9.350681166876768924e-02	-2.995723273177568549e-02	-2.522256992378135894e-03
2.171117945694509622e-09	1.919373971737633244e+00	9.880785169849831462e+00	2.868391185676029687e-01	1.679922793336641879e-02	3.579985314755528870e-03	4.952656668824849118e-01	9.351059244565217143e-02	-2.982508460144170717e-02	-2.510290059776227461e-03
2.273965752357932151e-09	1.912970415242779776e+00	9.852574342871129431e+00	2.867007097405968596e-01	1.667854947090700174e-02	3.561722199970378169e-03	4.948605477433399846e-01	9.353265079572220531e-02	-2.969050080248940987e-02	-2.498639913628434173e-03
2.381685551976160644e-09	1.906387720104895322e+00	9.824497967961763223e+00	2.865306597284561496e-01	1.656408598002575075e-02	3.545083939602961063e-03	4.945122641088095516e-01	9.357241629353892087e-02	-2.955362528830375590e-02	-2.487296419514359400e-03
2.494508135230316413e-09	1.899635960190971806e+00	9.796564073348468682e+00	2.863299872650867939e-01	1.645561423488531988e-02	3.530006600262103073e-03	4.942191478555842399e-01	9.362934496785800531e-02	-2.941460032421708629e-02	-2.476250132057032129e-03
2.612675225563326382e-09	1.892725010418253806e+00	9.768781279733175893e+00	2.860996786292371863e-01	1.635292555786194146e-02	3.516430734256240954e-03	4.939796131874935603e-01	9.370291798298262254e-02	-2.927356620065065668e-02	-2.465492236592791916e-03
2.736439997074666368e-09	1.885664538007902458e+00	9.741158696594080624e+00	2.858406890751137297e-01	1.625582682715058513e-02	3.504301382297848790e-03	4.937921600654881504e-01	9.379264077772213326e-02	-2.913066110086709459e-02	-2.455014507814073932e-03
2.866067616948244470e-09	1.878463995035231981e+00	9.713705832431690723e+00	2.855539440729535916e-01	1.616414406949956070e-02	3.493569211016038165e-03	4.936553890294540503e-01	9.389804473054341738e-02	-2.898602091484728596e-02	-2.444809262182528337e-03
3.001835813575592210e-09	1.871132614800811389e+00	9.686432516328901343e+00	2.852403408136926499e-01	1.607766579767529527e-02	3.484175310895092602e-03	4.935677522851708021e-01	9.401865369957845830e-02	-2.883977918548427666e-02	-2.434869323037842231e-03
3.144035471591500167e-09	1.863679408957277905e+00	9.659348831655169221e+00	2.849007494865016255e-01	1.599628459750981543e-02	3.476089008795562284e-03	4.935281720427733831e-01	9.415406433501294359e-02	-2.869206699936784760e-02	-2.425187980222800587e-03
3.292971255097148186e-09	1.856113167005025710e+00	9.632465053999192506e+00	2.845360148039011161e-01	1.591981067306687606e-02	3.469257968462287258e-03	4.935352240567191795e-01	9.430383828106074506e-02	-2.854301299820809212e-02	-2.415758963979167812e-03
3.448962260405766611e-09	1.848442456530719147e+00	9.605791604462453392e+00	2.841469571971186325e-01	1.584812479516851946e-02	3.463648881667022537e-03	4.935878050549300511e-01	9.446758859856400903e-02	-2.839274332343158860e-02	-2.406576413223838074e-03
3.612342699709437910e-09	1.840675624896651597e+00	9.579338999622125428e+00	2.837343743390097761e-01	1.578108806980251660e-02	3.459223943791220942e-03	4.936847375307049091e-01	9.464492861102533072e-02	-2.824138164566915299e-02	-2.397634848523028800e-03
3.783462617131932968e-09	1.832820801321031201e+00	9.553117817105675869e+00	2.832990422716618051e-01	1.571857368300366015e-02	3.455948488780638279e-03	4.938249074788907955e-01	9.483548758723141237e-02	-2.808904915924533008e-02	-2.388929150027922950e-03
3.962688638701478467e-09	1.824885899821345303e+00	9.527138658648658165e+00	2.828417167450346104e-01	1.566046272705086048e-02	3.453790418949840083e-03	4.940072450850020447e-01	9.503890877675087723e-02	-2.793586460747171998e-02	-2.380454533230381888e-03
4.150404757850472502e-09	1.816878622665055509e+00	9.501412120960592844e+00	2.823631344059988613e-01	1.560664587384067228e-02	3.452720449555356317e-03	4.942307309576309260e-01	9.525484924662554198e-02	-2.778194431370619583e-02	-2.372206529281228188e-03
4.347013158125017173e-09	1.808806464239509637e+00	9.475948771541814253e+00	2.818640139073071982e-01	1.555701796917471381e-02	3.452710578995077904e-03	4.944943717856543075e-01	9.548297601991581618e-02	-2.762740221135487340e-02	-2.364180966848399533e-03
4.552935074866938773e-09	1.800676715197487621e+00	9.450759123358507097e+00	2.813450570945790208e-01	1.551148505613843091e-02	3.453736042158092774e-03	4.947972296421944693e-01	9.572296952475897736e-02	-2.747234988630376656e-02	-2.356373953165919171e-03
4.768611697714474181e-09	1.792496467032795637e+00	9.425853617527097938e+00	2.808069500228804749e-01	1.546993141560140152e-02	3.455766209055668916e-03	4.951382793450699871e-01	9.597450398101738112e-02	-2.731689662911418806e-02	-2.348781861981061054e-03
4.994505115855140358e-09	1.784272616088450336e+00	9.401242602655765168e+00	2.802503639837954919e-01	1.543229315701805972e-02	3.458784921920895865e-03	4.955167241671451506e-01	9.623728936925524113e-02	-2.716114943831060211e-02	-2.341401310673531504e-03
5.231099308056257792e-09	1.776011868763126778e+00	9.376936324458332805e+00	2.796759564131123255e-01	1.539847994851832255e-02	3.462768802878213748e-03	4.959316582364442505e-01	9.651102551182411116e-02	-2.700521309673772560e-02	-2.334229154926798552e-03
5.478901179593956120e-09	1.767720746317536618e+00	9.352944907296516064e+00	2.790843719758320796e-01	1.536841239140395582e-02	3.467697451814242757e-03	4.963822264647397287e-01	9.679542283520109480e-02	-2.684919021910104134e-02	-2.327262471348459909e-03
5.738441648302404521e-09	1.759405589231630263e+00	9.329278346210529094e+00	2.784762432659239062e-01	1.534201845816433006e-02	3.473552791557106730e-03	4.968676084755673794e-01	9.709020054796457799e-02	-2.669318126222802734e-02	-2.320498545539999725e-03
6.010276782070388176e-09	1.751072562483892314e+00	9.305946494709885997e+00	2.778521917756183179e-01	1.531921271144559039e-02	3.480312833685842745e-03	4.973869293359448052e-01	9.739507327275677417e-02	-2.653728460406319309e-02	-2.313934863922765921e-03
6.294988990221888141e-09	1.742727659794294670e+00	9.282959056611284510e+00	2.772128285778228118e-01	1.529994382084573154e-02	3.487965296198824137e-03	4.979394610802842513e-01	9.770977866177814330e-02	-2.638159653399078583e-02	-2.307569096641371321e-03
6.593188271333541710e-09	1.734376708706552250e+00	9.260325577311711243e+00	2.765587551551375034e-01	1.528414609413455104e-02	3.496493771422742782e-03	4.985244156032500040e-01	9.803404843658916623e-02	-2.622621132402011210e-02	-2.301399092158279251e-03
6.905513520162316861e-09	1.726025375956577346e+00	9.238055436860362235e+00	2.758905642185732754e-01	1.527175599468216446e-02	3.505882586582978466e-03	4.991410144223289436e-01	9.836761797409407371e-02	-2.607122132104206652e-02	-2.295422875561649746e-03
7.232633896483518810e-09	1.717679170325162819e+00	9.216157843529867222e+00	2.752088401063484957e-01	1.526271453699089113e-02	3.516117184018059064e-03	4.997884984505561734e-01	9.871022681572878821e-02	-2.591671682773914742e-02	-2.289638617983741527e-03
7.575250258771920716e-09	1.709343448832539858e+00	9.194641827836196768e+00	2.745141596981575116e-01	1.525697458615006032e-02	3.527186348107212190e-03	5.004661576318815142e-01	9.906162263217532793e-02	-2.576278628530846021e-02	-2.284044649441050248e-03
7.934096665797492339e-09	1.701023420593578139e+00	9.173516237619750768e+00	2.738070929208348825e-01	1.525447670743833133e-02	3.539075406074849561e-03	5.011732289989098144e-01	9.942154717608876757e-02	-2.560951624418487255e-02	-2.278639442001575369e-03
8.309941949353386453e-09	1.692724151090792661e+00	9.152789732454285954e+00	2.730882033357208694e-01	1.525517848192152470e-02	3.551774438435153797e-03	5.019090191585924288e-01	9.978975249080626608e-02	-2.545699139435842265e-02	-2.273421602080029792e-03
8.703591361485183753e-09	1.684450566477425193e+00	9.132470779300398078e+00	2.723580486888091401e-01	1.525903176663106521e-02	3.565271801900209061e-03	5.026728083886253806e-01	1.001659875328068799e-01	-2.530529459758489377e-02	-2.268389863969060786e-03
9.115888299750837812e-09	1.676207457638453135e+00	9.112567648327335235e+00	2.716171814117216976e-01	1.526599031778959163e-02	3.579556308251375177e-03	5.034638822066500596e-01	1.005500022724334225e-01	-2.515450690797341529e-02	-2.263543082363396290e-03
9.547716114208065503e-09	1.667999484596271564e+00	9.093088407459168465e+00	2.708661492111367197e-01	1.527601430326291400e-02	3.594618596225884147e-03	5.042815494511969643e-01	1.009415500538732441e-01	-2.500470762887752399e-02	-2.258880228280562858e-03
1.000000000000000021e-08	1.659831179437951443e+00	9.074040921738339094e+00	2.701054952691773758e-01	1.528908465742008158e-02	3.610455056444432289e-03	5.051252010050856223e-01	1.013403950852348745e-01	-2.485597424782345563e-02	-2.254400373818181424e-03
