# Pressure Mass Radius Compactness k2 k3 h2 h3 j2 j3
9.999999999999999799e-13	1.152067654549695647e-01	4.095835971409895625e+14	4.153418210632507666e-16	1.231543849133930032e-61	-2.825608112968637480e-93	-4.643734437768266159e-65	1.422265967508900934e-03	1.477852618960714035e-60	-7.834913544895645288e-01
1.047370897959448749e-12	1.177986395406452891e-01	5.081723716223695872e+18	3.422941369082343912e-20	3.660720516815966220e-79	6.127276147196260488e-119	9.363971357134129616e-83	-1.971432522568003585e-03	4.392864620179159224e-78	-9.977073655372602490e-01
1.096985797892381920e-12	1.203845053222519779e-01	3.027872333003723981e+19	5.870880869910840553e-21	3.167975424249257904e-82	1.559876802791450098e-123	-1.284334421175925204e-84	4.722783248912362222e-04	3.801570509099109953e-81	-9.990550289311267429e-01
1.148951000187311009e-12	1.229905565056991501e-01	4.923837829647946875e+20	3.688402102906081224e-22	4.935393401460408149e-87	9.591803166333362584e-131	-4.984969663096257658e-90	1.177949637024185972e-04	5.922472081752488707e-86	-9.997643843005861175e-01
1.203377840777590522e-12	1.256460751154991062e-01	5.533590825847293218e+02	3.352834519604523753e-04	5.475017348231062849e-10	-4.150195703299864115e-17	1.004140361972458040e+00	3.328865135136538367e-01	-2.239806725856720465e-12	1.736992660972457776e-11
1.260382929679727463e-12	1.283776612041481746e-01	2.550741541996062267e+02	7.431786746618691689e-04	2.551297496982899763e-08	-1.636439876960784231e-14	9.980688248626462533e-01	3.323435325383702899e-01	-3.148520849841028152e-10	1.694202267555521961e-11
1.320088400831416649e-12	1.312086088323322075e-01	1.661130791820278603e+02	1.166349579623125439e-03	2.149556590527321054e-07	3.778384008441044319e-12	9.964949808733863934e-01	3.317809194818043816e-01	-2.772970666880614308e-09	7.836995939226319785e-12
1.382622173764653478e-12	1.341585154797617363e-01	1.232542797316308167e+02	1.607261237415846334e-03	9.476314198084341671e-07	-1.392028399810694657e-09	9.951894188023676646e-01	3.311954814300427929e-01	-1.258824524152019555e-08	-2.006207745427434456e-11
1.448118227674535917e-12	1.372425727484306857e-01	9.800805441560927989e+01	2.067746611442859966e-03	2.962351964166270057e-06	4.374546443992663316e-09	9.938208089108317989e-01	3.305848866426782662e-01	-4.044188949655834825e-08	-1.388326979346197934e-10
1.516716888470924089e-12	1.404699055296143306e-01	8.138046447741967881e+01	2.548785930507001338e-03	7.469061936629359220e-06	-3.106303379150671376e-06	9.923977307942207782e-01	3.299479559349066671e-01	-1.047539147376431472e-07	-5.590771714675331825e-10
1.588565129428052692e-12	1.438461166511380007e-01	6.962156546928697765e+01	3.050876253658913427e-03	1.623834473640326190e-05	1.600250150493213588e-07	9.909171350231467112e-01	3.292841731174239173e-01	-2.339779408267217588e-07	-1.731536618813668357e-09
1.663816886076127415e-12	1.473761682300301912e-01	6.088206014504876151e+01	3.574441189141464893e-03	3.166762704949998409e-05	2.903037470782395719e-07	9.893910875886809952e-01	3.285931482728079445e-01	-4.688806706412047838e-07	-4.523056309397814783e-09
1.742633386009647278e-12	1.510644715309678587e-01	5.414425141496544569e+01	4.119838740421132191e-03	5.681751349790016092e-05	7.804175256991943757e-07	9.878230719140334015e-01	3.278746171088523509e-01	-8.646755025069897970e-07	-1.048589047199821927e-08
1.825183494319046040e-12	1.549148195425312791e-01	4.880178853325617183e+01	4.687350849110726893e-03	9.541311581898633519e-05	1.687368197694170895e-06	9.862183008578030430e-01	3.271284659716307552e-01	-1.492871301396104060e-06	-2.217788632713907157e-08
1.911644075385703708e-12	1.589302939252636715e-01	4.447087268414713179e+01	5.277172244701863052e-03	1.518094411720275763e-04	3.174023665551211980e-06	9.845864470780201216e-01	3.263547585087730463e-01	-2.442707937607548167e-06	-4.351312384666273771e-08
2.002200371815584363e-12	1.631131506877510629e-01	4.089670562885612526e+01	5.889397750909820643e-03	2.309179031224300289e-04	5.675351549813720215e-06	9.829375136623199616e-01	3.255537638306355563e-01	-3.822055248832401811e-06	-8.019969610808884128e-08
2.097046401323230665e-12	1.674649973068639830e-01	3.790329363126121365e+01	6.524050768174608113e-03	3.381058060746018720e-04	9.685426664823756272e-06	9.812827349270262234e-01	3.247259298774269332e-01	-5.757801197839382714e-06	-1.402158279355010627e-07
2.196385372416542332e-12	1.719876708170426094e-01	3.536472799380226206e+01	7.181203402032821682e-03	4.790935068630186133e-04	1.573651927152989549e-05	9.796340614334113628e-01	3.238717352818374362e-01	-8.396143632789051690e-06	-2.342571390821382995e-07
2.300430119772921506e-12	1.766836381246655596e-01	3.318848571103005440e+01	7.861024159602547634e-03	6.598527572239599103e-04	2.453176859496222065e-05	9.780039090215715269e-01	3.229916363258161782e-01	-1.190274832782294847e-05	-3.762688296304304837e-07
2.409403560239526876e-12	1.815561345608961152e-01	3.130510469546141294e+01	8.563789865978039748e-03	8.865037166535734729e-04	3.692679881588355602e-05	9.764045951904033460e-01	3.220860582546974382e-01	-1.646277893183830689e-05	-5.839220011020386805e-07
2.523539170434765862e-12	1.866092981461952571e-01	2.966146503888683483e+01	9.289897379396108365e-03	1.165226971769938282e-03	5.403023504839243451e-05	9.748484054901622731e-01	3.211553862388202840e-01	-2.228098577254699551e-05	-8.791203401470149186e-07
2.643081486974102692e-12	1.918483087373837048e-01	2.821628730568029653e+01	1.003987582068204508e-02	1.502178698320502616e-03	7.690093361190410701e-05	9.733473452702425810e-01	3.201999511478015870e-01	-2.958196799715236483e-05	-1.288479186266847056e-06
2.768286630392061017e-12	1.972794987490339158e-01	2.693704713613235668e+01	1.081439440937908593e-02	1.903437755863363447e-03	1.069086419728386314e-04	9.719129571077842478e-01	3.192200240091560004e-01	-3.861067587657887043e-05	-1.843860957452374859e-06
2.899422853882880921e-12	2.029099190258162322e-01	2.579789740625893657e+01	1.161419734805270616e-02	2.374910800214931686e-03	1.455146471983698642e-04	9.705563730643759213e-01	3.182158974800738949e-01	-4.963213460307657751e-05	-2.582796400207535497e-06
3.036771118035460378e-12	2.087466038409817315e-01	2.477816093264475938e+01	1.244000584032855551e-02	2.922196285050094808e-03	1.941788923115273847e-04	9.692883179193053644e-01	3.171880041061868050e-01	-6.292989361854096084e-05	-3.548812124924953362e-06
3.180625692794118977e-12	2.147963975103708567e-01	2.386110551111417166e+01	1.329249994370603274e-02	3.550473017624993215e-03	2.545005999267707566e-04	9.681189723064432817e-01	3.161369269058912912e-01	-7.880458122243556385e-05	-4.791650131647127085e-06
3.331294787934670055e-12	2.210658674323522366e-01	2.303303922785801561e+01	1.417231121097370199e-02	4.264402463840644315e-03	3.283682839796297397e-04	9.670577454743636281e-01	3.150633946812493313e-01	-9.757218077788344678e-05	-6.367403464879282966e-06
3.489101213406766494e-12	2.275612121959760814e-01	2.228264349003983824e+01	1.508001458993853475e-02	5.068016004746608329e-03	4.174814007386819128e-04	9.661130907261590295e-01	3.139682693611474673e-01	-1.195618926539615881e-04	-8.338487848261130775e-06
3.654383070957261569e-12	2.342881583216257502e-01	2.160047439942296066e+01	1.601611889493013974e-02	5.964626269097732594e-03	5.235610367589327817e-04	9.652923421314952845e-01	3.128525379612148716e-01	-1.451135435270489618e-04	-1.077347488377918805e-05
3.827494478516314936e-12	2.412518127777399102e-01	2.097858611062895307e+01	1.698105253510971344e-02	6.956740293518320212e-03	6.483770197521112992e-04	9.646015615809567789e-01	3.117173049928977924e-01	-1.745744156904906685e-04	-1.374673450050167668e-05
4.008806328898464320e-12	2.484566087920233035e-01	2.041023921132842389e+01	1.797515704814876478e-02	8.045949565155264757e-03	7.935772381916895253e-04	9.640453206627581650e-01	3.105637648053852784e-01	-2.082957924914712879e-04	-1.733786236847845283e-05
4.198707084443905621e-12	2.559070358280536306e-01	1.988962470842490049e+01	1.899878695717262950e-02	9.233059532911043477e-03	9.607263159895172841e-04	9.636266691008396057e-01	3.093930757742911486e-01	-2.466334785109138440e-04	-2.163151665047292936e-05
4.397603609302712498e-12	2.636078004849465306e-01	1.941170551294314350e+01	2.005232792751201337e-02	1.051802814033036756e-02	1.151269744899164824e-03	9.633469422739127097e-01	3.082062946141119197e-01	-2.899468186093124623e-04	-2.671690361160839966e-05
4.605922041145112927e-12	2.715638474311246608e-01	1.897209624083836843e+01	2.113619801406549370e-02	1.190006248717999891e-02	1.366487222912624554e-03	9.632059590612365163e-01	3.070043811146017654e-01	-3.385974999814972278e-04	-3.268734899774234748e-05
4.824108704165373984e-12	2.797803693323433483e-01	1.856696505918609219e+01	2.225084733709824236e-02	1.337758264619887637e-02	1.607480381776304470e-03	9.632019147610834109e-01	3.057881696970069507e-01	-3.929484016287625885e-04	-3.963970769600708637e-05
5.052631065335679604e-12	2.882628175612010901e-01	1.819295210075173941e+01	2.339675816902730618e-02	1.494830835046317627e-02	1.875220195249196076e-03	9.633315735854863782e-01	3.045583629665465919e-01	-4.533626042195826387e-04	-4.767376979322502278e-05
5.291978735958436557e-12	2.970168670685691126e-01	1.784710323808759469e+01	2.457443898443760835e-02	1.660924197230979893e-02	2.170388499927859618e-03	9.635902177760259368e-01	3.033155190330921736e-01	-5.202021926451882040e-04	-5.689165345577826543e-05
5.542664520663095602e-12	3.060481564609435212e-01	1.752682096576218029e+01	2.578438946285362826e-02	1.835670597129459083e-02	2.493479385461061341e-03	9.639718178696820017e-01	3.020600889069356976e-01	-5.938251638083090131e-04	-6.739675475229111852e-05
5.805225516094907684e-12	3.153622645137967306e-01	1.722981143333075593e+01	2.702709922301068865e-02	2.018633329981760899e-02	2.844730463417263940e-03	9.644689910224283347e-01	3.007923917843073336e-01	-6.745838282087161016e-04	-7.929298420124861538e-05
6.080224261649427052e-12	3.249647271045225105e-01	1.695403959406355554e+01	2.830305175664920431e-02	2.209319068075975279e-02	3.224140795395642484e-03	9.650732329988259695e-01	2.995126267198304215e-01	-7.628235943351492762e-04	-9.268393361841747308e-05
6.368249944718585906e-12	3.348610069385057342e-01	1.669769354945123752e+01	2.961272186893405822e-02	2.407173935515309962e-02	3.631431098828229089e-03	9.657748239096735077e-01	2.982208396331849087e-01	-8.588814461549454859e-04	-1.076719905440996853e-04
6.669919663030115058e-12	3.450564598518404136e-01	1.645915458734283376e+01	3.095657273968477688e-02	2.611595220007246337e-02	4.066082987285135099e-03	9.665630617306164574e-01	2.969169469298312825e-01	-9.630843995401048956e-04	-1.243574208886403078e-04
6.985879746785234820e-12	3.555562983128013888e-01	1.623697183824956625e+01	3.233505274623611758e-02	2.821933555653544784e-02	4.527311597090344190e-03	9.674262975382451613e-01	2.956007253452175298e-01	-1.075747951061846192e-03	-1.428375010499038933e-04
7.316807143427207274e-12	3.663655142426236466e-01	1.602984139492244964e+01	3.374858719041475691e-02	3.037497620562759279e-02	5.014078864865023286e-03	9.683520347648697513e-01	2.942718216041858015e-01	-1.197174058890569355e-03	-1.632054726956027192e-04
7.663410868007462274e-12	3.774886546956899847e-01	1.583659081341322228e+01	3.519755069048504520e-02	3.257557922840433051e-02	5.525099165687007846e-03	9.693270581271101749e-01	2.929297853975301735e-01	-1.327647258185109085e-03	-1.855492439685980585e-04
8.026433522257174683e-12	3.889300431495182897e-01	1.565615838318179343e+01	3.668229681840091960e-02	3.481358541662112754e-02	6.058851739542903125e-03	9.703375853054364564e-01	2.915740400467315974e-01	-1.467435703245322225e-03	-2.099508616997736903e-04
8.406652885618316356e-12	4.006938981744223027e-01	1.548757825787589582e+01	3.820317432103308153e-02	3.708107426159375219e-02	6.613580110244791574e-03	9.713689925522879243e-01	2.902038558853430872e-01	-1.616791820667137780e-03	-2.364860293710432482e-04
8.804883581643446547e-12	4.127842955224146904e-01	1.532997036006356595e+01	3.976052278030191289e-02	3.937024382836057379e-02	7.187375616898122183e-03	9.724068436156250161e-01	2.888184151091486851e-01	-1.775951111553334934e-03	-2.652233180329941777e-04
9.221978823334340144e-12	4.252051496827043975e-01	1.518253097573601629e+01	4.135467144860271310e-02	4.167303373738952266e-02	7.778124107363608430e-03	9.734360619123183511e-01	2.874167660847757877e-01	-1.945131517020840970e-03	-2.962235358569298188e-04
9.658832241158709141e-12	4.379601777181140188e-01	1.504452477319629544e+01	4.298593568525232306e-02	4.398139536756220935e-02	8.383564378290863511e-03	9.744415054761431660e-01	2.859978689597436063e-01	-2.124532404633605424e-03	-3.295390430466708324e-04
1.011637979766206976e-11	4.510528492500101017e-01	1.491527778942482918e+01	4.465461191026347948e-02	4.628729698844381846e-02	9.001299586326989496e-03	9.754079752440176776e-01	2.845606035403449030e-01	-2.314333452332532990e-03	-3.652131118136449058e-04
1.059560179277614774e-11	4.644861958407287550e-01	1.479417239815023066e+01	4.636095477302164952e-02	4.858273939567416683e-02	9.628810829843204369e-03	9.763202874773261319e-01	2.831037984369463856e-01	-2.514691392231959907e-03	-4.032788805286458976e-04
1.109752496412069864e-11	4.782628953964456198e-01	1.468064032069374036e+01	4.810518900097740524e-02	5.085983597535338047e-02	1.026348690248202015e-02	9.771634027318806259e-01	2.816262402352439631e-01	-2.725740628855038723e-03	-4.437591316705878489e-04
1.162322468679854125e-11	4.923853707516550604e-01	1.457415673628026198e+01	4.988752292686556011e-02	5.311086890395687321e-02	1.090265252532139455e-02	9.779225032562912645e-01	2.801266670674490977e-01	-2.947594452343643440e-03	-4.866662105928176176e-04
1.217382727739662020e-11	5.068557622965830234e-01	1.447423620741802353e+01	5.170814614320857344e-02	5.532834244156231707e-02	1.154359477546758328e-02	9.785831046729341898e-01	2.786037927432046257e-01	-3.180344576576583666e-03	-5.320017268219276669e-04
1.275051240713012859e-11	5.216758948019376563e-01	1.438042904818601819e+01	5.356722651417738373e-02	5.750500211816311769e-02	1.218357902030242981e-02	9.791310959051878759e-01	2.770563152246089955e-01	-3.424060580270320980e-03	-5.797562577518660309e-04
1.335451562929897339e-11	5.368472447305623341e-01	1.429231802703187526e+01	5.546490738702167939e-02	5.963387309431725930e-02	1.281987531025860841e-02	9.795528220310741885e-01	2.754829353562414651e-01	-3.678789409966897253e-03	-6.299091487874926374e-04
1.398713102647241439e-11	5.523708999097473038e-01	1.420951540993559448e+01	5.740130401822541445e-02	6.170830595699301757e-02	1.344978024470267625e-02	9.798351871541708391e-01	2.738823765784334507e-01	-3.944554800254733429e-03	-6.824283555160076979e-04
1.464971398307287854e-11	5.682474181934763502e-01	1.413166080816750814e+01	5.937648731973651367e-02	6.372213269512666534e-02	1.407066668148338612e-02	9.799660382640278389e-01	2.722534337609195387e-01	-4.221354856833925071e-03	-7.372699585949988752e-04
1.534368408930013065e-11	5.844768489178114867e-01	1.405841837734359778e+01	6.139048787406604230e-02	6.566882709989968481e-02	1.467981506281067217e-02	9.799322445409868187e-01	2.705948320081382197e-01	-4.509162531515819791e-03	-7.943783421729309294e-04
1.607052818261638620e-11	6.010588098903437704e-01	1.398947424808946494e+01	6.344330646902938964e-02	6.754333197393258548e-02	1.527482296802704261e-02	9.797238110444302928e-01	2.689055392678676437e-01	-4.807926999921404050e-03	-8.536865820278549330e-04
1.683180353330955093e-11	6.179924671987510054e-01	1.392453464347179271e+01	6.553491288506305135e-02	6.934027298206588141e-02	1.585323292781210675e-02	9.793298319927294937e-01	2.671844647833195308e-01	-5.117573802422560082e-03	-9.151166845736601269e-04
1.762914118095944293e-11	6.352764960858267029e-01	1.386332429978920899e+01	6.766524209896233877e-02	7.105487826607911894e-02	1.641274565871853400e-02	9.787405834735978249e-01	2.654306329619362526e-01	-5.438004326862259236e-03	-9.785797319057829794e-04
1.846424942895546448e-11	6.529090585183062734e-01	1.380558486804945240e+01	6.983419303426155467e-02	7.268279868993340886e-02	1.695118716242826132e-02	9.779471200526327346e-01	2.636431554474550909e-01	-5.769096013474635069e-03	-1.043976241304638225e-03
1.933891750455232057e-11	6.708877602192286904e-01	1.375107362227296726e+01	7.204162433722742509e-02	7.422011767803371463e-02	1.746652635337894027e-02	9.769413086295687387e-01	2.618212471553433840e-01	-6.110701797298166357e-03	-1.111196410681115692e-03
2.025501939230666486e-11	6.892095419981282278e-01	1.369956238138839133e+01	7.428734246695817278e-02	7.566333548457068736e-02	1.795687624244816580e-02	9.757158192554578058e-01	2.599642383276453694e-01	-6.462648579904008150e-03	-1.180120244310625113e-03
2.121451784910627571e-11	7.078706445833562455e-01	1.365083632610447317e+01	7.657109857991624413e-02	7.700943544144568664e-02	1.842052114370682989e-02	9.742642896930577834e-01	2.580715975175390531e-01	-6.824736976226537626e-03	-1.250617986419143724e-03
2.221946860939528424e-11	7.268666801588939963e-01	1.360469269350292620e+01	7.889259834109972613e-02	7.825560496377238773e-02	1.885585656112804750e-02	9.725806525275071390e-01	2.561428693157357106e-01	-7.196743118314081859e-03	-1.322550993354377948e-03
2.327202478960412005e-11	7.461926158664685671e-01	1.356093983183057006e+01	8.125150106759108926e-02	7.940021203823130480e-02	1.926162695481093909e-02	9.706614546106097086e-01	2.541778779771864394e-01	-7.578419010736021748e-03	-1.395772385833843592e-03
2.437444150122221807e-11	7.658427484945796726e-01	1.351939639147675898e+01	8.364741758996438459e-02	8.044104158071609112e-02	1.963651493379472979e-02	9.685016954492020602e-01	2.521763766444313770e-01	-7.969492727997891032e-03	-1.470127693366208741e-03
2.552908068239516723e-11	7.858106753355006413e-01	1.347989057957804526e+01	8.607990768690902683e-02	8.137684133291904487e-02	1.997950787688821186e-02	9.660984977908425586e-01	2.501383638831490841e-01	-8.369668352330572950e-03	-1.545455487714081410e-03
2.673841615839943880e-11	8.060892739386036343e-01	1.344225947345188921e+01	8.854847847402548544e-02	8.220686270633650872e-02	2.028979832078162474e-02	9.634500454110386247e-01	2.480640014903437163e-01	-8.778626329470294240e-03	-1.621588134681486429e-03
2.800503894183625342e-11	8.266706772002402337e-01	1.340634839288746427e+01	9.105258223259679595e-02	8.293057622453280098e-02	2.056671241848605225e-02	9.605549123434242720e-01	2.459535540551659183e-01	-9.196023707516922871e-03	-1.698352556513412588e-03
2.933166278390048099e-11	8.475463062004816583e-01	1.337201035015229778e+01	9.359162038207038958e-02	8.354791737275113483e-02	2.080977344584370933e-02	9.574126582049512502e-01	2.438074416638597586e-01	-9.621495513992382384e-03	-1.775571220808428710e-03
3.072112998861759207e-11	8.687069111620200346e-01	1.333910558086149933e+01	9.616494811149213506e-02	8.405916454264099336e-02	2.101867144938994805e-02	9.540235387671187617e-01	2.416262102018229829e-01	-1.005465640071082946e-02	-1.853063190095241043e-03
3.217641750250735458e-11	8.901425602953800809e-01	1.330750115114088850e+01	9.877187293291120329e-02	8.446512978754963652e-02	2.119330872644015207e-02	9.503889954328098577e-01	2.394105764110453782e-01	-1.049510117839940436e-02	-1.930644956415849536e-03
3.370064329271925032e-11	9.118426371300635269e-01	1.327707059368781373e+01	1.014116540649928344e-01	8.476673174745077977e-02	2.133369580571245830e-02	9.465106200741125742e-01	2.371613356667626460e-01	-1.094240575246873542e-02	-2.008131385858564957e-03
3.529707302730657668e-11	9.337958286959947563e-01	1.324769356968150369e+01	1.040835006965502296e-01	8.496540252135223459e-02	2.144004677888898189e-02	9.423911794086526905e-01	2.348794532790834666e-01	-1.139612758539671443e-02	-2.085336532821770780e-03
3.696912707195032437e-11	9.559901234735230791e-01	1.321925553781676577e+01	1.067865713570636949e-01	8.506284585209061833e-02	2.151271819727210502e-02	9.380340371746412886e-01	2.325660118668885779e-01	-1.185580659005160652e-02	-2.162074557993099583e-03
3.872038781812557004e-11	9.784128518484395132e-01	1.319164742328787554e+01	1.095199781408129902e-01	8.506108521551657142e-02	2.155221805852327796e-02	9.334432850582852215e-01	2.302222189294178545e-01	-1.232096681383660665e-02	-2.238160750071956692e-03
4.055460735840827506e-11	1.001050752165335567e+00	1.316476529937336792e+01	1.122827938645946794e-01	8.496238582480895862e-02	2.155918188208550204e-02	9.286235529667220545e-01	2.278493813866757367e-01	-1.279111869174120487e-02	-2.313412605165730395e-03
4.247571552536894126e-11	1.023889940097507667e+00	1.313851026958572810e+01	1.150740468017883711e-01	8.476930153322120853e-02	2.153438012530661111e-02	9.235801567962194092e-01	2.254489209122503279e-01	-1.326575926480480679e-02	-2.387650545164164955e-03
4.448782831127576069e-11	1.046915909698095115e+00	1.311278825120241009e+01	1.178927196739944921e-01	8.448463362941202592e-02	2.147870358471614879e-02	9.183190164565430136e-01	2.230223646007627181e-01	-1.374437308638821673e-02	-2.460698723006468375e-03
4.659525668664686662e-11	1.070113545444318914e+00	1.308750981854144513e+01	1.207377493243987632e-01	8.411137164425980250e-02	2.139314344918262847e-02	9.128465231147439018e-01	2.205713294607457853e-01	-1.422643328845277395e-02	-2.532385827014922101e-03
4.880251583654433574e-11	1.093467134273450991e+00	1.306258998487554379e+01	1.236080269043126206e-01	8.365270628209635351e-02	2.127878956410540756e-02	9.071695911006329993e-01	2.180975240806241056e-01	-1.471140270729327966e-02	-2.602545850950646264e-03
5.111433483440165318e-11	1.116960380109356832e+00	1.303794804158524379e+01	1.265023978163516694e-01	8.311202220614109792e-02	2.113682225983351884e-02	9.012956598572871014e-01	2.156027444212726962e-01	-1.519873498907673738e-02	-2.671018820804962456e-03
5.353566677410718816e-11	1.140576274189331718e+00	1.301350754784383135e+01	1.294196437601143890e-01	8.249284598241489463e-02	2.096849701404840394e-02	8.952326036512240348e-01	2.130888764786004475e-01	-1.568787268529720641e-02	-2.737651080403892979e-03
5.607169938205469661e-11	1.164296717916914137e+00	1.298919610837954330e+01	1.323584383700383005e-01	8.179884190791729404e-02	2.077513606471841773e-02	8.889888026376808750e-01	2.105579254802296407e-01	-1.617824028966528827e-02	-2.802294888935756914e-03
5.872786613189488850e-11	1.188102537316190421e+00	1.296494472162492606e+01	1.353173515034978569e-01	8.103378925292166468e-02	2.055812087842958866e-02	8.825730878685681402e-01	2.080120055473479723e-01	-1.666924528672117031e-02	-2.864809171272381105e-03
6.150985788580503926e-11	1.211973528167085146e+00	1.294068734096175355e+01	1.382948554661182494e-01	8.020156393278084217e-02	2.031888085424978993e-02	8.759946952321110425e-01	2.054533240878495259e-01	-1.716027989245882956e-02	-2.925060313869837832e-03
6.442363508721370414e-11	1.235888496887498134e+00	1.291636050642116551e+01	1.412893304347273005e-01	7.930610791991681008e-02	2.005888256424203167e-02	8.692631869026992142e-01	2.028841674928800187e-01	-1.765072280608347144e-02	-2.982922883027751011e-03
6.747544053110686101e-11	1.259825318538758898e+00	1.289190329474416963e+01	1.442990686336313166e-01	7.835142173344222805e-02	1.977962134175646064e-02	8.623884370486215589e-01	2.003068903360971376e-01	-1.813994102490938329e-02	-3.038280323377402520e-03
7.067181273927477085e-11	1.283761000716169054e+00	1.286725698778302629e+01	1.473222823101489332e-01	7.734154858941894028e-02	1.948261302545810369e-02	8.553805898985418210e-01	1.977239020046462070e-01	-1.862729222951492458e-02	-3.091025594037961465e-03
7.401959996915652408e-11	1.307672738909832155e+00	1.284236430954423192e+01	1.503572311022879915e-01	7.628048426465360021e-02	1.916936422864163464e-02	8.482496461299900981e-01	1.951375420436149422e-01	-1.911214683750088461e-02	-3.141063775826509735e-03
7.752597488629464062e-11	1.331540075539541679e+00	1.281716915233839593e+01	1.534024730763275668e-01	7.517218436239293811e-02	1.884136084571032960e-02	8.410051650666525713e-01	1.925498914221001334e-01	-1.959393257525485557e-02	-3.188316510650387927e-03
8.119844993184008328e-11	1.355344700229198507e+00	1.279161935670444628e+01	1.564568093680375194e-01	7.402049489776338365e-02	1.850004537759759524e-02	8.336561792236296675e-01	1.899628024179232377e-01	-2.007213069514950793e-02	-3.232720914060286353e-03
8.504489341802668113e-11	1.379070385280380284e+00	1.276566813592393146e+01	1.595192567019203811e-01	7.282923658090557917e-02	1.814683136882040693e-02	8.262115003095210630e-01	1.873779467352917338e-01	-2.054627477102762001e-02	-3.274228713234482880e-03
8.907354638610458163e-11	1.402702966983642163e+00	1.273927473124756560e+01	1.625890326137792719e-01	7.160215472700171002e-02	1.778308894507126328e-02	8.186796238032256756e-01	1.847968201776457875e-01	-2.101595036774426412e-02	-3.312805408215070517e-03
9.329304026284695888e-11	1.426230297490949539e+00	1.271240488590690099e+01	1.656655384650693175e-01	7.034295016205958928e-02	1.741015041796638643e-02	8.110688649595970690e-01	1.822207703957482994e-01	-2.148079351799883283e-02	-3.348429284952613577e-03
9.771241535346501225e-11	1.449642151934210199e+00	1.268503106155601934e+01	1.687483397736391222e-01	6.905520305136354786e-02	1.702929066314324766e-02	8.033871814496841290e-01	1.796509953015848482e-01	-2.194048894688345464e-02	-3.381090534473396320e-03
1.023411402105452712e-10	1.472926881777472996e+00	1.265713534031498888e+01	1.718367299369569223e-01	6.774259732488019381e-02	1.664179218460933377e-02	7.956433952146447774e-01	1.770889222970077614e-01	-2.239470358432655780e-02	-3.410785887166176405e-03
1.071891319205126445e-10	1.496064887467873250e+00	1.262870955982256582e+01	1.749289502508462602e-01	6.640904889586833615e-02	1.624900220871023163e-02	7.878485317771225516e-01	1.745367908673289559e-01	-2.284295866412382886e-02	-3.437510003491934998e-03
1.122667773510811312e-10	1.519028788452661649e+00	1.259974633544204003e+01	1.780223123790093953e-01	6.505856920733578408e-02	1.585230283997561204e-02	7.800152197985545932e-01	1.719975020892303141e-01	-2.328463353901153929e-02	-3.461256805577484722e-03
1.175849554052158201e-10	1.541783763768741933e+00	1.257023438133824556e+01	1.811132931799268597e-01	6.369516547630328651e-02	1.545308569698498891e-02	7.721572335804629539e-01	1.694744969144565683e-01	-2.371897435006425567e-02	-3.482021640768797038e-03
1.231550603292826197e-10	1.564287968535596152e+00	1.254015600058919411e+01	1.841976142469759492e-01	6.232277060878192027e-02	1.505273050640676576e-02	7.642891441292101185e-01	1.669716532617805949e-01	-2.414510446473779048e-02	-3.499803530875011601e-03
1.289890261253308184e-10	1.586493111275165457e+00	1.250948559992499476e+01	1.872703293146435188e-01	6.094523249169207096e-02	1.465259451428526337e-02	7.564261479045707448e-01	1.644931955799243117e-01	-2.456203857830237605e-02	-3.514607410919975885e-03
1.350993521198024986e-10	1.608345112010615585e+00	1.247818905266139744e+01	1.903259110564613776e-01	5.956628324065740832e-02	1.425399732443138542e-02	7.485838430970795931e-01	1.620436033396389364e-01	-2.496869832999102853e-02	-3.526446107013329976e-03
1.414991297434578731e-10	1.629784779208333090e+00	1.244622502207177916e+01	1.933583110868641319e-01	5.818955153094070715e-02	1.385821737847876649e-02	7.407781796481182068e-01	1.596275556222150060e-01	-2.536392922674176112e-02	-3.535342506169821247e-03
1.482020705798860072e-10	1.650752728131384295e+00	1.241354694745454701e+01	1.963615120528244551e-01	5.681845732449600922e-02	1.346644094036162156e-02	7.330244941970622818e-01	1.572495136752528055e-01	-2.574659853178131244e-02	-3.541335080295733660e-03
1.552225357427047968e-10	1.671193642295980109e+00	1.238010600260212257e+01	1.993299907250939973e-01	5.545607860217309504e-02	1.307971381494849906e-02	7.253365788916195100e-01	1.549133798602425616e-01	-2.611567843406926298e-02	-3.544480840407621559e-03
1.625755666443793407e-10	1.691056926719725517e+00	1.234585499407500819e+01	2.022587369975310523e-01	5.410514132812042909e-02	1.269893460264037016e-02	7.177266459799586107e-01	1.526224935173069175e-01	-2.647025863371234994e-02	-3.544854242093639467e-03
1.702769172225897821e-10	1.710296965601510344e+00	1.231075098426414627e+01	2.051432414707778373e-01	5.276869314772718311e-02	1.232502370612209054e-02	7.102075823053191073e-01	1.503798924316621655e-01	-2.680955067972458708e-02	-3.542545389508907142e-03
1.783430876931905687e-10	1.728873320578763639e+00	1.227475701162311594e+01	2.079794875567074208e-01	5.144862451839610912e-02	1.195856036848654685e-02	7.027881264443008869e-01	1.481878254374106307e-01	-2.713289041019920078e-02	-3.537658056520511310e-03
1.867913599020784805e-10	1.746754479927981052e+00	1.223783631691034657e+01	2.107644990821131437e-01	5.014699020875512669e-02	1.160010589510479528e-02	6.954766234405556080e-01	1.460478970246857910e-01	-2.743980058914408798e-02	-3.530306117845979051e-03
1.956398343517064725e-10	1.763921168435216291e+00	1.219994918312232635e+01	2.134968076143252957e-01	4.886507050461891266e-02	1.124996848135777217e-02	6.882774461133205346e-01	1.439604900353134709e-01	-2.773004403252537359e-02	-3.520609403231049744e-03
2.049074689815846066e-10	1.780362914498471838e+00	1.216106325059519477e+01	2.161758757249453433e-01	4.760380879225212941e-02	1.090832458408062117e-02	6.811930624304908255e-01	1.419252986340247824e-01	-2.800356090077370241e-02	-3.508692528132477308e-03
2.146141197858401440e-10	1.796077180800688344e+00	1.212115625520039863e+01	2.188019460807997252e-01	4.636394034760282779e-02	1.057525765980383420e-02	6.742246326815186652e-01	1.399414868509109844e-01	-2.826044870211256652e-02	-3.494682940749760901e-03
2.247805833548729991e-10	1.811068708355097145e+00	1.208021672346551689e+01	2.213759491158948378e-01	4.514599733024930034e-02	1.025076790395036339e-02	6.673721231579208268e-01	1.380077668494914256e-01	-2.850094814502612470e-02	-3.478709228133482993e-03
2.354286414322420067e-10	1.825348931049857848e+00	1.203824367022032860e+01	2.238994367645223138e-01	4.395036369724908409e-02	9.934792779719918421e-03	6.606345593159655971e-01	1.361224754798811831e-01	-2.872542816230994750e-02	-3.460899215644474419e-03
2.465811075822603842e-10	1.838934721493016067e+00	1.199524362551414214e+01	2.263744848223020745e-01	4.277721592001924172e-02	9.627202656575200093e-03	6.540099081022214822e-01	1.342836275876997665e-01	-2.893435711122553655e-02	-3.441376977163966393e-03
2.582618760682674929e-10	1.851843863291909198e+00	1.195123185589808479e+01	2.288031134627966090e-01	4.162676022922250779e-02	9.327874576794693492e-03	6.474964798672105948e-01	1.324893496516998947e-01	-2.912822166748227706e-02	-3.420262720871806994e-03
2.704959730463131364e-10	1.864093365644819089e+00	1.190623060060444516e+01	2.311871047054590567e-01	4.049919091880610500e-02	9.036689536148881027e-03	6.410929501225308691e-01	1.307379685749039400e-01	-2.930749435247982995e-02	-3.397672165987991599e-03
2.833096101839318258e-10	1.875699231424885705e+00	1.186026671050382397e+01	2.335280108268129040e-01	3.939473576949143602e-02	8.753543430093569180e-03	6.347984964347708203e-01	1.290280159441941077e-01	-2.947262850845300611e-02	-3.373716352496506071e-03
2.967302408188872501e-10	1.886676377344569167e+00	1.181336996249368809e+01	2.358271712806873366e-01	3.831356531032577284e-02	8.478328973611370598e-03	6.286124397651161599e-01	1.273581823963170490e-01	-2.962405612631505147e-02	-3.348501509441451952e-03
3.107866187782014063e-10	1.897038239985001429e+00	1.176557367420375932e+01	2.380856458998285297e-01	3.725588773251096997e-02	8.210955179589128974e-03	6.225346371217448382e-01	1.257273772327654471e-01	-2.976218142623335977e-02	-3.322130015742431192e-03
3.255088599835056406e-10	1.906796139290558800e+00	1.171691716888984303e+01	2.403040770606424958e-01	3.622194943012404383e-02	7.951351084152583071e-03	6.165656084583666097e-01	1.241347997383886737e-01	-2.988737329895463021e-02	-3.294702619479070085e-03
3.409285069746807543e-10	1.915960073548790277e+00	1.166744166881978551e+01	2.424828631295845027e-01	3.521198521763172634e-02	7.699450631163573706e-03	6.107061737326031636e-01	1.225798154711155719e-01	-2.999997601317844209e-02	-3.266316789572165907e-03
3.570785964900469852e-10	1.924538945104731447e+00	1.161718879976490904e+01	2.446222134264033066e-01	3.422621348375615852e-02	7.455190940235419464e-03	6.049573708161113395e-01	1.210619193878799127e-01	-3.010031253007515450e-02	-3.237066398479290178e-03
3.739937302478801677e-10	1.932540649656165677e+00	1.156620004068461682e+01	2.467221685106361639e-01	3.326476336669427492e-02	7.218495103513820031e-03	5.993201505486901448e-01	1.195806913273101818e-01	-3.018868553544525046e-02	-3.207041690125828765e-03
3.917101490809260641e-10	1.939972183901647274e+00	1.151451632599324171e+01	2.487826204831908306e-01	3.232772069248249225e-02	6.989281320275409458e-03	5.937955142726630831e-01	1.181357964488627538e-01	-3.026537919574889129e-02	-3.176329333286515445e-03
4.102658105827190344e-10	1.946839700594778400e+00	1.146217853783223539e+01	2.508033078482702627e-01	3.141516741064439427e-02	6.767472691749387877e-03	5.883846591055658104e-01	1.167270013497513775e-01	-3.033066119265797819e-02	-3.145012996590981595e-03
4.297004704320835313e-10	1.953148860555973476e+00	1.140922776427286855e+01	2.527838531878667250e-01	3.052707341770176733e-02	6.552969498817614452e-03	5.830885183317728870e-01	1.153541029749182573e-01	-3.038478821519689788e-02	-3.113173380383020116e-03
4.500557675700488183e-10	1.958905420989053958e+00	1.135570400365413946e+01	2.547238671088173922e-01	2.966348113216421556e-02	6.345692672310760882e-03	5.779083640965091417e-01	1.140169511640012484e-01	-3.042801522590442634e-02	-3.080887538646287765e-03
4.713753134116729086e-10	1.964115382215606553e+00	1.130164631882604453e+01	2.566229658097459176e-01	2.882414238338571952e-02	6.145494879254260155e-03	5.728443739511709376e-01	1.127152791498797074e-01	-3.046059752149624100e-02	-3.048228869508424078e-03
4.937047852839003559e-10	1.968785049652070462e+00	1.124709300943963619e+01	2.584807774235600153e-01	2.800902334076276270e-02	5.952284094906309768e-03	5.678975790824651870e-01	1.114489216568253921e-01	-3.048279122916203177e-02	-3.015267075929343402e-03
5.170920242896755486e-10	1.972921098957638675e+00	1.119208175330515331e+01	2.602969494959711527e-01	2.721782469920500103e-02	5.765906014820459426e-03	5.630679761648490489e-01	1.102175973259697378e-01	-3.049485568357419157e-02	-2.982068560402422863e-03
5.415871378079465267e-10	1.976530570146462606e+00	1.113664967450571552e+01	2.620711488475751527e-01	2.645030313689555879e-02	5.586222961029320422e-03	5.583557775922295408e-01	1.090210513010850119e-01	-3.049705166314692351e-02	-2.948696150263417810e-03
5.672426068491988835e-10	1.979620815735345207e+00	1.108083356057671942e+01	2.638030516939725567e-01	2.570616825121217058e-02	5.413088000270360918e-03	5.537610112287788544e-01	1.078590122909335869e-01	-3.048964110154528395e-02	-2.915209442005815398e-03
5.941133984965039838e-10	1.982199463281824059e+00	1.102466992056471540e+01	2.654923390245917947e-01	2.498509583249085980e-02	5.246349085572514330e-03	5.492835706769495507e-01	1.067312016237172839e-01	-3.047288653652117582e-02	-2.881664891680196187e-03
6.222570836730231313e-10	1.984274408852948257e+00	1.096819495096460884e+01	2.671386982010631184e-01	2.428673674290859202e-02	5.085851382694230212e-03	5.449232439521969340e-01	1.056373362139513411e-01	-3.044705067555202038e-02	-2.848115854686401535e-03
6.517339604882420571e-10	1.985853823649459615e+00	1.091144448815663992e+01	2.687418267553711160e-01	2.361073905051411584e-02	4.931441662271747808e-03	5.406797959338166537e-01	1.045771347938931617e-01	-3.041239638579163254e-02	-2.814612624425927821e-03
6.826071834272379248e-10	1.986946163956464284e+00	1.085445399117760523e+01	2.703014360505515135e-01	2.295664034659882988e-02	4.782943147648088637e-03	5.365525187313451294e-01	1.035502666501049579e-01	-3.036918689684421288e-02	-2.781202516365644233e-03
7.149428986597561750e-10	1.987560161854840635e+00	1.079725852731601421e+01	2.718172523719215028e-01	2.232410781886737597e-02	4.640213623694994759e-03	5.325412119870636118e-01	1.025564641402100241e-01	-3.031768464163235588e-02	-2.747929757130688957e-03
7.488103857590030225e-10	1.987704862853608034e+00	1.073989276310289753e+01	2.732890243791914475e-01	2.171268552537285179e-02	4.503083620104173478e-03	5.286451354029613192e-01	1.015953983780441688e-01	-3.025815370869145218e-02	-2.714835912105128916e-03
7.842822061337681836e-10	1.987389586583874657e+00	1.068239095064333810e+01	2.747165202887130175e-01	2.112193428201620399e-02	4.371390771189435399e-03	5.248635823658709398e-01	1.006667474410057189e-01	-3.019085701903480995e-02	-2.681959567295124323e-03
8.214343584919422200e-10	1.986623956535832569e+00	1.062478696890920027e+01	2.760995331381068119e-01	2.055141693075199574e-02	4.244976026346543134e-03	5.211958136236308770e-01	9.977018671759051160e-02	-3.011605803526953840e-02	-2.649336673923144685e-03
8.603464416684491388e-10	1.985417873204444961e+00	1.056711426128433295e+01	2.774378809998860884e-01	2.000067695341660803e-02	4.123678361565145424e-03	5.176409653911370201e-01	9.890537819377773210e-02	-3.003401951126819305e-02	-2.617000448351523411e-03
9.011018251665036851e-10	1.984384889845949074e+00	1.052995709240897959e+01	2.782720227731603768e-01	1.965687633448080437e-02	4.048388426094480866e-03	5.154173272997083499e-01	9.836733684849846560e-02	-2.997704993041405697e-02	-2.596365858388940875e-03
9.437878277775391497e-10	1.983182335172838151e+00	1.049676741222523546e+01	2.789827212938507661e-01	1.935924918587061602e-02	3.983709738202292037e-03	5.134991527821911594e-01	9.790800827780139770e-02	-2.992174637408192076e-02	-2.578154731815757768e-03
9.884959046625586031e-10	1.981685518156957038e+00	1.046418336634240021e+01	2.796402162967862037e-01	1.907680704069259978e-02	3.922903498103968815e-03	5.116911917788881103e-01	9.748118976044471695e-02	-2.986250190189079085e-02	-2.560528457125355647e-03
1.035321843295661502e-09	1.979874230559259818e+00	1.043209575442779169e+01	2.802439678558537040e-01	1.880855903298877044e-02	3.865770013208653499e-03	5.099901555393541175e-01	9.708665266102754765e-02	-2.979891002937833447e-02	-2.543444334603967537e-03
1.084365968689608688e-09	1.977739171683995378e+00	1.040042139425823109e+01	2.807943173766513367e-01	1.855361889143408369e-02	3.812110152116928493e-03	5.083923564589145627e-01	9.672377059113164421e-02	-2.973075995626085419e-02	-2.526865889421262869e-03
1.135733358343102889e-09	1.975277511743083636e+00	1.036909513810539707e+01	2.812920740161894972e-01	1.831115050971098002e-02	3.761726434991598689e-03	5.068938617128123658e-01	9.639171375609861814e-02	-2.965795758218458394e-02	-2.510761378446171345e-03
1.189534067370320724e-09	1.972490673910041847e+00	1.033806538446351908e+01	2.817383189372874575e-01	1.808040274249260101e-02	3.714433667757368555e-03	5.054908275324135891e-01	9.608956183475422796e-02	-2.958048640787360253e-02	-2.495102891512406777e-03
1.245883364295008068e-09	1.969383007293442178e+00	1.030729113458732726e+01	2.821342936861151451e-01	1.786068814719899561e-02	3.670057289876623580e-03	5.041795150202569298e-01	9.581635201892960141e-02	-2.949838356754604096e-02	-2.479865647138845049e-03
1.304901978014401580e-09	1.965960931756961516e+00	1.027673991449325008e+01	2.824813321859681037e-01	1.765137878761939907e-02	3.628433978539535778e-03	5.029563379765099596e-01	9.557111132896307926e-02	-2.941172453468993489e-02	-2.465027500642896774e-03
1.366716356462010101e-09	1.962232341691153570e+00	1.024638623815565630e+01	2.827808150789984376e-01	1.745190590939091693e-02	3.589412532220912899e-03	5.018179062450168759e-01	9.535287905393978469e-02	-2.932061188650591024e-02	-2.450568499968676026e-03
1.431458937523481393e-09	1.958206199605695197e+00	1.021621038977804652e+01	2.830341427413129995e-01	1.726174805948195792e-02	3.552852457222672490e-03	5.007610013532713955e-01	9.516071568913392342e-02	-2.922516857120017672e-02	-2.436470648650334875e-03
1.499268432786047049e-09	1.953892216510199953e+00	1.018619745375455921e+01	2.832427142003799414e-01	1.708042766778181121e-02	3.518623345481195971e-03	4.997825827201209381e-01	9.499371073943803367e-02	-2.912553164481966606e-02	-2.422717561996023949e-03
1.570290124729377524e-09	1.949300626454607777e+00	1.015633657139805379e+01	2.834079135719738685e-01	1.690751245987538384e-02	3.486605623454259832e-03	4.988798075655124786e-01	9.485098995623170159e-02	-2.902184836427620235e-02	-2.409294315929584335e-03
1.644676177994662829e-09	1.944442011801296832e+00	1.012662029090147797e+01	2.835311014528296147e-01	1.674259054937224031e-02	3.456684886005625870e-03	4.980499317895072386e-01	9.473170671677497157e-02	-2.891427306496266447e-02	-2.396187256979645172e-03
1.722585965398783835e-09	1.939327169130999895e+00	1.009704405094665525e+01	2.836136086712708337e-01	1.658530302454551408e-02	3.428760288518779929e-03	4.972904578423404387e-01	9.463506210460584378e-02	-2.880296470113149696e-02	-2.383383847952293653e-03
1.804186409392068039e-09	1.933967001848574840e+00	1.006760573621369481e+01	2.836567320655952185e-01	1.643530660597872575e-02	3.402734999002461624e-03	4.965989771972392774e-01	9.456028608002203795e-02	-2.868808494870303191e-02	-2.370872555773799809e-03
1.889652339691211477e-09	1.928372442808770959e+00	1.003830532022816335e+01	2.836617323280234970e-01	1.629228387320036733e-02	3.378519143824156544e-03	4.959732171312750126e-01	9.450664419466808797e-02	-2.856979674495103982e-02	-2.358642724428850878e-03
1.979166867853557524e-09	1.922554397851391705e+00	1.000914452941325195e+01	2.836298344417561568e-01	1.615593179826191675e-02	3.356027762069938979e-03	4.954109908818608576e-01	9.447343258222146156e-02	-2.844826390875766428e-02	-2.346684572390506009e-03
2.072921779595369695e-09	1.916523676023011102e+00	9.980126634555428922e+00	2.835622226467877649e-01	1.602600454115110304e-02	3.335189354248548153e-03	4.949103884699136979e-01	9.445999793221410146e-02	-2.832364845406354012e-02	-2.334988923254672447e-03
2.171117945694509622e-09	1.910290973020890126e+00	9.951256146670488079e+00	2.834600460245918496e-01	1.590223762135965085e-02	3.315929796563667036e-03	4.944694424154184587e-01	9.446570040976681737e-02	-2.819611211543909812e-02	-2.323547372879616966e-03
2.273965752357932151e-09	1.903866832556906141e+00	9.922538694688320504e+00	2.833244157602071156e-01	1.578439700466595028e-02	3.298182267637918101e-03	4.940863436624480243e-01	9.448993556970074204e-02	-2.806581437379932972e-02	-2.312352052424757401e-03
2.381685551976160644e-09	1.897261619191385584e+00	9.893980772198609941e+00	2.831564078648006189e-01	1.567226485603363112e-02	3.281885208254716867e-03	4.937593773150735776e-01	9.453212842366277846e-02	-2.793291275829068096e-02	-2.301395669133776516e-03
2.494508135230316413e-09	1.890485516230089313e+00	9.865589733165858632e+00	2.829570625771455350e-01	1.556564219796254325e-02	3.266982031886754827e-03	4.934869348495517505e-01	9.459173275608474818e-02	-2.779756229092719688e-02	-2.290671436395067852e-03
2.612675225563326382e-09	1.883548489127187420e+00	9.837373485559373520e+00	2.827273872948738442e-01	1.546433812914096984e-02	3.253418854290659589e-03	4.932674647286821035e-01	9.466822467063724933e-02	-2.765991520651216867e-02	-2.280172999521985593e-03
2.736439997074666368e-09	1.876460305484212165e+00	9.809340547404691080e+00	2.824683576249276684e-01	1.536815725705852238e-02	3.241141504470252364e-03	4.930994172798656150e-01	9.476109553576234079e-02	-2.752012157334867218e-02	-2.269894530169556859e-03
2.866067616948244470e-09	1.869230502680431893e+00	9.781499888941254994e+00	2.821809167447318911e-01	1.527695864204135431e-02	3.230109582525878334e-03	4.929815003199952694e-01	9.486988164517180799e-02	-2.737832749711680697e-02	-2.259830445470400150e-03
3.001835813575592210e-09	1.861868391779900378e+00	9.753860774245460163e+00	2.818659802484262955e-01	1.519057350006357623e-02	3.220276470431699019e-03	4.929123186685501201e-01	9.499411959489632851e-02	-2.723467698522233707e-02	-2.249975651735583882e-03
3.144035471591500167e-09	1.854383073063576637e+00	9.726432854110882431e+00	2.815244355460627679e-01	1.510883363404944349e-02	3.211595712326659278e-03	4.928904982275196800e-01	9.513335986541494871e-02	-2.708931089359128269e-02	-2.240325361793605967e-03
3.292971255097148186e-09	1.846783399930562730e+00	9.699225943390267446e+00	2.811571425637246491e-01	1.503165942963664847e-02	3.204044963293445954e-03	4.929150641419762224e-01	9.528721642678085468e-02	-2.694236674169825721e-02	-2.230875095261551470e-03
3.448962260405766611e-09	1.839078018298115236e+00	9.672250046312969474e+00	2.807649387365233062e-01	1.495911886749903830e-02	3.197639995939562975e-03	4.929856868879881060e-01	9.545539295801101776e-02	-2.679397965557972494e-02	-2.221620682532498940e-03
3.612342699709437910e-09	1.831275339066888552e+00	9.645515333077870679e+00	2.803486352590336961e-01	1.489034902778367531e-02	3.192153557158902005e-03	4.930980577176621860e-01	9.563709840499186321e-02	-2.664428141344735851e-02	-2.212558265019856207e-03
3.783462617131932968e-09	1.823383553529291268e+00	9.619032042366166380e+00	2.799090220134152207e-01	1.482598939499634241e-02	3.187752378918716576e-03	4.932543306537034433e-01	9.583237310374383144e-02	-2.649340075052624560e-02	-2.203684177188365567e-03
3.962688638701478467e-09	1.815410640640803264e+00	9.592810458294307452e+00	2.794468691282294692e-01	1.476568388349012648e-02	3.184342416646043783e-03	4.934523956382422805e-01	9.604072208834102398e-02	-2.634146415423643112e-02	-2.194995082566154800e-03
4.150404757850472502e-09	1.807364355139087664e+00	9.566860908030902166e+00	2.789629249911542153e-01	1.470932636374150566e-02	3.181895371704753037e-03	4.936912286428180585e-01	9.626179702191307863e-02	-2.618859455157825089e-02	-2.186487809662781678e-03
4.347013158125017173e-09	1.799252247785041003e+00	9.541193691300129842e+00	2.784579211813493771e-01	1.465680185716955117e-02	3.180380631008281229e-03	4.939697762302240336e-01	9.649525189723173746e-02	-2.603491268256934513e-02	-2.178159454285909929e-03
4.552935074866938773e-09	1.791081659020202999e+00	9.515819110972113748e+00	2.779325703745188503e-01	1.460806262325155605e-02	3.179785887369702101e-03	4.942872814521930835e-01	9.674078632287397284e-02	-2.588053616462468454e-02	-2.170007295453389457e-03
4.768611697714474181e-09	1.782859731725281893e+00	9.490747346361102288e+00	2.773875717852826717e-01	1.456298607848435095e-02	3.180078816926405240e-03	4.946426736469631824e-01	9.699806391272221273e-02	-2.572558052465408543e-02	-2.162028821216102799e-03
4.994505115855140358e-09	1.774593409345675665e+00	9.465988623391423218e+00	2.768236056789722399e-01	1.452148371371999452e-02	3.181236404474932326e-03	4.950350381004584022e-01	9.726677523021326488e-02	-2.557015809046701491e-02	-2.154221707951949234e-03
5.231099308056257792e-09	1.766289438667908884e+00	9.441552954028045619e+00	2.762413411788017248e-01	1.448350098306486547e-02	3.183245095076128739e-03	4.954636065059410677e-01	9.754663405406080456e-02	-2.541437909283234334e-02	-2.146583802699770886e-03
5.478901179593956120e-09	1.757954390631849106e+00	9.417450380669698973e+00	2.756414321376791099e-01	1.444896285319161033e-02	3.186085481952748936e-03	4.959275305143557855e-01	9.783734791530475372e-02	-2.525835100780533110e-02	-2.139113119825428004e-03
5.738441648302404521e-09	1.749594635386891639e+00	9.393690699791171994e+00	2.750245210829484477e-01	1.441778309821593364e-02	3.189735425213870591e-03	4.964259179845366132e-01	9.813862265840660182e-02	-2.510217895957563353e-02	-2.131807825177180378e-03
6.010276782070388176e-09	1.741216383507430354e+00	9.370283675455187478e+00	2.743912391841799026e-01	1.438990068104471429e-02	3.194179501361609028e-03	4.969579862174597351e-01	9.845018149500782412e-02	-2.494596595641913189e-02	-2.124666268504799005e-03
6.294988990221888141e-09	1.732825663165319385e+00	9.347238885353506888e+00	2.737422069403195879e-01	1.436525437701464958e-02	3.199402612479870702e-03	4.975229541401312017e-01	9.877175156621982588e-02	-2.478981248926960188e-02	-2.117686909988939371e-03
6.593188271333541710e-09	1.724428341671169873e+00	9.324565784577581340e+00	2.730780354533647869e-01	1.434378545789349521e-02	3.205389793591497966e-03	4.981200523761583621e-01	9.910306287307403539e-02	-2.463381707392657549e-02	-2.110868383972044817e-03
6.905513520162316861e-09	1.716030105972690345e+00	9.302273679144686724e+00	2.723993238647798854e-01	1.432543127786941629e-02	3.212125929740232422e-03	4.987484992855639176e-01	9.944384888607425699e-02	-2.447807509876821774e-02	-2.104209385310997632e-03
7.232633896483518810e-09	1.707636513351205254e+00	9.280371731830227233e+00	2.717066669576995164e-01	1.431014450280440435e-02	3.219598958005739139e-03	4.994075732164223180e-01	9.979384917606753946e-02	-2.432268109002622136e-02	-2.097708828286415361e-03
7.575250258771920716e-09	1.699252941295040564e+00	9.258868892695506503e+00	2.710006489843854727e-01	1.429787225751916364e-02	3.227795917203679643e-03	5.000965319716753621e-01	1.001528044152331098e-01	-2.416772650469628525e-02	-2.091365674508445169e-03
7.934096665797492339e-09	1.690884630744005745e+00	9.237773952678280054e+00	2.702818486889533300e-01	1.428855741277906301e-02	3.236702954793412457e-03	5.008146133349570261e-01	1.005204539413520753e-01	-2.401330117384373880e-02	-2.085179030015311356e-03
8.309941949353386453e-09	1.682536674168377822e+00	9.217095545251014599e+00	2.695508370952656718e-01	1.428216801942764659e-02	3.246312372638184961e-03	5.015611588425670231e-01	1.008965506006313517e-01	-2.385949262285876407e-02	-2.079148094352693040e-03
8.703591361485183753e-09	1.674214028070846405e+00	9.196842102349531700e+00	2.688081805137293445e-01	1.427865990951728524e-02	3.256613492206439017e-03	5.023354558926100832e-01	1.012808411723643415e-01	-2.370638676241423881e-02	-2.073272209082577342e-03
9.115888299750837812e-09	1.665921505714539785e+00	9.177021875354430591e+00	2.680544384750147002e-01	1.427796396069422845e-02	3.267588447151255349e-03	5.031366886309638353e-01	1.016730592736144467e-01	-2.355406697538736660e-02	-2.067550748720761201e-03
9.547716114208065503e-09	1.657663797281216267e+00	9.157642907582827618e+00	2.672901674755001622e-01	1.428006382466984366e-02	3.279234252418995223e-03	5.039642525897333192e-01	1.020729664198934405e-01	-2.340261533123873944e-02	-2.061983238675904433e-03
1.000000000000000021e-08	1.649445456363544782e+00	9.138713060247164677e+00	2.665159177478941821e-01	1.428492331664983454e-02	3.291542173115100545e-03	5.048174598201196073e-01	1.024803132375549930e-01	-2.325211150429288068e-02	-2.056569267781298716e-03
