# Pressure Mass Radius Compactness k2 k3 h2 h3 j2 j3
9.999999999999999799e-13	1.059072711542742573e-01	4.231380582980588656e+01	3.695846490395839415e-03	3.070839452248555674e-04	5.191254291241405468e-05	9.895857978276887401e-01	3.284600421295026385e-01	-2.892224231373214088e-06	-1.956568072790621291e-07
1.047370897959448749e-12	1.085023838886174652e-01	3.906248957162987523e+01	4.101564980344788239e-03	3.997857406473807689e-04	4.321896964549337277e-05	9.885686946568451594e-01	3.279293084069632713e-01	-4.042586985425529618e-06	-2.556122890130045388e-07
1.096985797892381920e-12	1.112067046872382697e-01	3.631913600722154456e+01	4.521324711709853554e-03	5.198364134329062653e-04	5.088602139059075573e-05	9.875668067823872853e-01	3.273819540184497723e-01	-5.568736068802090767e-06	-3.365050189876495953e-07
1.148951000187311009e-12	1.140214066293043643e-01	3.397630349357250168e+01	4.955420374005430235e-03	6.722941924625662133e-04	6.334585758862112687e-05	9.865898571370385062e-01	3.268180486907872329e-01	-7.557778148324176253e-06	-4.456270384905994212e-07
1.203377840777590522e-12	1.169482437995933849e-01	3.195465954938918074e+01	5.404179237611106412e-03	8.624622044263207440e-04	7.538219472185088475e-05	9.856476202788509999e-01	3.262377030943195977e-01	-1.010792219935861679e-05	-5.921772782799260441e-07
1.260382929679727463e-12	1.199894852047405092e-01	3.019437651007921630e+01	5.867962893660604723e-03	1.095808874092445541e-03	9.242939286913099111e-05	9.847510539348568459e-01	3.256410709337375642e-01	-1.332871160969596551e-05	-7.875510548377322009e-07
1.320088400831416649e-12	1.231478450602442182e-01	2.864951638787001897e+01	6.347164531926421938e-03	1.377917089192678838e-03	1.138520493568572585e-04	9.839103871156706926e-01	3.250283604028010864e-01	-1.734116067278327396e-05	-1.045623946436864690e-06
1.382622173764653478e-12	1.264264387070704043e-01	2.728424156772298659e+01	6.842207702773200201e-03	1.714397100831600547e-03	1.414854968661243939e-04	9.831363302698792328e-01	3.243998353986236038e-01	-2.227786381006485603e-05	-1.383034947360382412e-06
1.448118227674535917e-12	1.298287509192715961e-01	2.607019864353549821e+01	7.353545322747104609e-03	2.110832377125747717e-03	1.751291287515913890e-04	9.824394995373482153e-01	3.237558190745716269e-01	-2.828305679711792919e-05	-1.819462870409599613e-06
1.516716888470924089e-12	1.333586150943475435e-01	2.498467276819803118e+01	7.881659088734683724e-03	2.572706646606420441e-03	2.174473373068930900e-04	9.818302033601106205e-01	3.230966919156623152e-01	-3.551266076863872687e-05	-2.377895502021131480e-06
1.588565129428052692e-12	1.370201981614505293e-01	2.400926112616479458e+01	8.427058936159298810e-03	3.105339045177533518e-03	2.697021127246611218e-04	9.813186399214461897e-01	3.224228873942778240e-01	-4.413429718252184471e-05	-3.084886781315872675e-06
1.663816886076127415e-12	1.408179905832197543e-01	2.312890286718597466e+01	8.990282642711667355e-03	3.713838585141563363e-03	3.325205528652489645e-04	9.809144497875719182e-01	3.217348916969298700e-01	-5.432728139735146201e-05	-3.970799209202304658e-06
1.742633386009647278e-12	1.447567994143211523e-01	2.233115890711634322e+01	9.571895427057105360e-03	4.403047451131343430e-03	4.087295072684361688e-04	9.806267277337611388e-01	3.210332350597943085e-01	-6.628260801591379396e-05	-5.070030389753883642e-06
1.825183494319046040e-12	1.488417327488902597e-01	2.160567143293722836e+01	1.017248797113756709e-02	5.177482038093178529e-03	4.985284605491149389e-04	9.804639657762159732e-01	3.203184868260599005e-01	-8.020287067416487507e-05	-6.421215482505436072e-06
1.911644075385703708e-12	1.530781916005767018e-01	2.094374991022318255e+01	1.079267538243372515e-02	6.041292713703533095e-03	6.049071421192522531e-04	9.804340072880086687e-01	3.195912453422899424e-01	-9.630217107010445316e-05	-8.067406830074452969e-06
2.002200371815584363e-12	1.574718742645048186e-01	2.033805008047410112e+01	1.143309781838776872e-02	6.998247823097536284e-03	7.296230446482586049e-04	9.805439310346188986e-01	3.188521373446163154e-01	-1.148060392138526629e-04	-1.005623044755109528e-05
2.097046401323230665e-12	1.620287755209158520e-01	1.978232503503453188e+01	1.209442015431301531e-02	8.051642269568511090e-03	8.735128790790040428e-04	9.807998734085783266e-01	3.181017881229052935e-01	-1.359513256869891099e-04	-1.244001625510260163e-05
2.196385372416542332e-12	1.667551853247473959e-01	1.927122933599805066e+01	1.277733150680428025e-02	9.204324510614319763e-03	1.039290374595845884e-03	9.812071543664698803e-01	3.173408295711625526e-01	-1.599860603549680489e-04	-1.527589452109298946e-05
2.300430119772921506e-12	1.716576872853277091e-01	1.880016349391099340e+01	1.348254461246427283e-02	1.045865232108287440e-02	1.228273261083586386e-03	9.817701145333014301e-01	3.165698808360341010e-01	-1.871692778949665291e-04	-1.862585974309797463e-05
2.409403560239526876e-12	1.767431575267650046e-01	1.836514925621616356e+01	1.421079525109083391e-02	1.181643884776257224e-02	1.442332379343353333e-03	9.824920682650820636e-01	3.157895303690168021e-01	-2.177708228992264862e-04	-2.255680034405945086e-05
2.523539170434765862e-12	1.820187624104029067e-01	1.796272900489256230e+01	1.496284145620929186e-02	1.327897118555610052e-02	1.683012824580491134e-03	9.833752922699775523e-01	3.150003327175256440e-01	-2.520711029374186050e-04	-2.714048730839114683e-05
2.643081486974102692e-12	1.874919553672965145e-01	1.758988389438638578e+01	1.573946262348367708e-02	1.484697732895819133e-02	1.952072046002860384e-03	9.844210044289135597e-01	3.142027920307549627e-01	-2.903608021456310375e-04	-3.245352170880418471e-05
2.768286630392061017e-12	1.931704510109779616e-01	1.724396807213265248e+01	1.654145541748106366e-02	1.652060384082031791e-02	2.251006060611011276e-03	9.856293171368007977e-01	3.133973523274831141e-01	-3.329403686762695742e-04	-3.857721232523444121e-05
2.899422853882880921e-12	1.990620608850990902e-01	1.692266106349029542e+01	1.736961029799000480e-02	1.829936610306335393e-02	2.581051890535556760e-03	9.869991686693311284e-01	3.125844093634896903e-01	-3.801182440187798818e-04	-4.559721843955987430e-05
3.036771118035460378e-12	2.051747944735578255e-01	1.662391261925049690e+01	1.822472545586943660e-02	2.018214792867495042e-02	2.943544932095594046e-03	9.885283314314178282e-01	3.117642746819073163e-01	-4.322108586211991345e-04	-5.360338822144275375e-05
3.180625692794118977e-12	2.115169533156575077e-01	1.634589984787770334e+01	1.910761946938082864e-02	2.216727260905925270e-02	3.339372189771224082e-03	9.902134646853910649e-01	3.109371670080407490e-01	-4.895428325295330882e-04	-6.268960340411071689e-05
3.331294787934670055e-12	2.180971273833824386e-01	1.608699683650939605e+01	2.001913019487753728e-02	2.425246408886709906e-02	3.769362816390620530e-03	9.920500740903475112e-01	3.101031822372349867e-01	-5.524464799577554538e-04	-7.295348903878925918e-05
3.489101213406766494e-12	2.249241887936100359e-01	1.584574890977624406e+01	2.096011340201435133e-02	2.643486253141386771e-02	4.234286864011222243e-03	9.940325247304698797e-01	3.092622942804506558e-01	-6.212612474967883769e-04	-8.449607084825460279e-05
3.654383070957261569e-12	2.320072835168678071e-01	1.562085071712845163e+01	2.193144121746002165e-02	2.871106503850004432e-02	4.734405141613319719e-03	9.961541203043146053e-01	3.084143511146174021e-01	-6.963330854858914122e-04	-9.742138375159297683e-05
3.827494478516314936e-12	2.393558207182155118e-01	1.541112747500026181e+01	2.293400038634027527e-02	3.107709078668624211e-02	5.269945944565530664e-03	9.984070473315093119e-01	3.075590575015969552e-01	-7.780137426593081076e-04	-1.118360246273163313e-04
4.008806328898464320e-12	2.469794594255598497e-01	1.521551886783268159e+01	2.396869029625817854e-02	3.352844160878382107e-02	5.840781908297583598e-03	1.000782476705278423e+00	3.066959810609743431e-01	-8.666599714393354243e-04	-1.278486511386713693e-04
4.198707084443905621e-12	2.548880923304659429e-01	1.503306516537710458e+01	2.503642077303181238e-02	3.606007518234952136e-02	6.446610971924833337e-03	1.003270523064959008e+00	3.058245356628528921e-01	-9.626326406416582616e-04	-1.455694244007629747e-04
4.397603609302712498e-12	2.630918263084778275e-01	1.486289520114766383e+01	2.613810962939573657e-02	3.866649700123216821e-02	7.086901528331175301e-03	1.005860422706795321e+00	3.049440048926276292e-01	-1.066295740052075267e-03	-1.651093933571872439e-04
4.605922041145112927e-12	2.716008137525471322e-01	1.470421853301048465e+01	2.727466049178730104e-02	4.134160077227601315e-02	7.760725201874749991e-03	1.008540245867582508e+00	3.040535074979155428e-01	-1.178013322516949452e-03	-1.865794434084799944e-04
4.824108704165373984e-12	2.804248981385588646e-01	1.455632051388579207e+01	2.844691637823130309e-02	4.407871985395341030e-02	8.466920694443352824e-03	1.011297113245560597e+00	3.031520742529094647e-01	-1.298143356074427622e-03	-2.100885594437001448e-04
5.052631065335679604e-12	2.895740251795528297e-01	1.441854494142647347e+01	2.965571522292911877e-02	4.687077211596914206e-02	9.204063075085353041e-03	1.014117330772852377e+00	3.022385918653183734e-01	-1.427041540274315073e-03	-2.357439639304994487e-04
5.291978735958436557e-12	2.990583365944545213e-01	1.429028638186418831e+01	3.090190237179499949e-02	4.971028886121041379e-02	9.970423067204154527e-03	1.016986406993926284e+00	3.013117817535581056e-01	-1.565061663571380756e-03	-2.636506353006673638e-04
5.542664520663095602e-12	3.088881490843742861e-01	1.417098536549690735e+01	3.218632793308858625e-02	5.258947938049458176e-02	1.076404435230747525e-02	1.019889179305912608e+00	3.003702135811385232e-01	-1.712554510680620434e-03	-2.939105401181023531e-04
5.805225516094907684e-12	3.190739300789262045e-01	1.406012398769993332e+01	3.350984401045044303e-02	5.550028941075230843e-02	1.158275310646728409e-02	1.022809933459369658e+00	2.994123217355834643e-01	-1.869866689227361357e-03	-3.266218344659041744e-04
6.080224261649427052e-12	3.296262699856971068e-01	1.395722193069885009e+01	3.487330169105108679e-02	5.843440190200492601e-02	1.242410420815046393e-02	1.025732394346307030e+00	2.984364010960285363e-01	-2.037339368209976388e-03	-3.618780387405610456e-04
6.368249944718585906e-12	3.405558506767090710e-01	1.386183284084597567e+01	3.627754783158373963e-02	6.138332602908187774e-02	1.328549620440373086e-02	1.028639908119044266e+00	2.974406328667939525e-01	-2.215306929765382092e-03	-3.997671911970676552e-04
6.669919663030115058e-12	3.518734100586061730e-01	1.377354104363848109e+01	3.772342160147923451e-02	6.433836399353179414e-02	1.416406243831556597e-02	1.031515361208369619e+00	2.964230745636639575e-01	-2.404095511143905170e-03	-4.403709741886626685e-04
6.985879746785234820e-12	3.635897023279319740e-01	1.369195855800513861e+01	3.921175076973814483e-02	6.729070405193225690e-02	1.505679904154569662e-02	1.034341371930906250e+00	2.953816876024182303e-01	-2.604021449499485576e-03	-4.837638279734701773e-04
7.316807143427207274e-12	3.757154538496655927e-01	1.361672237492784454e+01	4.074334776281859222e-02	7.023147054384917820e-02	1.596052641777945258e-02	1.037100388426078990e+00	2.943143575951396862e-01	-2.815389613506823208e-03	-5.300120457001316742e-04
7.663410868007462274e-12	3.882613014403665797e-01	1.354749205386525546e+01	4.231900382749120143e-02	7.315169141961969101e-02	1.687191809157992384e-02	1.039774612661602538e+00	2.932188873510844784e-01	-3.038491406636617976e-03	-5.791728172248160073e-04
8.026433522257174683e-12	4.012373025061967691e-01	1.348394949641599894e+01	4.393943010603293398e-02	7.604230444159981728e-02	1.778749727217622534e-02	1.042346125944946245e+00	2.920930689750540488e-01	-3.273594860041092059e-03	-6.312915260391532878e-04
8.406652885618316356e-12	4.146528489468302436e-01	1.342579618035095379e+01	4.560524979768616760e-02	7.889420221599315053e-02	1.870366244129485420e-02	1.044796973355093472e+00	2.909346981315809044e-01	-3.520941396360701293e-03	-6.864005216079785855e-04
8.804883581643446547e-12	4.285172006538990885e-01	1.337274860754148875e+01	4.731706669275687061e-02	8.169843039184747358e-02	1.961676187098380236e-02	1.047109413660997523e+00	2.897415498828458946e-01	-3.780754334016742536e-03	-7.445205746979962572e-04
9.221978823334340144e-12	4.428394796590643390e-01	1.332453726950333461e+01	4.907546585806074613e-02	8.444618817817896306e-02	2.052309611571130621e-02	1.049265900780632199e+00	2.885113698969847262e-01	-4.053238203360749921e-03	-8.056603837652093160e-04
9.658832241158709141e-12	4.576286242714360797e-01	1.328090577076110357e+01	5.088100970515423149e-02	8.712892083527638831e-02	2.141897372923722009e-02	1.051249279886392163e+00	2.872419193458892184e-01	-4.338577376988519106e-03	-8.698159783658477749e-04
1.011637979766206976e-11	4.728933396091181129e-01	1.324160994688493709e+01	5.273423393674529780e-02	8.973835935568832967e-02	2.230072972089701053e-02	1.053042869779528656e+00	2.859309873195800544e-01	-4.636934659351101169e-03	-9.369701696423467967e-04
1.059560179277614774e-11	4.886420449744494632e-01	1.320641699496715660e+01	5.463564341034078675e-02	9.226651175975479624e-02	2.316473674479131370e-02	1.054630436713886787e+00	2.845763977646654230e-01	-4.948449843135181193e-03	-1.007092051948529909e-03
1.109752496412069864e-11	5.048828177573454479e-01	1.317510462902599322e+01	5.658570787594629364e-02	9.470573303917033392e-02	2.400744792284353196e-02	1.055996345842867168e+00	2.831760413525880593e-01	-5.273238229194093796e-03	-1.080136560684668385e-03
1.162322468679854125e-11	5.216233336374566099e-01	1.314746026725853056e+01	5.858485756223669183e-02	9.704885790257113121e-02	2.482544343203795315e-02	1.057125856546663689e+00	2.817279166475073482e-01	-5.611389101005779742e-03	-1.156044087346694716e-03
1.217382727739662020e-11	5.388708048550795437e-01	1.312328025581115121e+01	6.063347880999145345e-02	9.928867603288024646e-02	2.561527771473288972e-02	1.058003932385987778e+00	2.802299998017560578e-01	-5.962964250112073698e-03	-1.234740190834290223e-03
1.275051240713012859e-11	5.566319123925568269e-01	1.310236913141012494e+01	6.273190928852931392e-02	1.014190396643283032e-01	2.637385906298125859e-02	1.058617744229793933e+00	2.786805558290579854e-01	-6.327996316348355292e-03	-1.316135320304211717e-03
1.335451562929897339e-11	5.749127380516789732e-01	1.308453894048972543e+01	6.488043338698658291e-02	1.034337679975500940e-01	2.709809569071823174e-02	1.058954189654240929e+00	2.770778487054984529e-01	-6.706487299709264910e-03	-1.400124690086506805e-03
1.398713102647241439e-11	5.937184478711944324e-01	1.306960873033966841e+01	6.707924909103922528e-02	1.053273217868868211e-01	2.778513204802715575e-02	1.059001477141150893e+00	2.754203634941010947e-01	-7.098401908596509505e-03	-1.486587089806936778e-03
1.464971398307287854e-11	6.130528351913894225e-01	1.305740413829255253e+01	6.932841863675014149e-02	1.070945204911003534e-01	2.843226305012984748e-02	1.058748562390963821e+00	2.737067792414993317e-01	-7.503657797977120528e-03	-1.575383154889384817e-03
1.534368408930013065e-11	6.329188705743763466e-01	1.304775636551387308e+01	7.162793663102264008e-02	1.087307460313886032e-01	2.903701388922440285e-02	1.058185469560227965e+00	2.719359587073429396e-01	-7.922137058562803147e-03	-1.666358446056597853e-03
1.607052818261638620e-11	6.533187614105955277e-01	1.304050187698372376e+01	7.397773991255827963e-02	1.102319547818629980e-01	2.959715482351802859e-02	1.057303299577419198e+00	2.701069477998144230e-01	-8.353687846600706471e-03	-1.759344397010150374e-03
1.683180353330955093e-11	6.742538892306940701e-01	1.303548216462502651e+01	7.637770341088391535e-02	1.115946263707645603e-01	3.011069353553602959e-02	1.056094119889727789e+00	2.682189712487308975e-01	-8.798123572886876534e-03	-1.854158804943124373e-03
1.762914118095944293e-11	6.957247463813974742e-01	1.303254347364539356e+01	7.882763624948856129e-02	1.128159490459252484e-01	3.057592808001901794e-02	1.054551411293003227e+00	2.662714796260656769e-01	-9.255222180107736465e-03	-1.950606423723963380e-03
1.846424942895546448e-11	7.177308763784163714e-01	1.303153661789482598e+01	8.132727785524190844e-02	1.138935169154981081e-01	3.099138552243849501e-02	1.052669368624070456e+00	2.642640994141271515e-01	-9.724725537702445105e-03	-2.048479670617335286e-03
1.933891750455232057e-11	7.402708080123183709e-01	1.303231665024123842e+01	8.387629434380147742e-02	1.148256274214990436e-01	3.135589286375349560e-02	1.050443616177987094e+00	2.621966964089452179e-01	-1.020633886909230389e-02	-2.147559413034835340e-03
2.025501939230666486e-11	7.633419961790806063e-01	1.303474267959629174e+01	8.647427491952552892e-02	1.156110958048245929e-01	3.166853547043989303e-02	1.047870785652698311e+00	2.600693436283159077e-01	-1.069973034210276210e-02	-2.247615872393462708e-03
2.121451784910627571e-11	7.869407595804916999e-01	1.303867759273547655e+01	8.912072863008628498e-02	1.162494189625084551e-01	3.192870827088211544e-02	1.044948927472252764e+00	2.578823691244990224e-01	-1.120453074156520061e-02	-2.348409609132234323e-03
2.221946860939528424e-11	8.110622239410099077e-01	1.304398790350258253e+01	9.181508102351854106e-02	1.167403486251331890e-01	3.213598367440670400e-02	1.041676497716209626e+00	2.556362430952966447e-01	-1.172033331812871899e-02	-2.449692628809787501e-03
2.327202478960412005e-11	8.357002637054881111e-01	1.305054350904515204e+01	9.455667132596574931e-02	1.170845908614582959e-01	3.229033251453672371e-02	1.038054074180241759e+00	2.533317784242222204e-01	-1.224669368078381594e-02	-2.551209520241979733e-03
2.437444150122221807e-11	8.608474269814693214e-01	1.305821749373111196e+01	9.734474749993940468e-02	1.172831600935453772e-01	3.239191816777668015e-02	1.034082817682339117e+00	2.509699540239195281e-01	-1.278312952893614386e-02	-2.652698657558220756e-03
2.552908068239516723e-11	8.864946149237986628e-01	1.306688593122328257e+01	1.001784336441512574e-01	1.173375830379931178e-01	3.244115864747540434e-02	1.029765033145837672e+00	2.485519998682927667e-01	-1.332911512785225037e-02	-2.753892469412940781e-03
2.673841615839943880e-11	9.126311630205216074e-01	1.307642780475716471e+01	1.030567420442390497e-01	1.172499831827365779e-01	3.243875009420001815e-02	1.025104380702988260e+00	2.460794100980098764e-01	-1.388408464640839349e-02	-2.854519492048461678e-03
2.800503894183625342e-11	9.392450502264825252e-01	1.308672506774280286e+01	1.059785983724274572e-01	1.170229738300555822e-01	3.238563150513714545e-02	1.020105598623130438e+00	2.435538927845415647e-01	-1.444743821181963296e-02	-2.954306861334421181e-03
2.933166278390048099e-11	9.663228759757164221e-01	1.309766262970853745e+01	1.089428409033705997e-01	1.166594274419250898e-01	3.228290298382219953e-02	1.014773947139211874e+00	2.409772973125552664e-01	-1.501854308449526547e-02	-3.052981864794546054e-03
3.072112998861759207e-11	9.938498388383497639e-01	1.310912828795096630e+01	1.119482201307425706e-01	1.161630104518038137e-01	3.213199171178859198e-02	1.009116590886931286e+00	2.383517771580650479e-01	-1.559673498963442574e-02	-3.150273488990352859e-03
3.217641750250735458e-11	1.021809717680720153e+00	1.312101274062436751e+01	1.149933977613349090e-01	1.155375966199779364e-01	3.193445354225333405e-02	1.003141151569199918e+00	2.356796084923194201e-01	-1.618131943390811039e-02	-3.245913966928288315e-03
3.370064329271925032e-11	1.050184861048152341e+00	1.313320951842476525e+01	1.180769470521216696e-01	1.147874233836048280e-01	3.169203199241171082e-02	9.968561284109814791e-01	2.329632507433802013e-01	-1.677157338169809817e-02	-3.339640331986472657e-03
3.529707302730657668e-11	1.078956184635704529e+00	1.314561498787464622e+01	1.211973531751983080e-01	1.139171522442188472e-01	3.140665062210225983e-02	9.902710886263677015e-01	2.302053453035042552e-01	-1.736674706291164647e-02	-3.431195957777099115e-03
3.696912707195032437e-11	1.108103173199980640e+00	1.315812833786159786e+01	1.243530139055495226e-01	1.129317219460639066e-01	3.108036905501806307e-02	9.833963213629747235e-01	2.274086780255630547e-01	-1.796606590908122331e-02	-3.520332054432995152e-03
3.872038781812557004e-11	1.137603890301872145e+00	1.317065161131598572e+01	1.275422404255157627e-01	1.118364424195678331e-01	3.071539804251261982e-02	9.762431186370227332e-01	2.245762002003904301e-01	-1.856873259955614183e-02	-3.606809114561423165e-03
4.055460735840827506e-11	1.167435002642902564e+00	1.318308953855808419e+01	1.307632613297158020e-01	1.106367322172911311e-01	3.031402447361625577e-02	9.688231105146745126e-01	2.217109560465246321e-01	-1.917392989536734205e-02	-3.690398368374985145e-03
4.247571552536894126e-11	1.197571799862120701e+00	1.319534997406448085e+01	1.340142198565107412e-01	1.093383436132591841e-01	2.987865237345668779e-02	9.611488992690672140e-01	2.188161326612522162e-01	-1.978082216156227396e-02	-3.770883031754709586e-03
4.448782831127576069e-11	1.227988222002882823e+00	1.320734336604417436e+01	1.372931810329923452e-01	1.079471684321537533e-01	2.941174942195169326e-02	9.532335689405067036e-01	2.158950063319391988e-01	-2.038855861259041002e-02	-3.848059539923197325e-03
4.659525668664686662e-11	1.258656907912735878e+00	1.321898301299615852e+01	1.405981331624977793e-01	1.064692523378939909e-01	2.891583688722424925e-02	9.450907539576115513e-01	2.129509368925433799e-01	-2.099627643282064859e-02	-3.921738828197426571e-03
4.880251583654433574e-11	1.289549172740899197e+00	1.323018529336514959e+01	1.439269809273026057e-01	1.049107577438295469e-01	2.839347387814397661e-02	9.367345800333224393e-01	2.099873620301841159e-01	-2.160310067342492701e-02	-3.991746948443539861e-03
5.111433483440165318e-11	1.320635108452590245e+00	1.324086923064777999e+01	1.472775589081577463e-01	1.032779254409690872e-01	2.784723638060969397e-02	9.281795738441347421e-01	2.070077705916766042e-01	-2.220814976082565936e-02	-4.057926319105820655e-03
5.353566677410718816e-11	1.351883641954600090e+00	1.325095676185699745e+01	1.506476325965613039e-01	1.015770384384455105e-01	2.727970051620622061e-02	9.194405920580082103e-01	2.040156890885052865e-01	-2.281053774745624846e-02	-4.120136434887961517e-03
5.607169938205469661e-11	1.383262608614369782e+00	1.326037282008799778e+01	1.540349024945736611e-01	9.981439473983104438e-02	2.669342755089239988e-02	9.105327691693220205e-01	2.010146673099034165e-01	-2.340937727460906670e-02	-4.178254508620589391e-03
5.872786613189488850e-11	1.414738853475655755e+00	1.326904529765689311e+01	1.574370121981515380e-01	9.799629575390769731e-02	2.609095088712952426e-02	9.014715040968825921e-01	1.980082630138695343e-01	-2.400378364217401264e-02	-4.232176101852134185e-03
6.150985788580503926e-11	1.446278315119482683e+00	1.327690517122612412e+01	1.608515522502820538e-01	9.612896212908191018e-02	2.547475314870673718e-02	8.922722411045150848e-01	1.950000176217077663e-01	-2.459287758671787824e-02	-4.281815432477082371e-03
6.442363508721370414e-11	1.477846136227438878e+00	1.328388653071124814e+01	1.642760675957554151e-01	9.421856849204711393e-02	2.484726353650151473e-02	8.829505840624156665e-01	1.919934519284307306e-01	-2.517578908120849529e-02	-4.327105668531051191e-03
6.747544053110686101e-11	1.509406769565212691e+00	1.328992670944654897e+01	1.677080628450391131e-01	9.227117122547384698e-02	2.421083683857576732e-02	8.735221033646046740e-01	1.889920416568269257e-01	-2.575166047270369130e-02	-4.367998998670439420e-03
7.067181273927477085e-11	1.540924104728069954e+00	1.329496623433499636e+01	1.711450116276134192e-01	9.029272409657783383e-02	2.356775175975578049e-02	8.640023906291760536e-01	1.859992122778588719e-01	-2.631965049318572142e-02	-4.404466614820623342e-03
7.401959996915652408e-11	1.572361579678462462e+00	1.329894904735857963e+01	1.745843604539692451e-01	8.828899699529943468e-02	2.292018944963138127e-02	8.544068301039761115e-01	1.830183132109814981e-01	-2.687893664384129536e-02	-4.436498414294981658e-03
7.752597488629464062e-11	1.603682554615265987e+00	1.330182242630230505e+01	1.780235651018692300e-01	8.626560711360893585e-02	2.227023236798992070e-02	8.447506664633557261e-01	1.800525951727206253e-01	-2.742872368056560942e-02	-4.464102963475591150e-03
8.119844993184008328e-11	1.634850298251275591e+00	1.330353700135099260e+01	1.814600825177205001e-01	8.422793688242788401e-02	2.161984734849554252e-02	8.350487764049872030e-01	1.771051963031566312e-01	-2.796824300268516833e-02	-4.487306567426686300e-03
8.504489341802668113e-11	1.665827853894185306e+00	1.330404658185464051e+01	1.848913518087794972e-01	8.218120908949469450e-02	2.097089844868399791e-02	8.253159237225783373e-01	1.741791707770823650e-01	-2.849675132091914267e-02	-4.506152428457296799e-03
8.907354638610458163e-11	1.696578172258534689e+00	1.330330822478826036e+01	1.883148015108791207e-01	8.013037819068462297e-02	2.032512661534983944e-02	8.155664219566051143e-01	1.712774583525335514e-01	-2.901353355258371944e-02	-4.520700000766110158e-03
9.329304026284695888e-11	1.727064242882797140e+00	1.330128225018062693e+01	1.917278571892535866e-01	7.808020655239313046e-02	1.968416108437363171e-02	8.058143633671076556e-01	1.684028935988210463e-01	-2.951790527302184525e-02	-4.531024146639590910e-03
9.771241535346501225e-11	1.757249247428200878e+00	1.329793230322989039e+01	1.951279506255794993e-01	7.603519654370329006e-02	1.904950726230384903e-02	7.960733975129687945e-01	1.655581836410106034e-01	-3.000921582365667292e-02	-4.537214332863750803e-03
1.023411402105452712e-10	1.787096699911549180e+00	1.329322539096776978e+01	1.985125277448427650e-01	7.399959911585689276e-02	1.842254921559446576e-02	7.863567450326516273e-01	1.627459051143518298e-01	-3.048685069354481122e-02	-4.539373649474594090e-03
1.071891319205126445e-10	1.816570594781438119e+00	1.328713191685303663e+01	2.018790573353717033e-01	7.197740986954921649e-02	1.780454887935602887e-02	7.766771700864367745e-01	1.599684961428152197e-01	-3.095023405563906635e-02	-4.537617794848441272e-03
1.122667773510811312e-10	1.845635548190216468e+00	1.327962572062519087e+01	2.052250388686916449e-01	6.997236592877666139e-02	1.719664822799618631e-02	7.670469540844117029e-01	1.572282526266191305e-01	-3.139883084711527633e-02	-4.532073974522985056e-03
1.175849554052158201e-10	1.874256934920950579e+00	1.327068419190933213e+01	2.085480086477403683e-01	6.798793872375966107e-02	1.659986956700806870e-02	7.574778549305118958e-01	1.545273226498605490e-01	-3.183214834216373940e-02	-4.522879756354110034e-03
1.231550603292826197e-10	1.902401038841917691e+00	1.326028816799364130e+01	2.118455508060994030e-01	6.602732906771169308e-02	1.601511738477057190e-02	7.479810663432915341e-01	1.518677000415649403e-01	-3.224973837114392811e-02	-4.510181878714647312e-03
1.289890261253308184e-10	1.930035497721930060e+00	1.324842183987315636e+01	2.151153412672497101e-01	6.409345444915211243e-02	1.544317626202083849e-02	7.385671192733803680e-01	1.492511942054105811e-01	-3.265120302691975479e-02	-4.494134833937536537e-03
1.350993521198024986e-10	1.957129291588290965e+00	1.323507254653560494e+01	2.183551431401006271e-01	6.218894831944901669e-02	1.488471661194844947e-02	7.292458636125803695e-01	1.466794382087090176e-01	-3.303619307434717961e-02	-4.474899461810007834e-03
1.414991297434578731e-10	1.983652359046285785e+00	1.322023072428351398e+01	2.215627584397507344e-01	6.031619535757284239e-02	1.434030651817883376e-02	7.200266087583032659e-01	1.441539288480414016e-01	-3.340440040037211122e-02	-4.452641724973860696e-03
1.482020705798860072e-10	2.009575722051692548e+00	1.320388985706664009e+01	2.247360365842301089e-01	5.847734484725279624e-02	1.381041933351206258e-02	7.109181416445489177e-01	1.416760295253231550e-01	-3.375555988206446756e-02	-4.427531799152411088e-03
1.552225357427047968e-10	2.034871587880975330e+00	1.318604648127959500e+01	2.278728796892377229e-01	5.667429147879082113e-02	1.329543319953741670e-02	7.019286325759586109e-01	1.392469626732044108e-01	-3.408944912891596207e-02	-4.399742881495302856e-03
1.625755666443793407e-10	2.059513471014845276e+00	1.316670013213906465e+01	2.309712513447312876e-01	5.490871896437803101e-02	1.279564348379545399e-02	6.930657575445097196e-01	1.368678204409194965e-01	-3.440588940828431114e-02	-4.369450173118871218e-03
1.702769172225897821e-10	2.083476299449737557e+00	1.314585329567814753e+01	2.340291839116704353e-01	5.318204840381316606e-02	1.231125614664775429e-02	6.843364837169575443e-01	1.345395465114350431e-01	-3.470474593540220920e-02	-4.336829846647599629e-03
1.783430876931905687e-10	2.106736516609870158e+00	1.312351152001144250e+01	2.370447828280456137e-01	5.149552876846785754e-02	1.184240895611786588e-02	6.757473649170142593e-01	1.322629638658592843e-01	-3.498592763866720246e-02	-4.302058116225316795e-03
1.867913599020784805e-10	2.129272166326906746e+00	1.309968329320982150e+01	2.400162334443179113e-01	4.985017415634720311e-02	1.138916369053513504e-02	6.673042856710912352e-01	1.300387553037211097e-01	-3.524938698738081660e-02	-4.265310271756802413e-03
1.956398343517064725e-10	2.151062976815957484e+00	1.307438008582823485e+01	2.429418052232583947e-01	4.824681051060333153e-02	1.095151835373035960e-02	6.590126009224079873e-01	1.278674776256642498e-01	-3.549511944687043508e-02	-4.226759842458321925e-03
2.049074689815846066e-10	2.172090620117842263e+00	1.304761601823349793e+01	2.458198831745060098e-01	4.668606566324281365e-02	1.052940818926318377e-02	6.508770487638402269e-01	1.257495446692426799e-01	-3.572316493471962978e-02	-4.186577414605686075e-03
2.146141197858401440e-10	2.192338965286712238e+00	1.301940725957524769e+01	2.486490048811877684e-01	4.516834222562372131e-02	1.012270183965161170e-02	6.429015902777520663e-01	1.236851996242235435e-01	-3.593360805536372632e-02	-4.144929229827545338e-03
2.247805833548729991e-10	2.211793491769309394e+00	1.298977240125906718e+01	2.514277848533894577e-01	4.369389599536131763e-02	9.731224594919979723e-03	6.350897362053062878e-01	1.216745885116488068e-01	-3.612656855376941700e-02	-4.101977330547583803e-03
2.354286414322420067e-10	2.230441246423927826e+00	1.295873232715390522e+01	2.541549095476643982e-01	4.226286739387198621e-02	9.354768114043445978e-03	6.274446499185296622e-01	1.197177770428584920e-01	-3.630220020258347752e-02	-4.057879238581577584e-03
2.465811075822603842e-10	2.248270875835382210e+00	1.292631031460276780e+01	2.568291367981696549e-01	4.087520976679381857e-02	8.993076483233095053e-03	6.199688475921084629e-01	1.178147231463656935e-01	-3.646068850683929080e-02	-4.012787442438857551e-03
2.582618760682674929e-10	2.265272669261372496e+00	1.289253181667688075e+01	2.594493030468649764e-01	3.953078589636722928e-02	8.645869893894760766e-03	6.126645419088897482e-01	1.159653130354016959e-01	-3.660225012492061142e-02	-3.966848962085733378e-03
2.704959730463131364e-10	2.281438602395642334e+00	1.285742445219070973e+01	2.620143271212770353e-01	3.822934549318568465e-02	8.312842302567870906e-03	6.055335328843119980e-01	1.141693534799061160e-01	-3.672713189562812341e-02	-3.920205043163683956e-03
2.833096101839318258e-10	2.296762359544716414e+00	1.282101803824494013e+01	2.645232110334709841e-01	3.697052099580959428e-02	7.993661184020577418e-03	5.985771689400876117e-01	1.124265688209676872e-01	-3.683560910534579291e-02	-3.872990880006625062e-03
2.967302408188872501e-10	2.311239334927804201e+00	1.278334441746334882e+01	2.669750429470031383e-01	3.575385752378489046e-02	7.687976785808755750e-03	5.917964437574262382e-01	1.107366150401096899e-01	-3.692798371663904428e-02	-3.825335302015916202e-03
3.107866187782014063e-10	2.324866679030505257e+00	1.274443746859978965e+01	2.693690020559389997e-01	3.457880972750785459e-02	7.395421928293568863e-03	5.851919615666797414e-01	1.090990757331932598e-01	-3.700458365306935615e-02	-3.777360669044145178e-03
3.255088599835056406e-10	2.337643527697855106e+00	1.270433210326360296e+01	2.717044067780856609e-01	3.344473595172415409e-02	7.115612033373139647e-03	5.787638577498254167e-01	1.075134392620189783e-01	-3.706576178087177265e-02	-3.729181706696118974e-03
3.409285069746807543e-10	2.349570784842902604e+00	1.266306409949026879e+01	2.739806951291416381e-01	3.235090293380248755e-02	6.848148017680113532e-03	5.725118128729723699e-01	1.059791121264123115e-01	-3.711189052762452895e-02	-3.680905489835677169e-03
3.570785964900469852e-10	2.360650744898939113e+00	1.262067074855095328e+01	2.761973686336401945e-01	3.129654365138175715e-02	6.592630022385474915e-03	5.664353183194987817e-01	1.044954700278297455e-01	-3.714335855969681105e-02	-3.632632639735532566e-03
3.739937302478801677e-10	2.370887055440314306e+00	1.257719076168234729e+01	2.783539909793619760e-01	3.028082081539006445e-02	6.348650741752242047e-03	5.605335114777129091e-01	1.030618441918641909e-01	-3.716056877265470210e-02	-3.584457346818419130e-03
3.917101490809260641e-10	2.380284701865439168e+00	1.253266424934597012e+01	2.804501879347820470e-01	2.930288459037015680e-02	6.115808670578868830e-03	5.548054062956112586e-01	1.016775475256567890e-01	-3.716393653487447268e-02	-3.536467429858826655e-03
4.102658105827190344e-10	2.388849994234952590e+00	1.248713260593580188e+01	2.824856498878617339e-01	2.836188047325177361e-02	5.893709852271286111e-03	5.492499184941516122e-01	1.003418773662218128e-01	-3.715388851575612134e-02	-3.488744433915786335e-03
4.297004704320835313e-10	2.396590559420426647e+00	1.244063845027501714e+01	2.844601341089338375e-01	2.745685781546895396e-02	5.681947829366843124e-03	5.438654596493415205e-01	9.905407213003808442e-02	-3.713086196267958300e-02	-3.441363824699188948e-03
4.500557675700488183e-10	2.403515287383362509e+00	1.239322553081095535e+01	2.863734626628097191e-01	2.658690272950828271e-02	5.480133600467030144e-03	5.386505011149481659e-01	9.781337466116422907e-02	-3.709530208273024987e-02	-3.394395014151181233e-03
4.713753134116729086e-10	2.409634336791609766e+00	1.234493868554121931e+01	2.882255263604551199e-01	2.575106633606732628e-02	5.287879620629678395e-03	5.336032551975521399e-01	9.661899720131285341e-02	-3.704766191220133092e-02	-3.347901632554716855e-03
4.937047852839003559e-10	2.414959188014123015e+00	1.229582266307231642e+01	2.900163215594112054e-01	2.494837757141878457e-02	5.104802554441473066e-03	5.287216947107988840e-01	9.547011171953355413e-02	-3.698839887071714294e-02	-3.301940663173589998e-03
5.170920242896755486e-10	2.419502456733001239e+00	1.224592186850308018e+01	2.917459381258316609e-01	2.417784375701839683e-02	4.930523650516276286e-03	5.240035564066871654e-01	9.436585605484422434e-02	-3.691797146317873229e-02	-3.256562729481176591e-03
5.415871378079465267e-10	2.423277662225606921e+00	1.219528140683210360e+01	2.934145106958961913e-01	2.343847295572134073e-02	4.764673845304405117e-03	5.194464702269646628e-01	9.330536567358817257e-02	-3.683683911319457494e-02	-3.211813541239030585e-03
5.672426068491988835e-10	2.426299170072417244e+00	1.214394708688013758e+01	2.950222143890007254e-01	2.272929154176238017e-02	4.606897399053344611e-03	5.150480385364072378e-01	9.228778394918921157e-02	-3.674546053926402295e-02	-3.167734124713114142e-03
5.941133984965039838e-10	2.428582158864737384e+00	1.209196526203298738e+01	2.965692674225361980e-01	2.204932808010379511e-02	4.456847959503094925e-03	5.108057595559315489e-01	9.131225272968414297e-02	-3.664429336184498592e-02	-3.124361059406621528e-03
6.222570836730231313e-10	2.430142579255297530e+00	1.203938287551548036e+01	2.980559279838722042e-01	2.139763089725805686e-02	4.314192561676605080e-03	5.067171075488212661e-01	9.037792314328380039e-02	-3.653379262994721488e-02	-3.081726704422511117e-03
6.517339604882420571e-10	2.430997126619403925e+00	1.198624724791600649e+01	2.994824991611134690e-01	2.077324929100844708e-02	4.178606072459565765e-03	5.027794419725263309e-01	8.948394134852342974e-02	-3.641441103573481164e-02	-3.039859431094618560e-03
6.826071834272379248e-10	2.431163192994260758e+00	1.193260620348651990e+01	3.008493231001754808e-01	2.017526914454042392e-02	4.049780341514305770e-03	4.989901751412166853e-01	8.862947263372444873e-02	-3.628659726967088661e-02	-2.998783881862223093e-03
7.149428986597561750e-10	2.430658820031074807e+00	1.187850746206132335e+01	3.021567937592805619e-01	1.960277416928553340e-02	3.927413927139554624e-03	4.953465837983097031e-01	8.781367301312961726e-02	-3.615079490723911021e-02	-2.958520872093186368e-03
7.488103857590030225e-10	2.429502584451300073e+00	1.182399735999754675e+01	3.034053792235369418e-01	1.905485827350650307e-02	3.811215261313555605e-03	4.918458483595546937e-01	8.703568805118397367e-02	-3.600743762095291733e-02	-2.919086773534476913e-03
7.842822061337681836e-10	2.427713485953027828e+00	1.176912197203298760e+01	3.045955835776800735e-01	1.853063524689694402e-02	3.700904411218985599e-03	4.884851265802278575e-01	8.629467300814888664e-02	-3.585695117602038379e-02	-2.880494790744455528e-03
8.214343584919422200e-10	2.425310869493402688e+00	1.171392744099844485e+01	3.057279319536067574e-01	1.802924177477602946e-02	3.596213089473128139e-03	4.852615802106245990e-01	8.558979940616348592e-02	-3.569975313800182598e-02	-2.842755450722684197e-03
8.603464416684491388e-10	2.422314422948578461e+00	1.165845999630539076e+01	3.068029726620265518e-01	1.754984064999193585e-02	3.496885401824711449e-03	4.821723905911761698e-01	8.492025652802452640e-02	-3.553625378264130275e-02	-2.805876913780673207e-03
9.011018251665036851e-10	2.418744116534347732e+00	1.160276584035577052e+01	3.078212754391113637e-01	1.709162587433024280e-02	3.402678034548110592e-03	4.792147868166796165e-01	8.428525318680085698e-02	-3.536685498929853511e-02	-2.769865100261232737e-03
9.437878277775391497e-10	2.414620173177962403e+00	1.154689111185462203e+01	3.087834315703646970e-01	1.665381130240883162e-02	3.313357926299831824e-03	4.763859939741088012e-01	8.368401254165092062e-02	-3.519194999625924886e-02	-2.734723848521522678e-03
9.884959046625586031e-10	2.409963035503904560e+00	1.149088178134144123e+01	3.096900553848059290e-01	1.623563854772853629e-02	3.228703252990590584e-03	4.736832722535879725e-01	8.311577441314942083e-02	-3.501192354672467977e-02	-2.700455098106204193e-03
1.035321843295661502e-09	2.404793324134432364e+00	1.143478353673252279e+01	3.105417849414039422e-01	1.583637612626177457e-02	3.148503144496946071e-03	4.711039151616926435e-01	8.257979484375538304e-02	-3.482715104185303556e-02	-2.667058985336916155e-03
1.084365968689608688e-09	2.399131634711549665e+00	1.137864029465365689e+01	3.113392993966340172e-01	1.545530008629663818e-02	3.072553216047697097e-03	4.686451448107787354e-01	8.207532854135698996e-02	-3.463799398205678892e-02	-2.634533233724938375e-03
1.135733358343102889e-09	2.392998570500182165e+00	1.132249531058361391e+01	3.120832964976457680e-01	1.509172157846627033e-02	3.000661223232482366e-03	4.663042649808885609e-01	8.160165228995684694e-02	-3.444480277526628526e-02	-2.602874044775131766e-03
1.189534067370320724e-09	2.386414711369015951e+00	1.126639137460468021e+01	3.127744858620161161e-01	1.474496937071280260e-02	2.932642797211032493e-03	4.640785843318109283e-01	8.115805731068392870e-02	-3.424791784012649193e-02	-2.572076416764886887e-03
1.245883364295008068e-09	2.379400623243300039e+00	1.121037108483473155e+01	3.134135850467876239e-01	1.441440351068874401e-02	2.868324253614620845e-03	4.619654891343710212e-01	8.074385824036407755e-02	-3.404767015663680285e-02	-2.542134423483185298e-03
1.304901978014401580e-09	2.371976810503948041e+00	1.115447651363828463e+01	3.140013248652554489e-01	1.409941214636550519e-02	2.807541614271371819e-03	4.599624271061206748e-01	8.035838896530186903e-02	-3.384438145358790312e-02	-2.513041224368460155e-03
1.366716356462010101e-09	2.364163692126850513e+00	1.109874933320460322e+01	3.145384450312188607e-01	1.379940006007311995e-02	2.750137557749497783e-03	4.580668573752603723e-01	8.000099684814175605e-02	-3.363836366829418140e-02	-2.484789183621700578e-03
1.431458937523481393e-09	2.355981598661856413e+00	1.104323076000649095e+01	3.150256974970830903e-01	1.351376519364869654e-02	2.695955467708276501e-03	4.562761342610411330e-01	7.967102628351810378e-02	-3.342992014012902136e-02	-2.457370037282201151e-03
1.499268432786047049e-09	2.347450669562935577e+00	1.098796111067340853e+01	3.154638475850338186e-01	1.324208771384543203e-02	2.644885348883698872e-03	4.545884459169691194e-01	7.936793691786650506e-02	-3.321934328295124417e-02	-2.430774681537567396e-03
1.570290124729377524e-09	2.338590731098254327e+00	1.093297928081246795e+01	3.158536747589704152e-01	1.298371499619957806e-02	2.596762927688641906e-03	4.530007611843400173e-01	7.909104347219925168e-02	-3.300691294825260774e-02	-2.404993175829797138e-03
1.644676177994662829e-09	2.329421357573752793e+00	1.087832323635594456e+01	3.161959688483094166e-01	1.273818286684788234e-02	2.551471559227677655e-03	4.515109210688504349e-01	7.883978002235533800e-02	-3.279289912710137839e-02	-2.380015042832780373e-03
1.722585965398783835e-09	2.319961902914402962e+00	1.082403039351945928e+01	3.164915251345251090e-01	1.250501780601241154e-02	2.508893543459173817e-03	4.501166662984735778e-01	7.861357666504424635e-02	-3.257756373445904602e-02	-2.355829631048140214e-03
1.804186409392068039e-09	2.310231455100038911e+00	1.077013761245760470e+01	3.167411398996622385e-01	1.228376301738082731e-02	2.468917391819250382e-03	4.488157723884748096e-01	7.841188008526732423e-02	-3.236115875539243014e-02	-2.332425984985233951e-03
1.889652339691211477e-09	2.300248854264622445e+00	1.071668102917168142e+01	3.169456193040210978e-01	1.207396442297847296e-02	2.431433104992589047e-03	4.476059751275714982e-01	7.823413784783177227e-02	-3.214392904522955091e-02	-2.309793071030183994e-03
1.979166867853557524e-09	2.290032650165654715e+00	1.066369617727741570e+01	3.171057714373909375e-01	1.187522271427920648e-02	2.396345127933997409e-03	4.464852391450361835e-01	7.807983535837632882e-02	-3.192611024314499779e-02	-2.287919687812767049e-03
2.072921779595369695e-09	2.279601142560435001e+00	1.061121780231817624e+01	3.172224187478305812e-01	1.168713526739115563e-02	2.363558429659818553e-03	4.454514604930907007e-01	7.794845476263861928e-02	-3.170793255721963966e-02	-2.266794731199645464e-03
2.171117945694509622e-09	2.268972187859284784e+00	1.055927950218523215e+01	3.172963832929880934e-01	1.150931002866717803e-02	2.332981232034274637e-03	4.445025496988710967e-01	7.783948780933341860e-02	-3.148961361143825383e-02	-2.246406641287714175e-03
2.273965752357932151e-09	2.258163276893688121e+00	1.050791378985285540e+01	3.173284967968470482e-01	1.134139259415466866e-02	2.304532124470277596e-03	4.436365612968111716e-01	7.775245052559284775e-02	-3.127136389323666166e-02	-2.226743926770225444e-03
2.381685551976160644e-09	2.247191559017133411e+00	1.045715236010615179e+01	3.173195971095136847e-01	1.118303495230494292e-02	2.278131776837430834e-03	4.428515423147120766e-01	7.768686290280345241e-02	-3.105338682013414342e-02	-2.207795170502153004e-03
2.494508135230316413e-09	2.236073833579475867e+00	1.040702623567951335e+01	3.172705234944604435e-01	1.103390408767179753e-02	2.253705162453076543e-03	4.421455809700824413e-01	7.764225650699724257e-02	-3.083587806504923048e-02	-2.189549030350459828e-03
2.612675225563326382e-09	2.224826558710895963e+00	1.035756560919333147e+01	3.171821234668512624e-01	1.089368502180344117e-02	2.231182220441896465e-03	4.415168180862801273e-01	7.761817345798301127e-02	-3.061902720897805366e-02	-2.171994317881504981e-03
2.736439997074666368e-09	2.213465835019728711e+00	1.030879987405421794e+01	3.170552503186473969e-01	1.076208262465504044e-02	2.210498086526997783e-03	4.409634597325296501e-01	7.761416790591899040e-02	-3.040301731011803982e-02	-2.155119993465875149e-03
2.866067616948244470e-09	2.202007410330792059e+00	1.026075758154018480e+01	3.168907657796090627e-01	1.063880624290813523e-02	2.191589395217707816e-03	4.404836996649450498e-01	7.762979520190993465e-02	-3.018802538721161721e-02	-2.138915168214748468e-03
3.001835813575592210e-09	2.190466646692755592e+00	1.021346649097147896e+01	3.166895343061794654e-01	1.052358969952120298e-02	2.174399164758792583e-03	4.400758253605177583e-01	7.766462678364126349e-02	-2.997422155872183844e-02	-2.123369121475053058e-03
3.144035471591500167e-09	2.178858498908451402e+00	1.016695313510583887e+01	3.164524338794684200e-01	1.041617274413563637e-02	2.158872087033739205e-03	4.397381176275328984e-01	7.771823345053620324e-02	-2.976177007964589047e-02	-2.108471213767231997e-03
3.292971255097148186e-09	2.167197538891882491e+00	1.012124336287405590e+01	3.161803430871670262e-01	1.031631038510454242e-02	2.144956813698267999e-03	4.394689090953157740e-01	7.779019627876121445e-02	-2.955082892653165469e-02	-2.094211077955431943e-03
3.448962260405766611e-09	2.155497977379820185e+00	1.007636198865089305e+01	3.158741554532245033e-01	1.022376561349274196e-02	2.132604020291539032e-03	4.392665370307743400e-01	7.788009571765142081e-02	-2.934155132438876629e-02	-2.080578469980993387e-03
3.612342699709437910e-09	2.143773648331422699e+00	1.003233316287618848e+01	3.155347658128928034e-01	1.013832293036015519e-02	2.121769922988910907e-03	4.391294229562361928e-01	7.798752592523083838e-02	-2.913408461869289312e-02	-2.067563427826858702e-03
3.783462617131932968e-09	2.132038031704776238e+00	9.989179989774150670e+00	3.151630857293514776e-01	1.005976646532934053e-02	2.112410631993074956e-03	4.390559516576006960e-01	7.811207376311639361e-02	-2.892857236548508626e-02	-2.055156189796310002e-03
3.962688638701478467e-09	2.120304222544578732e+00	9.946924802808609911e+00	3.147600303490167839e-01	9.987898609359249086e-03	2.104486588024616443e-03	4.390445756099758956e-01	7.825333530776125424e-02	-2.872515206442332811e-02	-2.043347167127574845e-03
4.150404757850472502e-09	2.108584964401499118e+00	9.905589012611697441e+00	3.143265280410981188e-01	9.922528250792057164e-03	2.097960080752365574e-03	4.390937490068252402e-01	7.841090532739097840e-02	-2.852395738662761790e-02	-2.032127019788557403e-03
4.347013158125017173e-09	2.096892617069488818e+00	9.865193010996456735e+00	3.138635185330690969e-01	9.863473705932174901e-03	2.092795522393874411e-03	4.392019444243357995e-01	7.858437847821105049e-02	-2.832511690457372236e-02	-2.021486524312847768e-03
4.552935074866938773e-09	2.085239222593791464e+00	9.825756488499575170e+00	3.133719524506689558e-01	9.810558716454424039e-03	2.088958528974027042e-03	4.393676339736189984e-01	7.877334687830749027e-02	-2.812875610705623669e-02	-2.011416802532007241e-03
4.768611697714474181e-09	2.073636436949712003e+00	9.787298078998201589e+00	3.128527920910326166e-01	9.763619259452840579e-03	2.086417707141915469e-03	4.395893225890013523e-01	7.897740409206810419e-02	-2.793499523313444990e-02	-2.001909036037522859e-03
4.994505115855140358e-09	2.062095581961788326e+00	9.749835562774507025e+00	3.123070123318145708e-01	9.722499791183485812e-03	2.085143615173951515e-03	4.398655289373822885e-01	7.919614179499222251e-02	-2.774395116331128050e-02	-1.992954661952455429e-03
5.231099308056257792e-09	2.050627611875899703e+00	9.713385734346475786e+00	3.117355993180936369e-01	9.687051478034192434e-03	2.085108260961136828e-03	4.401947781215619915e-01	7.942914873449977153e-02	-2.755573622099912606e-02	-1.984545239476519229e-03
5.478901179593956120e-09	2.039243141832297379e+00	9.677964465276330586e+00	3.111395521580010981e-01	9.657132574879491796e-03	2.086285193710968929e-03	4.405756022543814154e-01	7.967600997701053400e-02	-2.737045927400693496e-02	-1.976672536129276021e-03
5.738441648302404521e-09	2.027952441942149964e+00	9.643586640703905033e+00	3.105198833874903142e-01	9.632602699019755799e-03	2.088648133416569699e-03	4.410065123531627385e-01	7.993630297522935635e-02	-2.718822514404404048e-02	-1.969328423310318012e-03
6.010276782070388176e-09	2.016765465188152362e+00	9.610266209848029817e+00	3.098776208530568677e-01	9.613332818334815316e-03	2.092173352790884303e-03	4.414860454154883596e-01	8.020960247457137315e-02	-2.700913541312515570e-02	-1.962504919208679557e-03
6.294988990221888141e-09	2.005691875365675614e+00	9.578016315470717856e+00	3.092138070214902612e-01	9.599196470895498753e-03	2.096837402671392157e-03	4.420127222972466963e-01	8.049547476017601677e-02	-2.683328882155678122e-02	-1.956194236942001251e-03
6.593188271333541710e-09	1.994740985764290375e+00	9.546848989651474326e+00	3.085294984537192420e-01	9.590072252174121695e-03	2.102617865189135814e-03	4.425850603468859945e-01	8.079347945814996379e-02	-2.666077964441271667e-02	-1.950388581754945380e-03
6.905513520162316861e-09	1.983921805705056940e+00	9.516775345947520393e+00	3.078257657325819130e-01	9.585848070587637410e-03	2.109494379936443804e-03	4.432015938671327593e-01	8.110317177130067778e-02	-2.649169970398549540e-02	-1.945080385518450569e-03
7.232633896483518810e-09	1.973242990891713955e+00	9.487805333758382531e+00	3.071036925920525573e-01	9.586406071808424231e-03	2.117444690879121284e-03	4.438608024203502533e-01	8.142409278736545408e-02	-2.632613589474954233e-02	-1.940261990002993845e-03
7.575250258771920716e-09	1.962712896561011000e+00	9.459947869162959933e+00	3.063643786929810542e-01	9.591640619070111382e-03	2.126449398471697352e-03	4.445611947228798044e-01	8.175577974216123589e-02	-2.616417286437961245e-02	-1.935925914025122098e-03
7.934096665797492339e-09	1.952339539131242585e+00	9.433210812867743655e+00	3.056089330601939880e-01	9.601442338696536058e-03	2.136487720969121058e-03	4.453012381332641101e-01	8.209775806410278542e-02	-2.600589039320856319e-02	-1.932064621027766152e-03
8.309941949353386453e-09	1.942130658499730655e+00	9.407601025945004025e+00	3.048384806024385663e-01	9.615714285600901468e-03	2.147541411535562345e-03	4.460794297849819956e-01	8.244954792409224520e-02	-2.585136561545012604e-02	-1.928670657443519064e-03
8.703591361485183753e-09	1.932093752613608606e+00	9.383124347385074060e+00	3.040541668711539969e-01	9.634350928458866939e-03	2.159590042784832829e-03	4.468941921307346687e-01	8.281065047257721301e-02	-2.570067393560556898e-02	-1.925736649866674303e-03
9.115888299750837812e-09	1.922235985848415485e+00	9.359785530627597439e+00	3.032571442315217247e-01	9.657250309450917183e-03	2.172613167697299511e-03	4.477439437451462001e-01	8.318055871370573506e-02	-2.555388493580456125e-02	-1.923255007716976814e-03
9.547716114208065503e-09	1.912564226638666209e+00	9.337588084343726891e+00	3.024485812707752852e-01	9.684319419136987531e-03	2.186592652022008223e-03	4.486271157262086140e-01	8.355875883784769087e-02	-2.541106608978608433e-02	-1.921218239407020394e-03
1.000000000000000021e-08	1.903085025100574645e+00	9.316534373228515520e+00	3.016296542760019128e-01	9.715459270098352612e-03	2.201508045272912179e-03	4.495420893399124096e-01	8.394472253170569276e-02	-2.527228043758867476e-02	-1.919618760643968273e-03
