# Pressure Mass Radius Compactness k2 k3 h2 h3 j2 j3
9.999999999999999799e-13	1.060617473295581842e-01	4.085498804886577773e+01	3.833398114714200392e-03	3.638440718963084543e-04	5.380883616238734670e-05	9.892918295008995555e-01	3.282855874200814594e-01	-3.438870378287783391e-06	-2.467059452015756547e-07
1.047370897959448749e-12	1.086635027449121688e-01	3.784583920861284412e+01	4.239706524373603770e-03	4.665532967243185948e-04	5.877998020834243918e-05	9.882936180949951632e-01	3.277544918425769893e-01	-4.730362812509801017e-06	-3.155971675397614098e-07
1.096985797892381920e-12	1.113743454240343211e-01	3.529108460715762163e+01	4.660048039932228499e-03	5.987687977004519822e-04	6.377118904388054876e-05	9.873153455327572381e-01	3.272070031239940335e-01	-6.427339079633029492e-06	-4.081205894447173346e-07
1.148951000187311009e-12	1.141956768791170945e-01	3.309765611581622125e+01	5.094747428449839140e-03	7.655896199999050449e-04	7.516396353943996566e-05	9.863660622597746341e-01	3.266431676135748141e-01	-8.620054551268554175e-06	-5.322102503151440933e-07
1.203377840777590522e-12	1.171294760353451814e-01	3.119612497702992471e+01	5.544160368325738199e-03	9.723509251937137140e-04	8.910201659104506784e-05	9.854566876898788186e-01	3.260630823272361312e-01	-1.140988296480659840e-05	-6.978024097447796247e-07
1.260382929679727463e-12	1.201781991136245953e-01	2.953367831977177360e+01	6.008670465095911246e-03	1.224544769278429956e-03	1.077265891030842039e-04	9.845966696904711046e-01	3.254669004835812340e-01	-1.490950182961038370e-05	-9.171165733514127465e-07
1.320088400831416649e-12	1.233447086297830286e-01	2.806945249326243186e+01	6.488686874035392259e-03	1.527755541080543867e-03	1.306931782982879758e-04	9.837974796771992159e-01	3.248548406333151561e-01	-1.924301711443025659e-05	-1.204937005753447854e-06
1.382622173764653478e-12	1.266322215210708979e-01	2.677135101446200238e+01	6.984642343165519546e-03	1.887581111798367593e-03	1.606258351022063686e-04	9.830690761180816972e-01	3.242271874849955715e-01	-2.454602450354784711e-05	-1.578889068320972315e-06
1.448118227674535917e-12	1.300442701518246813e-01	2.561382495774553192e+01	7.496991515911518092e-03	2.309557090075504190e-03	1.984266381507953638e-04	9.824223557277385055e-01	3.235842926286386922e-01	-3.096561789243952427e-05	-2.059707091301657173e-06
1.516716888470924089e-12	1.335846787143774583e-01	2.457629130049987154e+01	8.026210382903702437e-03	2.799102374119000029e-03	2.437340173237718738e-04	9.818674180544278984e-01	3.229265749160971088e-01	-3.866035237271916449e-05	-2.671489856288269673e-06
1.588565129428052692e-12	1.372575832420723785e-01	2.364197937168621166e+01	8.572801121965591825e-03	3.361445509787157164e-03	3.004320152586011853e-04	9.814142724733578849e-01	3.222545073916671665e-01	-4.780026379838414103e-05	-3.441948114490092702e-06
1.663816886076127415e-12	1.410674402693061491e-01	2.279709004619461510e+01	9.137294155866696951e-03	4.001591469333625438e-03	3.681237719219333684e-04	9.810724452059758072e-01	3.215686135548250224e-01	-5.856687312077738043e-05	-4.402637818384831382e-06
1.742633386009647278e-12	1.450190207184389457e-01	2.203017119882182584e+01	9.720247674909542751e-03	4.724229200940739670e-03	4.498700931055181419e-04	9.808508044707451301e-01	3.208694499946477263e-01	-7.115314511048695520e-05	-5.589173562999716794e-06
1.825183494319046040e-12	1.491174069198078489e-01	2.133164337440236480e+01	1.032224739017006607e-02	5.533744889023276166e-03	5.464077894930634283e-04	9.807576077826994920e-01	3.201576149958946793e-01	-8.576344279392171250e-05	-7.041421380519497258e-06
1.911644075385703708e-12	1.533679915484240652e-01	2.069343550673234233e+01	1.094390633512841958e-02	6.434130122464513067e-03	6.595509723464007285e-04	9.808003796380785344e-01	3.194337255349337101e-01	-1.026134641515880969e-04	-8.803671043333310194e-06
2.002200371815584363e-12	1.577764774250535462e-01	2.010870210683592418e+01	1.158586463851283936e-02	7.428968861993102968e-03	7.914867067571038951e-04	9.809858651970998489e-01	3.186984131441497614e-01	-1.219301727899970388e-04	-1.092478246135684376e-05
2.097046401323230665e-12	1.623488784235633808e-01	1.957160145775022286e+01	1.224878930263723596e-02	8.521401983424556695e-03	9.439322088715435162e-04	9.813199264321832427e-01	3.179523132689894838e-01	-1.439517143602651330e-04	-1.345830699969937821e-05
2.196385372416542332e-12	1.670915207129490820e-01	1.907712003284998659e+01	1.293337393737071031e-02	9.714089680859227041e-03	1.118605427897836251e-03	9.818074860175762808e-01	3.171960491202586718e-01	-1.689273154445363812e-04	-1.646258012747605216e-05
2.300430119772921506e-12	1.720110440682693642e-01	1.862093232935303178e+01	1.364033841147689607e-02	1.100920091445487838e-02	1.317320643842329574e-03	9.824525295164507899e-01	3.164302277418369891e-01	-1.971171654581340815e-04	-2.000078243646504674e-05
2.409403560239526876e-12	1.771144030407653946e-01	1.819928802677645052e+01	1.437042844098785493e-02	1.240840025764676502e-02	1.541544712951319236e-03	9.832580397083474644e-01	3.156554243557950223e-01	-2.287922733579229818e-04	-2.414096803221659379e-05
2.523539170434765862e-12	1.824088055051614754e-01	1.780892484224240846e+01	1.512440621855601700e-02	1.391276001046348222e-02	1.793458741544972073e-03	9.842259040021497096e-01	3.148721684754980932e-01	-2.642338678109280468e-04	-2.895599873136028800e-05
2.643081486974102692e-12	1.879015984062192834e-01	1.744699866124096133e+01	1.590303379233940287e-02	1.552278511152179949e-02	2.074103815312280680e-03	9.853569362596028558e-01	3.140809670882556137e-01	-3.037321787912071252e-04	-3.452334120911155102e-05
2.768286630392061017e-12	1.936003996872375510e-01	1.711100953301053096e+01	1.670709150881026853e-02	1.723839361289307773e-02	2.385210810836441847e-03	9.866508516593344158e-01	3.132822588004405273e-01	-3.475867927023717770e-04	-4.092503516745026970e-05
2.899422853882880921e-12	1.995131241869801675e-01	1.679874990757986097e+01	1.753738110719191626e-02	1.905892719653997161e-02	2.727843097126628983e-03	9.881062396209103760e-01	3.124763982597445477e-01	-3.961064647616150628e-04	-4.824755953945304764e-05
3.036771118035460378e-12	2.056479801841962218e-01	1.650826344574560878e+01	1.839472470046443764e-02	2.098313500777327159e-02	3.103331424898066355e-03	9.897205301349709661e-01	3.116636449351449234e-01	-4.496087136684939257e-04	-5.658163279392932932e-05
3.180625692794118977e-12	2.120134653474589903e-01	1.623781052351032272e+01	1.927996362773330696e-02	2.300919882747105502e-02	3.512671559772522368e-03	9.914900685399816727e-01	3.108441551219331411e-01	-5.084193697695285532e-04	-6.602196474082613615e-05
3.331294787934670055e-12	2.186183596945611429e-01	1.598583910855205303e+01	2.019395707764037873e-02	2.513472747368412225e-02	3.956485275776882270e-03	9.934100766129400073e-01	3.100179747107924544e-01	-5.728720460377950902e-04	-7.666695714876684822e-05
3.489101213406766494e-12	2.254717173910717187e-01	1.575096011519926087e+01	2.113758057302979679e-02	2.735674345927165477e-02	4.435427174189953727e-03	9.954746495235428094e-01	3.091850202940734649e-01	-6.433075517950200212e-04	-8.861835416982830949e-05
3.654383070957261569e-12	2.325828558254894873e-01	1.553192643639806292e+01	2.211172420699587110e-02	2.967172817784693648e-02	4.949852843669905883e-03	9.976768343184263532e-01	3.083450849980928776e-01	-7.200732093700670756e-04	-1.019808338221249216e-04
3.827494478516314936e-12	2.399613424430240283e-01	1.532761502154182409e+01	2.311729068884388338e-02	3.207559113936894052e-02	5.499848636732387192e-03	1.000008565007828309e+00	3.074978198039606259e-01	-8.035220960794089507e-04	-1.168615478723868941e-04
4.008806328898464320e-12	2.476169779425894668e-01	1.513701147505123501e+01	2.415519310809482664e-02	3.456371837681380260e-02	6.085193296354944083e-03	1.002460762492334068e+00	3.066427388359721506e-01	-8.940121682223620570e-04	-1.333695966926508997e-04
4.198707084443905621e-12	2.555597768081516730e-01	1.495919680877470448e+01	2.522635245366527251e-02	3.713096996647798770e-02	6.705626592949937535e-03	1.005023330047891017e+00	3.057792090233985571e-01	-9.919052882752456453e-04	-1.516154496765996311e-04
4.397603609302712498e-12	2.637997602847825251e-01	1.479333948787668440e+01	2.633167024580730653e-02	3.977160671465210240e-02	7.360383523660414366e-03	1.007685058744035134e+00	3.049064601349988357e-01	-1.097563715974816511e-03	-1.717098357001301966e-04
4.605922041145112927e-12	2.723466059266835271e-01	1.463868959808890402e+01	2.747198244796026853e-02	4.247929276641498192e-02	8.048499555873084299e-03	1.010433730998901103e+00	3.040236366541911317e-01	-1.211344023353749973e-03	-1.937620441136113836e-04
4.824108704165373984e-12	2.812101169866043082e-01	1.449455896058463367e+01	2.864812288474106322e-02	4.524719535277783866e-02	8.768704986825963388e-03	1.013256149783430482e+00	3.031297183925995009e-01	-1.333601496533347221e-03	-2.178801803460353275e-04
5.052631065335679604e-12	2.904003115233728116e-01	1.436031315866193481e+01	2.986093500171869281e-02	4.806812527494157272e-02	9.519490593002059159e-03	1.016138389747583970e+00	3.022235343466768698e-01	-1.464690445747878975e-03	-2.441706925430214533e-04
5.291978735958436557e-12	2.999274034777961173e-01	1.423536650574806472e+01	3.111126927420576962e-02	5.093452047680226136e-02	1.029904991685458814e-02	1.019065750797758518e+00	3.013037479901463644e-01	-1.604963167141797414e-03	-2.727376301394903390e-04
5.542664520663095602e-12	3.098017822205457183e-01	1.411917739054344167e+01	3.239998075249592158e-02	5.383854043911365239e-02	1.110539488461579141e-02	1.022022958291883388e+00	3.003688856470370094e-01	-1.754768869436099370e-03	-3.036818792512017214e-04
5.805225516094907684e-12	3.200339876204502665e-01	1.401124408250555575e+01	3.372792621689272435e-02	5.677204898357567781e-02	1.193623382593536966e-02	1.024994109947799270e+00	2.994173264575263338e-01	-1.914452492951186028e-03	-3.371003647481485765e-04
6.080224261649427052e-12	3.306346821433169270e-01	1.391110092075559557e+01	3.509596117543396787e-02	5.972669040653197370e-02	1.278909243018147915e-02	1.027962834950682636e+00	2.984473206244399046e-01	-2.084353450775689939e-03	-3.730852288407122725e-04
6.368249944718585906e-12	3.416146186054901390e-01	1.381831485075264787e+01	3.650493657318731183e-02	6.269390744353518785e-02	1.366126607839510121e-02	1.030912321841213730e+00	2.974569987597329712e-01	-2.264804254214445537e-03	-4.117229779382213417e-04
6.669919663030115058e-12	3.529846056076632044e-01	1.373248225088170393e+01	3.795569551141025205e-02	6.566497961060872857e-02	1.454986251084003195e-02	1.033825391199687527e+00	2.964443802032316055e-01	-2.456129104101009968e-03	-4.530936290312065785e-04
6.985879746785234820e-12	3.647554656303310661e-01	1.365322611130956787e+01	3.944906921214152984e-02	6.863108044242727246e-02	1.545182139030955824e-02	1.036684611045722626e+00	2.954073878364986139e-01	-2.658642258581588990e-03	-4.972698060232962286e-04
7.316807143427207274e-12	3.769379921911835130e-01	1.358019338542574239e+01	4.098587332801830602e-02	7.158330628952536134e-02	1.636391743198760754e-02	1.039472347491037674e+00	2.943438707371271446e-01	-2.872646417752749027e-03	-5.443158542054542769e-04
7.663410868007462274e-12	3.895428999076462340e-01	1.351305263029276738e+01	4.256690358819472525e-02	7.451268849400349836e-02	1.728278097537113214e-02	1.042170783088038233e+00	2.932515984188148739e-01	-3.098430919112679736e-03	-5.942869295856188436e-04
8.026433522257174683e-12	4.025806387544296761e-01	1.345149242944830981e+01	4.419291491549860035e-02	7.741024746862243400e-02	1.820493325852318156e-02	1.044762059773448160e+00	2.921283095517984707e-01	-3.336267415149312462e-03	-6.472275464944650262e-04
8.406652885618316356e-12	4.160607005949727988e-01	1.339522174445612634e+01	4.586453806323738391e-02	8.026686597262969181e-02	1.912673082670450150e-02	1.047228165240003062e+00	2.909717664827214390e-01	-3.586395779028616823e-03	-7.031679513500692369e-04
8.804883581643446547e-12	4.299921566996952604e-01	1.334396477723737817e+01	4.758234942835761622e-02	8.307353543966271292e-02	2.004447970007089408e-02	1.049551278229337470e+00	2.897797381347904100e-01	-3.849032285585099900e-03	-7.621254930864629351e-04
9.221978823334340144e-12	4.443839357051301286e-01	1.329745863491607594e+01	4.934690713192573658e-02	8.582149188550991514e-02	2.095446817678154466e-02	1.051713964641137755e+00	2.885499885657555885e-01	-4.124373984256948268e-03	-8.241052601747226930e-04
9.658832241158709141e-12	4.592447794530012950e-01	1.325545265355066782e+01	5.115874714983082577e-02	8.850200461602507340e-02	2.185293328488606759e-02	1.053698700987781400e+00	2.872802519552789535e-01	-4.412597406373673301e-03	-8.890995216694735350e-04
1.011637979766206976e-11	4.745831948618227103e-01	1.321770767950723702e+01	5.301837930195314741e-02	9.110695301892464404e-02	2.273623219162127299e-02	1.055489147678195350e+00	2.859683520033226567e-01	-4.713857213831524652e-03	-9.570872085030639013e-04
1.059560179277614774e-11	4.904074024508806029e-01	1.318399533214109276e+01	5.492628315727141053e-02	9.362832547414823292e-02	2.360072341441118299e-02	1.057069031775750956e+00	2.846121214090036045e-01	-5.028284821131180464e-03	-1.028033450800646623e-03
1.109752496412069864e-11	5.067252821085302950e-01	1.315409727339681467e+01	5.688290387832720119e-02	9.605849550303795226e-02	2.444284926391435825e-02	1.058422754795216747e+00	2.832094619207699560e-01	-5.355987004196596617e-03	-1.101889178636130404e-03
1.162322468679854125e-11	5.235443151953744767e-01	1.312780448992625537e+01	5.888864792027137529e-02	9.839027054665669403e-02	2.525917518226371630e-02	1.059535500683536302e+00	2.817583685660689508e-01	-5.697044473302844900e-03	-1.178590784448833775e-03
1.217382727739662020e-11	5.408715238688908133e-01	1.310491660490320065e+01	6.094387863911374104e-02	1.006167939289286523e-01	2.604637157874686859e-02	1.060393011624175763e+00	2.802569244282204219e-01	-6.051510419907143307e-03	-1.258059850820064099e-03
1.275051240713012859e-11	5.587134071906106891e-01	1.308524119685633558e+01	6.304891188392010293e-02	1.027316925669362335e-01	2.680126676920683779e-02	1.060981920004509860e+00	2.787033354912647476e-01	-6.419409083743001301e-03	-1.340202967639960970e-03
1.335451562929897339e-11	5.770758748929564197e-01	1.306859318384102941e+01	6.520401141972827219e-02	1.047290347491127982e-01	2.752085444175557394e-02	1.061289653217184048e+00	2.770959397669385260e-01	-6.800734285052496483e-03	-1.424911618105299859e-03
1.398713102647241439e-11	5.959641774293180649e-01	1.305479420323695372e+01	6.740938435271059959e-02	1.066033776534141275e-01	2.820231653176902623e-02	1.061304542872208989e+00	2.754332251417128119e-01	-7.195447978372522535e-03	-1.512062159771822940e-03
1.464971398307287854e-11	6.153828347384640018e-01	1.304367205319563006e+01	6.966517652599427124e-02	1.083497370354766925e-01	2.884302312318772626e-02	1.061015756931389387e+00	2.737138307604324305e-01	-7.603478827632616406e-03	-1.601515897554916645e-03
1.534368408930013065e-11	6.353354742817451939e-01	1.303506020380092956e+01	7.197145767307430719e-02	1.099636717903514777e-01	2.944057327491334322e-02	1.060413517083250046e+00	2.719365905744285383e-01	-8.024718942117913326e-03	-1.693118850851337703e-03
1.607052818261638620e-11	6.558241940339971654e-01	1.302879743142688440e+01	7.432815237807008368e-02	1.114411931372795567e-01	2.999276994101585797e-02	1.059489009679404514e+00	2.701005757274789199e-01	-8.459010585221166112e-03	-1.786699489835195508e-03
1.683180353330955093e-11	6.768499366828667485e-01	1.302472721791459165e+01	7.673508723786502672e-02	1.127788792321949840e-01	3.049766822713792860e-02	1.058234552485130875e+00	2.682050822021652681e-01	-8.906154310153199458e-03	-1.882071286044716477e-03
1.762914118095944293e-11	6.984127561529815953e-01	1.302269744415154840e+01	7.919202479846736142e-02	1.139738995555104467e-01	3.095358894053637511e-02	1.056643590371770802e+00	2.662496068233826119e-01	-9.365915209183195769e-03	-1.979034869187920164e-03
1.846424942895546448e-11	7.205117602300428192e-01	1.302256027170606778e+01	8.169865986368558819e-02	1.150240079761517403e-01	3.135912443996163868e-02	1.054710692901619673e+00	2.642338547043892039e-01	-9.838022440657817613e-03	-2.077378785114391852e-03
1.933891750455232057e-11	7.431450503391784368e-01	1.302417194980747439e+01	8.425461594169691981e-02	1.159275571847760145e-01	3.171314601065253203e-02	1.052431604174606683e+00	2.621577485185893064e-01	-1.032216882246332450e-02	-2.176880343870388288e-03
2.025501939230666486e-11	7.663096638801274452e-01	1.302739266979667576e+01	8.685944172892041959e-02	1.166834809921889482e-01	3.201480282684444206e-02	1.049803218606413902e+00	2.600214313448715453e-01	-1.081801053237688680e-02	-2.277306565839723376e-03
2.121451784910627571e-11	7.900015174295971221e-01	1.303208638603532066e+01	8.951260793009015171e-02	1.172913017566222516e-01	3.226352345629485835e-02	1.046823617991640809e+00	2.578252718207859062e-01	-1.132516694558742022e-02	-2.378415223171021636e-03
2.221946860939528424e-11	8.142153486627415893e-01	1.303812057856943518e+01	9.221350439049599834e-02	1.177511011083176018e-01	3.245901322205810291e-02	1.043492021734282682e+00	2.555698656014251946e-01	-1.184322055655011308e-02	-2.479955951328405642e-03
2.327202478960412005e-11	8.389446696796969416e-01	1.304536626510757280e+01	9.496143682023867882e-02	1.180635323751567239e-01	3.260125070177677387e-02	1.039808840386157618e+00	2.532560371564569479e-01	-1.237171711046606941e-02	-2.581671484971162413e-03
2.437444150122221807e-11	8.641817110743347241e-01	1.305369766516469454e+01	9.775562487441864790e-02	1.182297732073968599e-01	3.269047766041936753e-02	1.035775583219857188e+00	2.508848350144228245e-01	-1.291016583287777318e-02	-2.683298920780812467e-03
2.552908068239516723e-11	8.899173778459866790e-01	1.306299215518968460e+01	1.005951995603731192e-01	1.182515350479407812e-01	3.272719602317067378e-02	1.031394907142217043e+00	2.484575340507602370e-01	-1.345803982909745539e-02	-2.784571080004710330e-03
2.673841615839943880e-11	9.161412073504737741e-01	1.307313013756326470e+01	1.034792014096307528e-01	1.181310229403271517e-01	3.271215269617162164e-02	1.026670544085457104e+00	2.459756267693392340e-01	-1.401477668062266896e-02	-2.885217926164057589e-03
2.800503894183625342e-11	9.428413299405158376e-01	1.308399491553695349e+01	1.064065788549811709e-01	1.178709425591077387e-01	3.264633846858515376e-02	1.021607346829299434e+00	2.434408276086658107e-01	-1.457977917947625088e-02	-2.984968023828672278e-03
2.933166278390048099e-11	9.700044276332278059e-01	1.309547260791993040e+01	1.093761859843412620e-01	1.174744250533838186e-01	3.253095862072571953e-02	1.016211130892482384e+00	2.408550516393042351e-01	-1.515241608569372483e-02	-3.083550013541545929e-03
3.072112998861759207e-11	9.976155442347705016e-01	1.310745201217026512e+01	1.123867638726522983e-01	1.169450650122420277e-01	3.236743760590179986e-02	1.010488825556367321e+00	2.382204389765741892e-01	-1.573201985264423633e-02	-3.180693586710321881e-03
3.217641750250735458e-11	1.025658115197415565e+00	1.311982459184893557e+01	1.154369455727704413e-01	1.162868527346073572e-01	3.215739314329279369e-02	1.004448323620208638e+00	2.355393302639033626e-01	-1.631788914885714745e-02	-3.276131315030707085e-03
3.370064329271925032e-11	1.054114129480177908e+00	1.313248456794864971e+01	1.185252747199164042e-01	1.155041601924202549e-01	3.190262449689106050e-02	9.980984492664961572e-01	2.328142453378260479e-01	-1.690929412323046929e-02	-3.369600857422000960e-03
3.529707302730657668e-11	1.082964135583772913e+00	1.314532890460620429e+01	1.216502070667152408e-01	1.146017109895644120e-01	3.160509343816907818e-02	9.914489124111677265e-01	2.300478694980091221e-01	-1.750547846424960891e-02	-3.460846529490719560e-03
3.696912707195032437e-11	1.112187246107190219e+00	1.315825733252238372e+01	1.248101111776690475e-01	1.135845447912198491e-01	3.126690780657132712e-02	9.845102500095175291e-01	2.272430431442658272e-01	-1.810566137174440121e-02	-3.549620798191135875e-03
3.872038781812557004e-11	1.141761153127325512e+00	1.317117236303604422e+01	1.280032700488824560e-01	1.124579769481643537e-01	3.089029770998631338e-02	9.772937528414824548e-01	2.244027430290728153e-01	-1.870903983942554319e-02	-3.635685749937478915e-03
4.055460735840827506e-11	1.171662149278780651e+00	1.318397930690921172e+01	1.312278829364971477e-01	1.112275843354325749e-01	3.047760521290551750e-02	9.698114612368186060e-01	2.215300770051289725e-01	-1.931479101760841949e-02	-3.718814477884141087e-03
4.247571552536894126e-11	1.201865156045508920e+00	1.319658626715056826e+01	1.344820678559475458e-01	1.098991373158272888e-01	3.003125495291272817e-02	9.620760158165009290e-01	2.186282585825353730e-01	-1.992207477526605763e-02	-3.798792396851177408e-03
4.448782831127576069e-11	1.232343764036333722e+00	1.320890421389130687e+01	1.377638641915555628e-01	1.084786062783110877e-01	2.955374510105812647e-02	9.541007065739529613e-01	2.157006019768432092e-01	-2.053003640872920824e-02	-3.875418480196774536e-03
4.659525668664686662e-11	1.263070274848220098e+00	1.322084700530658274e+01	1.410712355575655941e-01	1.069720839668607260e-01	2.904761891291007814e-02	9.458992937523944544e-01	2.127504965060277031e-01	-2.113780933196390821e-02	-3.948506360790406296e-03
4.880251583654433574e-11	1.294015765732914325e+00	1.323233146991787024e+01	1.444020741074897585e-01	1.053857919672166882e-01	2.851545732941386524e-02	9.374860535266298367e-01	2.097814016682484350e-01	-2.174451835578015968e-02	-4.017885409364300824e-03
5.111433483440165318e-11	1.325150137986748522e+00	1.324327733001986296e+01	1.477542042738545780e-01	1.037260004201367852e-01	2.795984878503696494e-02	9.288755848718797115e-01	2.067968178664187640e-01	-2.234928237845312457e-02	-4.083401529772090303e-03
5.353566677410718816e-11	1.356442203896201404e+00	1.325360738975659380e+01	1.511253875053010232e-01	1.019990610500893652e-01	2.738338662179663069e-02	9.200829272909671896e-01	2.038002858177413168e-01	-2.295121797538972677e-02	-4.144918034978876606e-03
5.607169938205469661e-11	1.387859778549793255e+00	1.326324758593633746e+01	1.545133284622655367e-01	1.002112906569902484e-01	2.678863649452745133e-02	9.111232570740559478e-01	2.007953514547022034e-01	-2.354944265794250632e-02	-4.202316241566942875e-03
5.872786613189488850e-11	1.419369929466522295e+00	1.327212700563105940e+01	1.579156986943527352e-01	9.836900999146902524e-02	2.617813313522785595e-02	9.020119970028492862e-01	1.977855509261290390e-01	-2.414308129932915895e-02	-4.255496202852823186e-03
6.150985788580503926e-11	1.450938903205265751e+00	1.328017776396310090e+01	1.613301256293200869e-01	9.647845487571765632e-02	2.555435639974004344e-02	8.927646021306214763e-01	1.947743958422481492e-01	-2.473126606016347664e-02	-4.304376618779708411e-03
6.442363508721370414e-11	1.482532085190111371e+00	1.328733502169162861e+01	1.647541834201082800e-01	9.454579640886037750e-02	2.491972776013630028e-02	8.833966497108379778e-01	1.917653789827559185e-01	-2.531313690150347254e-02	-4.348894793412056391e-03
6.747544053110686101e-11	1.514114106675792826e+00	1.329353696420054654e+01	1.681854003012692444e-01	9.257709461642325832e-02	2.427659577669753418e-02	8.739237171607253662e-01	1.887619554565862223e-01	-2.588784498219957875e-02	-4.389006714126140150e-03
7.067181273927477085e-11	1.545648961135232424e+00	1.329872487355621224e+01	1.716212654857355024e-01	9.057828053197190810e-02	2.362722641305326984e-02	8.643613393588422955e-01	1.857675291804148365e-01	-2.645455595755998035e-02	-4.424686994123943479e-03
7.401959996915652408e-11	1.577100135419621019e+00	1.330284313091061676e+01	1.750592381935324737e-01	8.855512115294203457e-02	2.297378959598692441e-02	8.547249098071607598e-01	1.827854327824962044e-01	-2.701245381484068328e-02	-4.455928732811831675e-03
7.752597488629464062e-11	1.608430723753251801e+00	1.330583941636706591e+01	1.784967518325677460e-01	8.651322872042950529e-02	2.231835982874440238e-02	8.450297168276639237e-01	1.798189271903936071e-01	-2.756074320184557017e-02	-4.482743081455963473e-03
8.119844993184008328e-11	1.639603577124808753e+00	1.330766458314535861e+01	1.819312259957009403e-01	8.445800500002678679e-02	2.166290127101090299e-02	8.352907730563416955e-01	1.768711767574546456e-01	-2.809865378084532711e-02	-4.505158876901459858e-03
8.504489341802668113e-11	1.670581422095333890e+00	1.330827299891858395e+01	1.853600685215459620e-01	8.239464899051095192e-02	2.100926553682202352e-02	8.255228427195021590e-01	1.739452455603785752e-01	-2.862544191213597586e-02	-4.523221947639195425e-03
8.907354638610458163e-11	1.701327045354610545e+00	1.330762203893550399e+01	1.887806961653908655e-01	8.032814294663545573e-02	2.035918736972621920e-02	8.157403833081093847e-01	1.710440793312738017e-01	-2.914039691730186191e-02	-4.536994631557410458e-03
9.329304026284695888e-11	1.731803350161899457e+00	1.330567299477692345e+01	1.921905212368753002e-01	7.826321818933534846e-02	1.971428048555630419e-02	8.059574530737068088e-01	1.681705076956259703e-01	-2.964283815591405025e-02	-4.546554493967422048e-03
9.771241535346501225e-11	1.761973578948925034e+00	1.330239040819961538e+01	1.955869783076798207e-01	7.620437258927667545e-02	1.907603737192123741e-02	7.961877380141318961e-01	1.653272268698144365e-01	-3.013212295738423863e-02	-4.551993867010342698e-03
1.023411402105452712e-10	1.791801461874849233e+00	1.329774243810580003e+01	1.989675282087035590e-01	7.415584124462207272e-02	1.844582535286311623e-02	7.864444515709803074e-01	1.625167908769255543e-01	-3.060764728210937924e-02	-4.553418630060415348e-03
1.071891319205126445e-10	1.821251719291543614e+00	1.329170068029775997e+01	2.023297090806857879e-01	7.212156828533962394e-02	1.782488007465009988e-02	7.767401879336924830e-01	1.597415715633997979e-01	-3.106885343461172205e-02	-4.550946988204347503e-03
1.122667773510811312e-10	1.850289854533538447e+00	1.328423991283026417e+01	2.056711101271342934e-01	7.010522201463260938e-02	1.721431283168863013e-02	7.670869837790333934e-01	1.570037820578751853e-01	-3.151522703679258963e-02	-4.544708239632042242e-03
1.175849554052158201e-10	1.878881883027322841e+00	1.327533818357162154e+01	2.089893332684104321e-01	6.811021825463851875e-02	1.661511977103547616e-02	7.574964165694838547e-01	1.543055085468050258e-01	-3.194628984156600709e-02	-4.534841197861246877e-03
1.231550603292826197e-10	1.906994527157661823e+00	1.326497663334973964e+01	2.122820106356586578e-01	6.613969957598071769e-02	1.602818134757430513e-02	7.479795047112415274e-01	1.516486961909760123e-01	-3.236160451740492661e-02	-4.521493425450837447e-03
1.289890261253308184e-10	1.934595353364162440e+00	1.325313947462236897e+01	2.155468134870664743e-01	6.419656737955049819e-02	1.545426959802892637e-02	7.385467902592168787e-01	1.490351511843301113e-01	-3.276077636650124442e-02	-4.504820124244977679e-03
1.350993521198024986e-10	1.961652848374159319e+00	1.323981417349998502e+01	2.187814511387033145e-01	6.228344122927692572e-02	1.489404665512689477e-02	7.292081838087625112e-01	1.464665354733132030e-01	-3.314345132070722205e-02	-4.484982620512566014e-03
1.414991297434578731e-10	1.988136601491760080e+00	1.322499133575952257e+01	2.219836865465893427e-01	6.040270331534368375e-02	1.434807339942389959e-02	7.199730811950006970e-01	1.439443672260350970e-01	-3.350931998373281318e-02	-4.462147583923015484e-03
1.482020705798860072e-10	2.014017430216682225e+00	1.320866468861919962e+01	2.251513443388524216e-01	5.855648493720336245e-02	1.381681280845216235e-02	7.108502900085490461e-01	1.414700179763427323e-01	-3.385811850743578044e-02	-4.436485852049790526e-03
1.552225357427047968e-10	2.039267460516943409e+00	1.319083118347521655e+01	2.282823119500347053e-01	5.674665796533451267e-02	1.330063097981562178e-02	7.018479745402815828e-01	1.390447096048312015e-01	-3.418962736108042966e-02	-4.408171177551441222e-03
1.625755666443793407e-10	2.063860268068408832e+00	1.317149092080500061e+01	2.313745507923770650e-01	5.497488484222694261e-02	1.279981070457656897e-02	6.929737987522657239e-01	1.366695257307675437e-01	-3.450367325010268021e-02	-4.377379287204553361e-03
1.702769172225897821e-10	2.087770966878136569e+00	1.315064717872762756e+01	2.344261001201577432e-01	5.324257891160113360e-02	1.231454925972517815e-02	6.842347583478135542e-01	1.343454026630346854e-01	-3.480012861163984256e-02	-4.344286809476577936e-03
1.783430876931905687e-10	2.110976330318794503e+00	1.312830639757757289e+01	2.374350856067710680e-01	5.155093809927876330e-02	1.184496623738656371e-02	6.756372673486367164e-01	1.320731336410846390e-01	-3.507891122385826954e-02	-4.309070164298631038e-03
1.867913599020784805e-10	2.133455306122034489e+00	1.310447750891721341e+01	2.403997847501228580e-01	4.990092509634400791e-02	1.139110316668517746e-02	6.671870066658257548e-01	1.298533320815813130e-01	-3.533998926983911854e-02	-4.271903902361181074e-03
1.956398343517064725e-10	2.155188683721255050e+00	1.307917183879699508e+01	2.433185878786662815e-01	4.829328010383551750e-02	1.095293057196444070e-02	6.588889726496234278e-01	1.276864594659754271e-01	-3.558337483326776823e-02	-4.232960075828615977e-03
2.049074689815846066e-10	2.176158668002738938e+00	1.305240334757807652e+01	2.461899422807875271e-01	4.672857159408579791e-02	1.053036535410471763e-02	6.507476815431317840e-01	1.255728782519527909e-01	-3.580911496145598727e-02	-4.192407766429213055e-03
2.146141197858401440e-10	2.196348997156663874e+00	1.302418842740994798e+01	2.490123657891099573e-01	4.520720754955265958e-02	1.012327479629053333e-02	6.427671765244522550e-01	1.235128486069300147e-01	-3.601729415797798317e-02	-4.150412761734111576e-03
2.247805833548729991e-10	2.215744966514568315e+00	1.299454592135421649e+01	2.517844461082674457e-01	4.372944472811842592e-02	9.731482595758683338e-03	6.349510395288922027e-01	1.215065359857752519e-01	-3.620803131424426419e-02	-4.107136702066284395e-03
2.354286414322420067e-10	2.234333500051799870e+00	1.296349702236996038e+01	2.545048481917487893e-01	4.229537968159038236e-02	9.354768593831322074e-03	6.273023264269335098e-01	1.195540040200693682e-01	-3.638147975336278317e-02	-4.062736639862718317e-03
2.465811075822603842e-10	2.252103191749217359e+00	1.293106527479598356e+01	2.571723166758789758e-01	4.090498760788825044e-02	8.992880141066356484e-03	6.198236908597565265e-01	1.176552307133777037e-01	-3.653782561396632517e-02	-4.017364519988234593e-03
2.582618760682674929e-10	2.269044361393132814e+00	1.289727648060083354e+01	2.597856822338913130e-01	3.955810940978238266e-02	8.645530837196957821e-03	6.125173070846881007e-01	1.158101008296128775e-01	-3.667728765080825737e-02	-3.971166848146234600e-03
2.704959730463131364e-10	2.285149067326967209e+00	1.286215871776656883e+01	2.623438612368785838e-01	3.825447875059533737e-02	8.312409214795086002e-03	6.053849542291125374e-01	1.140184196355871760e-01	-3.680011478171364009e-02	-3.924284250854404195e-03
2.833096101839318258e-10	2.300411127438055647e+00	1.282574221498526867e+01	2.648458596291114464e-01	3.699370751163799653e-02	7.993176786631256067e-03	5.984279342462281992e-01	1.122799054610261887e-01	-3.690658514251977940e-02	-3.876851237714935144e-03
2.967302408188872501e-10	2.314826174157319727e+00	1.278805938755085947e+01	2.672907779020546881e-01	3.577533076234687415e-02	7.687479938738052236e-03	5.916472278249951255e-01	1.105942080241264225e-01	-3.699700508151987366e-02	-3.828995979670357392e-03
3.107866187782014063e-10	2.328391908224422657e+00	1.274914365433036778e+01	2.696778652492610728e-01	3.459875728672930084e-02	7.394939269014316578e-03	5.850432341913750500e-01	1.089608624242371926e-01	-3.707170771004093812e-02	-3.780838864405024462e-03
3.255088599835056406e-10	2.341107871862613266e+00	1.270902934264240969e+01	2.720064972582152407e-01	3.346330797915589295e-02	7.115160820493228629e-03	5.786159219121483899e-01	1.073793194993053479e-01	-3.713104870611532576e-02	-3.732492708710362980e-03
3.409285069746807543e-10	2.352974995211531972e+00	1.266775237495641271e+01	2.742761102322059386e-01	3.236824058186102415e-02	6.847743327230316514e-03	5.723649621179888181e-01	1.058489881202573646e-01	-3.717540063115466753e-02	-3.684063811026221449e-03
3.570785964900469852e-10	2.363995578311680390e+00	1.262535019525543234e+01	2.764862013329826285e-01	3.131277436986817930e-02	6.592283962899019197e-03	5.662898170067418580e-01	1.043692455013434245e-01	-3.720515171634166535e-02	-3.635652049048666672e-03
3.739937302478801677e-10	2.374173271480625402e+00	1.258186165214434560e+01	2.786363297984494336e-01	3.029608175306582746e-02	6.348377912006725014e-03	5.603896917835226033e-01	1.029394351151655812e-01	-3.722070380642034798e-02	-3.587350809560148519e-03
3.917101490809260641e-10	2.383513082114646853e+00	1.253732692763566270e+01	2.807261206117448449e-01	2.931729201569176560e-02	6.115619371159275279e-03	5.546635350403660292e-01	1.015588664315723588e-01	-3.722247195016131771e-02	-3.539247173613115343e-03
4.102658105827190344e-10	2.392021357428199657e+00	1.249178748070908362e+01	2.827552653491949841e-01	2.837551602916804985e-02	5.893606752585146998e-03	5.491101327911270813e-01	1.002268248891771685e-01	-3.721088279588231906e-02	-3.491421981960912517e-03
4.297004704320835313e-10	2.399705736879478746e+00	1.244528600672188468e+01	2.847235193436994383e-01	2.746983926282195801e-02	5.681942029543938198e-03	5.437280720720684135e-01	9.894257166297652784e-02	-3.718637198772373892e-02	-3.443949883772323521e-03
4.500557675700488183e-10	2.406575178654642766e+00	1.239786637278377590e+01	2.866307083900196395e-01	2.659931029221870163e-02	5.480228728282968836e-03	5.385156763660413626e-01	9.770533632351591224e-02	-3.714938520585324422e-02	-3.396899678636051099e-03
4.713753134116729086e-10	2.412639870887850257e+00	1.234957347268976413e+01	2.884767239431745844e-01	2.576299309855674055e-02	5.288082024076479898e-03	5.334712297860934038e-01	9.651434051953222681e-02	-3.710037445185088850e-02	-3.350334273088529605e-03
4.937047852839003559e-10	2.417911321370767919e+00	1.230045257723611662e+01	2.902615518389614069e-01	2.495990059704805697e-02	5.105115830563014545e-03	5.285926574613886153e-01	9.536875832426457145e-02	-3.703979730382205016e-02	-3.304310367001048881e-03
5.170920242896755486e-10	2.422402244074080002e+00	1.225054801649303116e+01	2.919852938486446892e-01	2.418903328310266498e-02	4.930950141614202920e-03	5.238776705861225569e-01	9.426772324153241678e-02	-3.696811190754389215e-02	-3.258877775369224423e-03
5.415871378079465267e-10	2.426126266914823137e+00	1.219990475974624289e+01	2.936480995883650746e-01	2.344939454769138718e-02	4.765215560292522176e-03	5.193238795228084514e-01	9.321036703962375103e-02	-3.688577684133262369e-02	-3.214081325751042169e-03
5.672426068491988835e-10	2.429097810823968029e+00	1.214856830909416097e+01	2.952501572865001145e-01	2.273998873921578151e-02	4.607551935829879396e-03	5.149287883003019761e-01	9.219582082818267299e-02	-3.679324947466173362e-02	-3.169961189309515332e-03
5.941133984965039838e-10	2.431332094236904773e+00	1.209658485682971296e+01	2.967916933117418221e-01	2.205984516437001566e-02	4.457613687758225397e-03	5.106899014490957622e-01	9.122322765850421344e-02	-3.669098563713167616e-02	-3.126553206225449709e-03
6.222570836730231313e-10	2.432845077148558577e+00	1.204400105406879540e+01	2.982729738485764837e-01	2.140800186792020735e-02	4.315066094241687585e-03	5.066046484126944804e-01	9.029173404585306983e-02	-3.657943869770238082e-02	-3.083889053794793521e-03
6.517339604882420571e-10	2.433653421003880268e+00	1.199086397419325323e+01	2.996943039268583631e-01	2.078350422344870871e-02	4.179584196655198279e-03	5.026703760085124983e-01	8.940048824575357045e-02	-3.645905852278687881e-02	-3.041996466497644269e-03
6.826071834272379248e-10	2.433774469786179395e+00	1.193722111910278194e+01	3.010560280350405571e-01	2.018543282468687403e-02	4.050858918561556742e-03	4.988844764116974750e-01	8.854865478699407155e-02	-3.633029118578644939e-02	-3.000899487054519994e-03
7.149428986597561750e-10	2.433226193443390972e+00	1.188312024002595635e+01	3.023585308177358377e-01	1.961286840165720954e-02	3.928589313866315443e-03	4.952442245966104939e-01	8.773539677694694450e-02	-3.619357843145094150e-02	-2.960618706732376978e-03
7.488103857590030225e-10	2.432027158419572288e+00	1.182860939636192654e+01	3.036022352081050868e-01	1.906492123784417000e-02	3.812487495680747570e-03	4.917469163739229265e-01	8.695988871446617974e-02	-3.604935641771046112e-02	-2.921171429014731043e-03
7.842822061337681836e-10	2.430196407905639955e+00	1.177373530675444968e+01	3.047876333681759364e-01	1.854070855539442092e-02	3.702274859356920449e-03	4.883897403389602654e-01	8.622129577864399985e-02	-3.589805153130635335e-02	-2.882570902044178165e-03
8.214343584919422200e-10	2.427753333868704289e+00	1.171854358933996387e+01	3.059152691090627485e-01	1.803935406840135106e-02	3.597680845693119502e-03	4.851697881405175328e-01	8.551877841273744507e-02	-3.574007933121264163e-02	-2.844826881911901532e-03
8.603464416684491388e-10	2.424717624479093558e+00	1.166307987470611174e+01	3.069857061427007650e-01	1.756001622030301662e-02	3.498449004315663108e-03	4.820842129518433383e-01	8.485152014251588770e-02	-3.557584718431529985e-02	-2.807946761588311479e-03
9.011018251665036851e-10	2.421109222508670999e+00	1.160738979230664114e+01	3.079995260195173556e-01	1.710187650247369656e-02	3.404333896851662652e-03	4.791301783528419955e-01	8.421872150793555112e-02	-3.540575373372095713e-02	-2.771935753909917245e-03
9.437878277775391497e-10	2.416948293117220814e+00	1.155151889247767549e+01	3.089573288981205534e-01	1.666414552752500458e-02	3.315102245833893499e-03	4.763048893291376706e-01	8.361960309260756119e-02	-3.523018907066989558e-02	-2.736797107809147908e-03
9.884959046625586031e-10	2.412255187721563221e+00	1.149551255080385026e+01	3.098597343051012198e-01	1.624606953404619455e-02	3.230533943082787920e-03	4.736056262242670511e-01	8.305340832904595239e-02	-3.504953446608458784e-02	-2.702532240136679750e-03
1.035321843295661502e-09	2.407050426978656787e+00	1.143941606044942283e+01	3.107073792717534588e-01	1.584688430238135465e-02	3.150410995476893381e-03	4.710295259445145821e-01	8.251937719661626980e-02	-3.486416230243848807e-02	-2.669140940026874017e-03
1.084365968689608688e-09	2.401354637642184819e+00	1.138327442083740948e+01	3.115009186435722111e-01	1.546590516227224280e-02	3.074538357723782377e-03	4.685740202537270194e-01	8.201679847603950135e-02	-3.467443529087262805e-02	-2.636621421442419608e-03
1.135733358343102889e-09	2.395188569872214845e+00	1.132713230320404207e+01	3.122410310386187215e-01	1.510243927306139690e-02	3.002722842875900355e-03	4.662364097170339505e-01	8.154495532070582531e-02	-3.448070871194399561e-02	-2.604970644472442282e-03
1.189534067370320724e-09	2.388572892500611999e+00	1.127103325848118587e+01	3.129284168693400869e-01	1.475581931407385708e-02	2.934781317702020095e-03	4.640140306216065658e-01	8.110314679675914573e-02	-3.428332338535599461e-02	-2.574183710964039230e-03
1.245883364295008068e-09	2.381528122251395541e+00	1.121501915203089617e+01	3.135638077906938159e-01	1.442540037296248696e-02	2.870539307163850421e-03	4.619042354463057665e-01	8.069068106174566435e-02	-3.408260756422248211e-02	-2.544254129858763633e-03
1.304901978014401580e-09	2.374074683090481752e+00	1.115913141231262884e+01	3.141479426283769194e-01	1.411055707739265058e-02	2.809830140274209055e-03	4.599043999386549508e-01	8.030688295016573386e-02	-3.387887901082781844e-02	-2.515174481506795168e-03
1.366716356462010101e-09	2.366232904790278813e+00	1.110341103170594401e+01	3.146815693264323199e-01	1.381070275021215217e-02	2.752498872600618856e-03	4.580120191974867971e-01	7.995110356173994182e-02	-3.367244704731302274e-02	-2.486936752956182568e-03
1.431458937523481393e-09	2.358022976971183127e+00	1.104789854949861549e+01	3.151654414243029723e-01	1.352526206239899019e-02	2.698396117002805489e-03	4.562245788457791607e-01	7.962270615220914949e-02	-3.346361076789509253e-02	-2.459532219371188266e-03
1.499268432786047049e-09	2.349464935118861675e+00	1.099263399424745202e+01	3.156003198053775050e-01	1.325368964252504264e-02	2.647381589970819460e-03	4.545396484631318845e-01	7.932107476794048040e-02	-3.325265992635184631e-02	-2.432951617079516429e-03
1.570290124729377524e-09	2.340578661828422113e+00	1.093765685914248031e+01	3.159869755244608114e-01	1.299546522477010996e-02	2.599323280776944401e-03	4.529548585710126418e-01	7.904561126466363996e-02	-3.303987636682759188e-02	-2.407185340266976108e-03
1.644676177994662829e-09	2.331383828734182373e+00	1.088300604109820036e+01	3.163261856385985449e-01	1.275010237054998233e-02	2.554098874551612424e-03	4.514679502705997161e-01	7.879574085354269786e-02	-3.282553164542040269e-02	-2.382223239108062496e-03
1.722585965398783835e-09	2.321899903890009664e+00	1.082871977929799634e+01	3.166187377672914915e-01	1.251710545221999815e-02	2.511585751798790095e-03	4.500765602828976086e-01	7.857088449777764605e-02	-3.260988946275781425e-02	-2.358054935003741151e-03
1.804186409392068039e-09	2.312145997754126547e+00	1.077483490177359648e+01	3.168654329309686379e-01	1.229602290947832965e-02	2.471673511994693356e-03	4.487784862188121116e-01	7.837049043101147749e-02	-3.239320211921107445e-02	-2.334669428818149980e-03
1.889652339691211477e-09	2.302140841037989993e+00	1.072138706042818335e+01	3.170670773846784862e-01	1.208641216936524355e-02	2.434255359398518510e-03	4.475715209234486514e-01	7.819401507605484858e-02	-3.217571099296188258e-02	-2.312055376254891752e-03
1.979166867853557524e-09	2.291902876503336017e+00	1.066841113579236122e+01	3.172244847591238481e-01	1.188785494307011137e-02	2.399231577391215068e-03	4.464535294699270573e-01	7.804093131910970482e-02	-3.195764953279194714e-02	-2.290201305919791191e-03
2.072921779595369695e-09	2.281450255140207162e+00	1.061594141893509935e+01	3.173384714688822772e-01	1.169994828435400036e-02	2.366507111543705594e-03	4.454224105285454205e-01	7.791072404613647029e-02	-3.173924351228635254e-02	-2.269095780238324089e-03
2.171117945694509622e-09	2.270800808211673072e+00	1.056401152728795090e+01	3.174098564926614019e-01	1.152231508439094908e-02	2.335994221556191019e-03	4.444761513133594910e-01	7.780289719166322282e-02	-3.152071054293015956e-02	-2.248727356492547565e-03
2.273965752357932151e-09	2.259972064748188458e+00	1.051265423216031003e+01	3.174394701076189151e-01	1.135459072479632660e-02	2.307608778947785235e-03	4.436127559212739713e-01	7.771696063309047053e-02	-3.130226213304420496e-02	-2.229084669239234009e-03
2.381685551976160644e-09	2.248981207846145303e+00	1.046190161578619815e+01	3.174281441456812125e-01	1.119642717023880928e-02	2.281271665727638894e-03	4.428302755804640056e-01	7.765243763523486942e-02	-3.108410153001560719e-02	-2.210156370222331971e-03
2.494508135230316413e-09	2.237845089793095266e+00	1.041178497005063264e+01	3.173767180781253416e-01	1.104749440048966025e-02	2.256908611327044286e-03	4.421268127879058873e-01	7.760886199329640467e-02	-3.086642524412313432e-02	-2.191931196149259856e-03
2.612675225563326382e-09	2.226580200362231032e+00	1.036233466105057843e+01	3.172860395486322149e-01	1.090748229802872803e-02	2.234450716640154575e-03	4.415005320041008874e-01	7.758577911762228052e-02	-3.064942321290923047e-02	-2.174398018410716657e-03
2.736439997074666368e-09	2.215202588408914597e+00	1.031357984983293008e+01	3.171569625444883300e-01	1.077608849711339176e-02	2.213831550389493402e-03	4.409496019154013347e-01	7.758273905430831952e-02	-3.043327709504689560e-02	-2.157545676679423728e-03
2.866067616948244470e-09	2.203727919582106676e+00	1.026554883477824553e+01	3.169903457619042131e-01	1.065302507187339438e-02	2.194988559513601830e-03	4.404722317748013816e-01	7.759930071637864690e-02	-3.021816184830652605e-02	-2.141363170617673929e-03
3.001835813575592210e-09	2.192171502264280480e+00	1.021826912330595505e+01	3.167870546448508517e-01	1.053802242544268561e-02	2.177864117016110618e-03	4.400666905363723735e-01	7.763503368641511138e-02	-3.000424660176700953e-02	-2.125839692209349329e-03
3.144035471591500167e-09	2.180548288283283842e+00	1.017176735030522927e+01	3.165479644975843776e-01	1.043082661195110505e-02	2.162404316052803002e-03	4.397312920522590263e-01	7.768951366996182384e-02	-2.979169554501902642e-02	-2.110964676974918727e-03
3.292971255097148186e-09	2.168872849411814574e+00	1.012606941563223195e+01	3.162739531982202146e-01	1.033118689454989685e-02	2.148556564464087701e-03	4.394643402278953226e-01	7.776231895251879689e-02	-2.958066609677326847e-02	-2.096727707083198902e-03
3.448962260405766611e-09	2.157159401715772251e+00	1.008120024893937305e+01	3.159659123280773030e-01	1.023887121344128209e-02	2.136272886695941321e-03	4.392641979618224779e-01	7.785303441069646446e-02	-2.937131162062641548e-02	-2.083118628813031715e-03
3.612342699709437910e-09	2.145421782620188456e+00	1.003718399045981968e+01	3.156247384237974019e-01	1.015366510048466148e-02	2.125509803491472394e-03	4.391292897602574463e-01	7.796125442977877573e-02	-2.916377933270512812e-02	-2.070127436333358932e-03
3.783462617131932968e-09	2.133673463257429237e+00	9.994043901941537911e+00	3.152513376580124982e-01	1.007533770687368650e-02	2.116219488691502108e-03	4.390579299834517224e-01	7.808655795208113704e-02	-2.895821193396485443e-02	-2.057744397560564136e-03
3.962688638701478467e-09	2.121927546233067563e+00	9.951802166914321290e+00	3.148466318662899721e-01	1.000371226676548091e-02	2.108367819879202170e-03	4.390486681941381808e-01	7.822855252230777323e-02	-2.875474802917105457e-02	-2.045959966382310518e-03
4.150404757850472502e-09	2.110196755051247930e+00	9.910480242282922347e+00	3.144115458410584596e-01	9.938585499758612746e-03	2.101914094380081307e-03	4.390999006115243186e-01	7.838682667468580001e-02	-2.855352010658090620e-02	-2.034764745571931120e-03
4.347013158125017173e-09	2.098493454412173609e+00	9.870098625881627896e+00	3.139470174951616843e-01	9.879777903176970022e-03	2.096823230922578631e-03	4.392101115490241736e-01	7.856097715740310850e-02	-2.835465680707987060e-02	-2.024149577748777032e-03
4.552935074866938773e-09	2.086829655721019527e+00	9.830676902756689373e+00	3.134539970137761866e-01	9.827117439712844058e-03	2.093062008076473652e-03	4.393777936345990565e-01	7.875059927277730520e-02	-2.815828260722940540e-02	-2.014105489637434306e-03
4.768611697714474181e-09	2.075217023824498686e+00	9.792233720118836970e+00	3.129334483650004772e-01	9.780440054757482890e-03	2.090599069223938056e-03	4.396014494435540598e-01	7.895528599845619278e-02	-2.796451887868648192e-02	-2.004623807807753497e-03
4.994505115855140358e-09	2.063666845539133377e+00	9.754786904322081398e+00	3.123863404092202534e-01	9.739586747751702300e-03	2.089404026595375642e-03	4.398795852274454687e-01	7.917462903735254798e-02	-2.777348070603031377e-02	-1.995695877408540375e-03
5.231099308056257792e-09	2.052190070755684825e+00	9.718353156674419679e+00	3.118136622934360447e-01	9.704408367496858770e-03	2.089448891057168849e-03	4.402107213226868487e-01	7.940821592520544425e-02	-2.758528090299511640e-02	-1.987313283184861078e-03
5.478901179593956120e-09	2.040797291480751063e+00	9.682948332282828474e+00	3.112164107909426991e-01	9.674764976936235661e-03	2.090707744165002432e-03	4.405934001230087937e-01	7.965563400582385822e-02	-2.740002763423547358e-02	-1.979467773038191131e-03
5.738441648302404521e-09	2.029498788999499315e+00	9.648587376356459799e+00	3.105955988200538864e-01	9.650516328125127372e-03	2.093154371667932390e-03	4.410261323334802586e-01	7.991646070213517805e-02	-2.721782601027139190e-02	-1.972151263989001344e-03
6.010276782070388176e-09	2.018304540479112230e+00	9.615284343407857648e+00	3.099522551365317957e-01	9.631533228017588599e-03	2.096764894560707287e-03	4.415074527427743645e-01	8.019026995623487752e-02	-2.703877787888509659e-02	-1.965355801628544154e-03
6.294988990221888141e-09	2.007224191712016825e+00	9.583052292149055518e+00	3.092874227314665880e-01	9.617689788274355958e-03	2.101516083902889732e-03	4.420358838899923204e-01	8.047662832254634524e-02	-2.686298141140533793e-02	-1.959073534770531221e-03
6.593188271333541710e-09	1.996267057807762590e+00	9.551903303210877993e+00	3.086021574176303073e-01	9.608862964167132550e-03	2.107385091057835565e-03	4.426099352691791888e-01	8.077509459352495702e-02	-2.669053117661906310e-02	-1.953296737563366050e-03
6.905513520162316861e-09	1.985442121218930822e+00	9.521848412781814375e+00	3.078975286169008951e-01	9.604943848420461824e-03	2.114352435537847005e-03	4.432281569862802639e-01	8.108522655099922871e-02	-2.652151789318540204e-02	-1.948017741937963778e-03
7.232633896483518810e-09	1.974758054996257339e+00	9.492897557889344640e+00	3.071746236000164609e-01	9.605811378520920027e-03	2.122394955895944100e-03	4.438890093792225433e-01	8.140656148219750643e-02	-2.635603013280267415e-02	-1.943229059169432468e-03
7.575250258771920716e-09	1.964223175988406123e+00	9.465059657797917581e+00	3.064345363599229044e-01	9.611361948088056537e-03	2.131493887247350606e-03	4.445910155076265857e-01	8.173864045352259577e-02	-2.619415029902558145e-02	-1.938923035512588478e-03
7.934096665797492339e-09	1.953845502023504155e+00	9.438342584953268499e+00	3.056783760954084883e-01	9.621487493042755676e-03	2.141628700711620693e-03	4.453326482580464152e-01	8.208098933435806210e-02	-2.603595871470485226e-02	-1.935092218784866328e-03
8.309941949353386453e-09	1.943632761759319427e+00	9.412753094329969983e+00	3.049072696817870520e-01	9.636084626833830991e-03	2.152779629187921880e-03	4.461123718653293158e-01	8.243312368429280002e-02	-2.588153261231065927e-02	-1.931729134202831875e-03
8.703591361485183753e-09	1.933592436027882444e+00	9.388297043278537757e+00	3.041223596163677989e-01	9.655062344421981232e-03	2.164930038388422889e-03	4.469286799375425945e-01	8.279455498963536608e-02	-2.573094612865947650e-02	-1.928826312146341999e-03
9.115888299750837812e-09	1.923731719926302430e+00	9.364979231644230850e+00	3.033248017746550951e-01	9.678292756428319085e-03	2.178052349809573868e-03	4.477798648434856976e-01	8.316475752018040457e-02	-2.558427061157064406e-02	-1.926376329287438939e-03
9.547716114208065503e-09	1.914057456522918033e+00	9.342803097118894229e+00	3.025157631912162026e-01	9.705705265803221682e-03	2.192134630405558147e-03	4.486644645872780446e-01	8.354323292173959636e-02	-2.544157195507660771e-02	-1.924371530676233883e-03
1.000000000000000021e-08	1.904576226828824881e+00	9.321771114684032966e+00	3.016964215588633369e-01	9.737195151254910211e-03	2.207154754500984927e-03	4.495808316125418092e-01	8.392944814061445435e-02	-2.530291440401395697e-02	-1.922804455520574999e-03
