# Pressure Mass Radius Compactness k2 k3 h2 h3 j2 j3
9.999999999999999799e-13	8.540023405227284425e-02	1.780820977731156418e+01	7.081235420534576740e-03	1.960126060689431834e-02	5.144966240512556001e-03	1.018720981978479267e+00	3.275060091692429953e-01	-1.790451072846957394e-04	-3.450251598015557745e-05
1.047370897959448749e-12	8.612176864094323037e-02	1.747257096167536261e+01	7.278239830111190439e-03	1.989881435508847676e-02	5.206774832038850095e-03	1.018761060663800677e+00	3.272939438338233753e-01	-1.860711183086821881e-04	-3.585377846687175880e-05
1.096985797892381920e-12	8.696101095767536093e-02	1.713407553227865776e+01	7.494352870295227509e-03	2.025732943055758711e-02	5.274080644322191522e-03	1.018871030159659741e+00	3.270664904741159007e-01	-1.941053811602218195e-04	-3.740308443725298714e-05
1.148951000187311009e-12	8.792610782096410560e-02	1.679483729149173499e+01	7.730583637507271871e-03	2.068259559370246720e-02	5.380722743738566502e-03	1.019060233630962875e+00	3.268232928709319807e-01	-2.032620542002136054e-04	-3.917357125866341249e-05
1.203377840777590522e-12	8.902477735237604439e-02	1.645692995814278348e+01	7.987894319222269002e-03	2.118051161337656738e-02	5.491314101545035145e-03	1.019338240655761618e+00	3.265640953514634681e-01	-2.136654374723833327e-04	-4.119065961459769399e-05
1.260382929679727463e-12	9.026431024596474895e-02	1.612233857815464333e+01	8.267196598897623427e-03	2.175708508306663236e-02	5.611334596712840538e-03	1.019715300570229966e+00	3.262887518187916336e-01	-2.254509307431481937e-04	-4.348232203193481136e-05
1.320088400831416649e-12	9.165157587358499502e-02	1.579291734511411427e+01	8.569348581694070585e-03	2.241840798196797352e-02	5.769353314765955122e-03	1.020201905042389168e+00	3.259972380587599083e-01	-2.387659413932582096e-04	-4.607938051914335252e-05
1.382622173764653478e-12	9.319303501292905412e-02	1.547035532728013152e+01	8.895152576475802778e-03	2.317063223522302859e-02	5.943859903804523531e-03	1.020808984039741851e+00	3.256896595627032931e-01	-2.537707086433709305e-04	-4.901578960722409879e-05
1.448118227674535917e-12	9.489475853451595500e-02	1.515615121920565933e+01	9.245353693122689009e-03	2.401991014605285579e-02	6.098562782427529964e-03	1.021547548866746036e+00	3.253662554925185746e-01	-2.706389849122222205e-04	-5.232891924381893363e-05
1.516716888470924089e-12	9.676244992998227212e-02	1.485159742962750506e+01	9.620639075799942985e-03	2.497234702523245392e-02	6.314708474669911489e-03	1.022429339564929762e+00	3.250274047596057314e-01	-2.895585685003682899e-04	-5.605983286074997740e-05
1.588565129428052692e-12	9.880147022585571148e-02	1.455777286199136711e+01	1.002163781659436322e-02	2.603390495884519776e-02	6.555543787957520026e-03	1.023465642728060399e+00	3.246736244003088911e-01	-3.107316108070302973e-04	-6.025354554275448555e-05
1.663816886076127415e-12	1.010168618999795070e-01	1.427554367150789716e+01	1.044892112961511542e-02	2.721030739884502947e-02	6.806167394841451321e-03	1.024667614583640862e+00	3.243055648466893204e-01	-3.343746891012935722e-04	-6.495924283888707335e-05
1.742633386009647278e-12	1.034133695262602903e-01	1.400557062273584386e+01	1.090300261517990893e-02	2.850693589918135845e-02	7.103415027638297109e-03	1.026046237984119092e+00	3.239240056161301062e-01	-3.607185510640018825e-04	-7.023045409247528827e-05
1.825183494319046040e-12	1.059954549994175377e-01	1.374832152076296943e+01	1.138433844529719574e-02	2.992869111172473742e-02	7.417577524780755160e-03	1.027611550884630853e+00	3.235298432569526095e-01	-3.900075234806917859e-04	-7.612517079611236779e-05
1.911644075385703708e-12	1.087673048123255215e-01	1.350408731767331716e+01	1.189332713637921042e-02	3.147986288090445089e-02	7.766477434635540161e-03	1.029372941448643886e+00	3.231240761148835294e-01	-4.224985232090013986e-04	-8.270586906432846497e-05
2.002200371815584363e-12	1.117328278580189543e-01	1.327300043818862108e+01	1.243030877344552740e-02	3.316398081903362133e-02	8.149238881706684715e-03	1.031338393263546704e+00	3.227077844436687104e-01	-4.584596310169705919e-04	-9.003943614093916977e-05
2.097046401323230665e-12	1.148956294254011717e-01	1.305505495999512178e+01	1.299556121175243599e-02	3.498366406192902206e-02	8.568605151355861843e-03	1.033514404369074713e+00	3.222821117310104011e-01	-4.981680202454078941e-04	-9.819693615588009005e-05
2.196385372416542332e-12	1.182588790621161290e-01	1.285013251711490589e+01	1.358927811243681831e-02	3.694040681349673033e-02	9.022116013908470025e-03	1.035905558646876390e+00	3.218482503586924670e-01	-5.419060949936893318e-04	-1.072529666548852561e-04
2.300430119772921506e-12	1.218255760981452607e-01	1.265800509645671568e+01	1.421161529133341261e-02	3.903463837541322479e-02	9.513539279936204102e-03	1.038514493214164336e+00	3.214073806384156184e-01	-5.899623009926208833e-04	-1.172859058163727686e-04
2.409403560239526876e-12	1.255988082080259638e-01	1.247834729133000842e+01	1.486273330534620615e-02	4.126578199300976607e-02	1.004728639598930807e-02	1.041341941783574532e+00	3.209606128368094335e-01	-6.426323559131343283e-04	-1.283782354773743174e-04
2.523539170434765862e-12	1.295818055438885952e-01	1.231076047820159047e+01	1.554280435453019027e-02	4.363224814286510017e-02	1.061844207065023096e-02	1.044386571094275684e+00	3.205089583769976658e-01	-7.002181409700360560e-04	-1.406163195389749344e-04
2.643081486974102692e-12	1.337779823314505512e-01	1.215479360853711555e+01	1.625201774187452416e-02	4.613142050132444660e-02	1.123063717498022293e-02	1.047645077461279772e+00	3.200533032638963604e-01	-7.630265180208539505e-04	-1.540901132294659884e-04
2.768286630392061017e-12	1.381909704718356779e-01	1.200996068886879797e+01	1.699058436116848356e-02	4.875967406431776924e-02	1.188617445597804287e-02	1.051112124074545795e+00	3.195943823093218561e-01	-8.313681540099286974e-04	-1.688928157631553178e-04
2.899422853882880921e-12	1.428246468429251737e-01	1.187575516800828446e+01	1.775874038584631179e-02	5.151239144343422449e-02	1.258304541408480047e-02	1.054780314508187100e+00	3.191327547577171853e-01	-9.055563612238616555e-04	-1.851204589391667427e-04
3.036771118035460378e-12	1.476831554787633449e-01	1.175166155892742914e+01	1.855675024623196570e-02	5.438401733356037354e-02	1.332196435225023110e-02	1.058640350085766402e+00	3.186687875668898218e-01	-9.859059941165555958e-04	-2.028714421631864660e-04
3.180625692794118977e-12	1.527709246514120378e-01	1.163716466748966383e+01	1.938490881928020548e-02	5.736809664526706237e-02	1.410268618380084577e-02	1.062681053922436059e+00	3.182026335325247590e-01	-1.072732391342206323e-03	-2.222460361950308588e-04
3.331294787934670055e-12	1.580926816614523223e-01	1.153175668090359807e+01	2.024354330615963857e-02	6.045734478063670425e-02	1.492513651929747859e-02	1.066889508765439976e+00	3.177342214452151814e-01	-1.166350430567888660e-03	-2.433458338518969906e-04
3.489101213406766494e-12	1.636534631638977000e-01	1.143494257204253906e+01	2.113301431738707353e-02	6.364372398658751928e-02	1.578760011641363800e-02	1.071251172867994761e+00	3.172632436935727274e-01	-1.267073620411863664e-03	-2.662731708563790428e-04
3.654383070957261569e-12	1.694586241767700729e-01	1.134624399863908728e+01	2.205371675072241577e-02	6.691851260997007389e-02	1.669017943255361389e-02	1.075750050040298555e+00	3.167891514507631401e-01	-1.375213318651738589e-03	-2.911305344559182826e-04
3.827494478516314936e-12	1.755138448492385428e-01	1.126520202970292317e+01	2.300608025000573653e-02	7.027239118575892562e-02	1.763034150464731428e-02	1.080368792467113925e+00	3.163111492915864909e-01	-1.491078025391413212e-03	-3.180199413752832324e-04
4.008806328898464320e-12	1.818251355858329643e-01	1.119137891497890003e+01	2.399056935155568712e-02	7.369553281193780281e-02	1.860692184551240511e-02	1.085088930111776762e+00	3.158281978913173305e-01	-1.614972763273310984e-03	-3.470423055077601917e-04
4.198707084443905621e-12	1.883988411136365837e-01	1.112435908969886000e+01	2.500768341662002597e-02	7.717768645270248196e-02	1.961725457510873211e-02	1.089890987543481238e+00	3.153390168275996275e-01	-1.747198556879631538e-03	-3.782968130060991000e-04
4.397603609302712498e-12	1.952416428369245782e-01	1.106374959777201283e+01	2.605795623762808405e-02	8.070825647783157197e-02	2.065927442322541482e-02	1.094754666182206737e+00	3.148420896663234880e-01	-1.888051959492767756e-03	-4.118802723543241455e-04
4.605922041145112927e-12	2.023604943567753611e-01	1.100918050744892795e+01	2.714194550659517619e-02	8.427635607717580413e-02	2.173002125187014147e-02	1.099658951510276816e+00	3.143356789942109986e-01	-2.037823269589511977e-03	-4.478861546596446704e-04
4.824108704165373984e-12	2.097624924605402397e-01	1.096030486658686520e+01	2.826021329517939412e-02	8.787083954670417418e-02	2.282657159108437278e-02	1.104582216651887494e+00	3.138178472645928863e-01	-2.196793246394255095e-03	-4.864032301216343114e-04
5.052631065335679604e-12	2.174549571860839303e-01	1.091679666176052699e+01	2.941333886270843315e-02	9.148039924448136961e-02	2.394541335669671950e-02	1.109502378639192210e+00	3.132864585408994262e-01	-2.365234224334243369e-03	-5.275152628366702821e-04
5.291978735958436557e-12	2.254454404344276297e-01	1.087834964888504707e+01	3.060192015054458495e-02	9.509367737755723693e-02	2.508327259360161252e-02	1.114397119857930551e+00	3.127391978784118676e-01	-2.543409909449102346e-03	-5.713003987041231652e-04
5.542664520663095602e-12	2.337417147295381414e-01	1.084467631584439040e+01	3.182657221046419210e-02	9.869933470483731319e-02	2.623624356382202663e-02	1.119244017713393546e+00	3.121735874905336994e-01	-2.731574820514435977e-03	-6.178304822686464439e-04
5.805225516094907684e-12	2.423517608976178683e-01	1.081550680567432643e+01	3.308792553569641498e-02	1.022860893530272708e-01	2.740040893195481997e-02	1.124020620821780447e+00	3.115870016235488538e-01	-2.929973760752500270e-03	-6.671703969512476125e-04
6.080224261649427052e-12	2.512837538683267979e-01	1.079058783617907480e+01	3.438662416904968155e-02	1.058427985855880105e-01	2.857169922924825481e-02	1.128704618043570251e+00	3.109766897886280246e-01	-3.138841273803332291e-03	-7.193774179233653962e-04
6.368249944718585906e-12	2.605460472619211543e-01	1.076968161865087481e+01	3.572332373972891828e-02	1.093585087181178361e-01	2.974588782446154628e-02	1.133273933297846536e+00	3.103397957931946505e-01	-3.358401118535008206e-03	-7.745005990392388011e-04
6.669919663030115058e-12	2.701471562003436300e-01	1.075256480014589400e+01	3.709868933849264777e-02	1.128225119476051197e-01	3.091867539216688887e-02	1.137706845557876045e+00	3.096733803542950914e-01	-3.588865725307317355e-03	-8.325801796674021319e-04
6.985879746785234820e-12	2.800957385406293021e-01	1.073902743337182386e+01	3.851339329262491729e-02	1.162243622241281027e-01	3.208566418297478101e-02	1.141982015718891352e+00	3.089744371064021000e-01	-3.830435646944818986e-03	-8.936470251345708746e-04
7.316807143427207274e-12	2.904005738693399841e-01	1.072887198847642587e+01	3.996811274124018737e-02	1.195539788481068399e-01	3.324245312258351098e-02	1.146078706694547034e+00	3.082399255190442777e-01	-4.083298965866359945e-03	-9.577220894493152946e-04
7.663410868007462274e-12	3.010705413462883007e-01	1.072191239993205158e+01	4.146352721604136538e-02	1.228016011012513509e-01	3.438468242100223282e-02	1.149976683074868111e+00	3.074667773877492460e-01	-4.347630720376418137e-03	-1.024815924504880304e-03
8.026433522257174683e-12	3.121145945043626302e-01	1.071797316947133538e+01	4.300031591682221960e-02	1.259578725259719589e-01	3.550795943035123942e-02	1.153656390049028868e+00	3.066519268329316872e-01	-4.623592238906097315e-03	-1.094928204567972591e-03
8.406652885618316356e-12	3.235417341459598251e-01	1.071688851228569384e+01	4.457915490140248321e-02	1.290139224040631749e-01	3.660796600173729654e-02	1.157099131146575477e+00	3.057923418921776881e-01	-4.911330456996274366e-03	-1.168047292354648268e-03
8.804883581643446547e-12	3.353609801036450122e-01	1.071850154198870619e+01	4.620071433477524608e-02	1.319612077360800273e-01	3.768046131777148811e-02	1.160286721996173886e+00	3.048850116298859048e-01	-5.210977265078175005e-03	-1.244149864227341983e-03
9.221978823334340144e-12	3.475813384896440095e-01	1.072266352198886707e+01	4.786565522995935712e-02	1.347917359030726681e-01	3.872133989482560296e-02	1.163201979343476911e+00	3.039270013646881985e-01	-5.522648683746972896e-03	-1.323200535317413948e-03
9.658832241158709141e-12	3.602116566539850795e-01	1.072923307991240272e+01	4.957461131319777087e-02	1.374979471510087981e-01	3.972660335782705887e-02	1.165828492343918388e+00	3.029154616656676846e-01	-5.846441223688215484e-03	-1.405150829130727376e-03
1.011637979766206976e-11	3.732596581990837992e-01	1.073807464991434202e+01	5.132806240199654091e-02	1.400725806448383515e-01	4.069232093153837132e-02	1.168150559329558247e+00	3.018477260188197064e-01	-6.182407028146624794e-03	-1.489932873524332096e-03
1.059560179277614774e-11	3.867321055024590115e-01	1.074905703376936827e+01	5.312636422345459047e-02	1.425088012887994471e-01	4.161473838676787995e-02	1.170153382776458528e+00	3.007213192467244611e-01	-6.530557726972763440e-03	-1.577460511015190379e-03
1.109752496412069864e-11	4.006351419832183680e-01	1.076205266228463842e+01	5.496980080807783303e-02	1.448002970068854589e-01	4.249029024004132016e-02	1.171823165781962439e+00	2.995339397716028085e-01	-6.890873323068284415e-03	-1.667631769201390448e-03
1.162322468679854125e-11	4.149742240057751608e-01	1.077693694370508837e+01	5.685858070848175821e-02	1.469413093201533960e-01	4.331563557852298463e-02	1.173147177533443219e+00	2.982834795400295391e-01	-7.263300731301479754e-03	-1.760328800735298403e-03
1.217382727739662020e-11	4.297540473772170633e-01	1.079358771953150686e+01	5.879283266016981091e-02	1.489266441635578309e-01	4.408768933609046037e-02	1.174113778611124648e+00	2.969680400954597399e-01	-7.647752284826879812e-03	-1.855417915160375263e-03
1.275051240713012859e-11	4.449784723799762864e-01	1.081188480377496042e+01	6.077260126489836961e-02	1.507516848945389398e-01	4.480363773238597164e-02	1.174712450675446052e+00	2.955859470123422539e-01	-8.044104307117171809e-03	-1.952749727899265536e-03
1.335451562929897339e-11	4.606504479856570189e-01	1.083170959306507264e+01	6.279784277805956771e-02	1.524124240443943401e-01	4.546094802839613369e-02	1.174933871700884813e+00	2.941357683801257283e-01	-8.452195778843577326e-03	-2.052159434517392134e-03
1.398713102647241439e-11	4.767719358085502623e-01	1.085294473823716288e+01	6.486842105709152151e-02	1.539054410918204996e-01	4.605739043763300289e-02	1.174769869636073549e+00	2.926163206520523419e-01	-8.871827115513554116e-03	-2.153467212455629099e-03
1.464971398307287854e-11	4.933438344321013358e-01	1.087547387117223785e+01	6.698410372194527063e-02	1.552279595615174146e-01	4.659105401213716607e-02	1.174213558876674224e+00	2.910266889383989475e-01	-9.302759080966746183e-03	-2.256478755221873449e-03
1.534368408930013065e-11	5.103659046051602921e-01	1.089918138138607873e+01	6.914455855496501324e-02	1.563777955493872995e-01	4.706034037636728368e-02	1.173259230117934759e+00	2.893662252264619927e-01	-9.744711843691043762e-03	-2.360985934624741222e-03
1.607052818261638620e-11	5.278366963215518348e-01	1.092395223825597306e+01	7.134935022764929413e-02	1.573534056237642920e-01	4.746398816931034909e-02	1.171902469556342030e+00	2.876345641015574106e-01	-1.019736422386247066e-02	-2.466767602265911973e-03
1.683180353330955093e-11	5.457534780803272589e-01	1.094967185589982606e+01	7.359793733434570606e-02	1.581538744669800101e-01	4.780106808368716348e-02	1.170140142261574256e+00	2.858316265087054164e-01	-1.066035311643026909e-02	-2.573590515239674009e-03
1.762914118095944293e-11	5.641121693259095737e-01	1.097622599562267176e+01	7.588966981931451194e-02	1.587789048688897087e-01	4.807098612672594529e-02	1.167970381962186721e+00	2.839576213756999090e-01	-1.113327313342364275e-02	-2.681210392349076248e-03
1.846424942895546448e-11	5.829072769719385594e-01	1.100350070784374168e+01	7.822378682071048916e-02	1.592288182158382859e-01	4.827348076757991685e-02	1.165392607196734209e+00	2.820130484046055042e-01	-1.161567648029568356e-02	-2.789373093767835016e-03
1.933891750455232057e-11	6.021318362989886985e-01	1.103138230402943343e+01	8.059941494584213495e-02	1.595045454363979709e-01	4.840862158064367787e-02	1.162407517089017572e+00	2.799986984572440663e-01	-1.210707306591388317e-02	-2.897815912737515976e-03
2.025501939230666486e-11	6.217773695135244694e-01	1.105975738079691162e+01	8.301556849990984754e-02	1.596076185522224689e-01	4.847680333237801287e-02	1.159017088361665504e+00	2.779156499356384424e-01	-1.260693118606833960e-02	-3.006269042972569729e-03
2.121451784910627571e-11	6.418346871658497932e-01	1.108851417150746421e+01	8.547125157518394023e-02	1.595401509880541024e-01	4.847873459770493665e-02	1.155224398947518161e+00	2.757651745039508828e-01	-1.311469965549547437e-02	-3.114461615520041412e-03
2.221946860939528424e-11	6.622950219949249595e-01	1.111754498174533445e+01	8.796559214530116910e-02	1.593048214549750985e-01	4.841542148124463457e-02	1.151033432058969463e+00	2.735486149818187052e-01	-1.362983811496443730e-02	-3.222129000634417657e-03
2.327202478960412005e-11	6.831494177853774108e-01	1.114674621514341979e+01	9.049775885409841458e-02	1.589048615804621034e-01	4.828814572401773919e-02	1.146449219023835342e+00	2.712674531982973147e-01	-1.415180300184340142e-02	-3.329010406227611314e-03
2.437444150122221807e-11	7.043886428786872989e-01	1.117601870831538058e+01	9.306694541139165500e-02	1.583440206040565845e-01	4.809844246377099203e-02	1.141477820494105622e+00	2.689233150404283790e-01	-1.468004683114945697e-02	-3.434849428709253662e-03
2.552908068239516723e-11	7.260031867178362575e-01	1.120526796557442673e+01	9.567236619961004551e-02	1.576265349383665637e-01	4.784808148315829179e-02	1.136126301749796230e+00	2.665179673817472672e-01	-1.521401947904096538e-02	-3.539394996203137737e-03
2.673841615839943880e-11	7.479832570131731417e-01	1.123440427642579031e+01	9.831325236660599931e-02	1.567570836163367787e-01	4.753904269914994291e-02	1.130402671626378419e+00	2.640533104862134439e-01	-1.575316938640600531e-02	-3.642402252716266196e-03
2.800503894183625342e-11	7.703187780055108513e-01	1.126334275724505041e+01	1.009888482832392298e-01	1.557407515261516884e-01	4.717349617997154687e-02	1.124315838307429649e+00	2.615313726025191299e-01	-1.629694470764663991e-02	-3.743633389816594919e-03
2.933166278390048099e-11	7.929993890777723431e-01	1.129200333906377729e+01	1.036984081947588121e-01	1.545829767863962367e-01	4.675377759695641122e-02	1.117875523590299514e+00	2.589542999401963086e-01	-1.684479438352582195e-02	-3.842858421446806918e-03
3.072112998861759207e-11	8.160144439993739507e-01	1.132031071912736842e+01	1.064411930356042729e-01	1.532895159746766878e-01	4.628236880114443286e-02	1.111092218848064972e+00	2.563243507313575642e-01	-1.739616914626227959e-02	-3.939855903853125944e-03
3.217641750250735458e-11	8.393530105121205231e-01	1.134819428479175230e+01	1.092164673589196833e-01	1.518663924956600575e-01	4.576187447617331705e-02	1.103977096302921623e+00	2.536438845890401361e-01	-1.795052245422001230e-02	-4.034413600395710293e-03
3.370064329271925032e-11	8.630038703551017321e-01	1.137558801952572551e+01	1.120234963562509733e-01	1.503198600272780683e-01	4.519500297758444890e-02	1.096541955242245736e+00	2.509153551683739880e-01	-1.850731135577708339e-02	-4.126329090629478509e-03
3.529707302730657668e-11	8.869555196694535182e-01	1.140243039569471151e+01	1.148615429557554302e-01	1.486563737082664260e-01	4.458454822512336602e-02	1.088799185859715912e+00	2.481413033647011934e-01	-1.906599728800530483e-02	-4.215410325694827175e-03
3.696912707195032437e-11	9.111961696304882175e-01	1.142866425920303186e+01	1.177298649620255738e-01	1.468825157197298226e-01	4.393336438442872749e-02	1.080761612945170924e+00	2.453243421894139298e-01	-1.962604680073060451e-02	-4.301476127347657850e-03
3.872038781812557004e-11	9.357137476215017236e-01	1.145423670848349218e+01	1.206277122783249584e-01	1.450050116413316714e-01	4.324435781705755072e-02	1.072442570230739634e+00	2.424671580445354468e-01	-2.018693222846408911e-02	-4.384356635981632652e-03
4.055460735840827506e-11	9.604959081596480264e-01	1.147909898080958335e+01	1.235543252772899336e-01	1.430306388051146849e-01	4.252045833139694864e-02	1.063855691638496026e+00	2.395724898713207374e-01	-2.074813250419809893e-02	-4.463893732630617658e-03
4.247571552536894126e-11	9.855303063773713790e-01	1.150320650868971661e+01	1.265089649630563307e-01	1.409662174797482459e-01	4.176460470921924267e-02	1.055014877255342487e+00	2.366430983359393281e-01	-2.130913966004484295e-02	-4.539942136537055903e-03
4.448782831127576069e-11	1.010804300274468659e+00	1.152651801100589957e+01	1.294908801197124093e-01	1.388185261318830299e-01	4.097972072212739680e-02	1.045934129656185485e+00	2.336817714529814405e-01	-2.186945176902994545e-02	-4.612368370832817081e-03
4.659525668664686662e-11	1.036304315803319609e+00	1.154899430665220450e+01	1.324992361521529216e-01	1.365943468242597214e-01	4.016872394539418301e-02	1.036627770335605270e+00	2.306913885077045145e-01	-2.242855871123472164e-02	-4.681049020900242968e-03
4.880251583654433574e-11	1.062015820188290771e+00	1.157059800620180035e+01	1.355331137472492453e-01	1.343003982910364047e-01	3.933450537016058846e-02	1.027110274338946638e+00	2.276749014809722749e-01	-2.298594213005783482e-02	-4.745871148874068919e-03
5.111433483440165318e-11	1.087923339176136261e+00	1.159129334695152558e+01	1.385915117002026464e-01	1.319433376750802356e-01	3.847992214277767137e-02	1.017396281332086261e+00	2.246353264021325735e-01	-2.354107643055394078e-02	-4.806732812679629513e-03
5.353566677410718816e-11	1.114010479624406580e+00	1.161104608645397285e+01	1.416733497251314311e-01	1.295297462572919389e-01	3.760778510286333365e-02	1.007500563955881390e+00	2.215757291223340864e-01	-2.409342989493587842e-02	-4.863543539424192499e-03
5.607169938205469661e-11	1.140259957155947967e+00	1.162982343180609490e+01	1.447774713971889393e-01	1.270660609483122705e-01	3.672084265858507196e-02	9.974378443043079301e-01	2.184992063661999884e-01	-2.464246591024811528e-02	-4.916224745300352104e-03
5.872786613189488850e-11	1.166653628168143664e+00	1.164759400058727223e+01	1.479026471256538466e-01	1.245586130432252137e-01	3.582177761945189859e-02	9.872229032974847440e-01	2.154088803941395236e-01	-2.518764425446832003e-02	-4.964710089999207522e-03
6.150985788580503926e-11	1.193172526232059161e+00	1.166432779848323342e+01	1.510475773016991818e-01	1.220135940604013813e-01	3.491319668933647036e-02	9.768704894429074415e-01	2.123078852480216328e-01	-2.572842246223487964e-02	-5.008945764280263099e-03
6.442363508721370414e-11	1.219796903112889019e+00	1.167999621539737731e+01	1.542108955982218199e-01	1.194370293025528995e-01	3.399761915907795889e-02	9.663952454228138533e-01	2.091993514948165822e-01	-2.626425725371385120e-02	-5.048890706841519666e-03
6.747544053110686101e-11	1.246506274003981174e+00	1.169457203334876816e+01	1.573911724297056558e-01	1.168347842516259671e-01	3.307747351625213439e-02	9.558117257704162872e-01	2.060863992433431824e-01	-2.679460601825287003e-02	-5.084516747770250096e-03
7.067181273927477085e-11	1.273279466661614290e+00	1.170802944267633805e+01	1.605869185630182938e-01	1.142125417904686357e-01	3.215508854208119771e-02	9.451343309004827109e-01	2.029721245178676969e-01	-2.731892833754519592e-02	-5.115808675490284702e-03
7.401959996915652408e-11	1.300094674762983349e+00	1.172034406654141137e+01	1.637965889102309669e-01	1.115757970395778592e-01	3.123268887229432855e-02	9.343772894019800601e-01	1.998595901516108386e-01	-2.783668755352965846e-02	-5.142764228847615526e-03
7.752597488629464062e-11	1.326929514956852518e+00	1.173149299034322190e+01	1.670185864762196437e-01	1.089298492213111869e-01	3.031239024294844070e-02	9.235546306663435789e-01	1.967518158715435284e-01	-2.834735236249647308e-02	-5.165394012545222041e-03
8.119844993184008328e-11	1.353761115538479665e+00	1.174145480504348704e+01	1.702512698426922599e-01	1.062797870078085460e-01	2.939619380287813652e-02	9.126801334528056309e-01	1.936517647081273941e-01	-2.885039895337013910e-02	-5.183721354751233239e-03
8.504489341802668113e-11	1.380566394533256247e+00	1.175020972105489747e+01	1.734929831463337957e-01	1.036304619203770594e-01	2.848597633341863611e-02	9.017672156802867267e-01	1.905623102948630909e-01	-2.934531655285899446e-02	-5.197782162069834733e-03
8.907354638610458163e-11	1.407322052385446387e+00	1.175773958923026541e+01	1.767420511611978440e-01	1.009864948699768089e-01	2.758349165963720415e-02	8.908289532877945449e-01	1.874862391168860554e-01	-2.983160747247287636e-02	-5.207624451707555148e-03
9.329304026284695888e-11	1.434004540189964372e+00	1.176402792135993280e+01	1.799967712051952218e-01	9.835228550485621002e-02	2.669037364321350317e-02	8.798781102023252032e-01	1.844262561811683410e-01	-3.030878676971515001e-02	-5.213307881221155432e-03
9.771241535346501225e-11	1.460590124657453082e+00	1.176905993254930216e+01	1.832554167342202167e-01	9.573199459882537898e-02	2.580813332953976053e-02	8.689270745477278846e-01	1.813849759680112306e-01	-3.077638367691141325e-02	-5.214903295430439560e-03
1.023411402105452712e-10	1.487054954951306129e+00	1.177282257782902342e+01	1.865162410841311735e-01	9.312956948134409885e-02	2.493816422008084815e-02	8.579879254710415237e-01	1.783649233130997214e-01	-3.123394299705543539e-02	-5.212492218279978287e-03
1.071891319205126445e-10	1.513375130373059596e+00	1.177530457980544476e+01	1.897774813101531510e-01	9.054871518938946429e-02	2.408173830804063650e-02	8.470723320253120692e-01	1.753685223456594167e-01	-3.168102644245833488e-02	-5.206166288984845521e-03
1.122667773510811312e-10	1.539526769027616204e+00	1.177649645427375447e+01	1.930373620606416485e-01	8.799290274457921557e-02	2.324000868149615068e-02	8.361915642352981681e-01	1.723980934665758358e-01	-3.211721391996907871e-02	-5.196026653468268502e-03
1.175849554052158201e-10	1.565486077105950224e+00	1.177639052934079444e+01	1.962940995354453266e-01	8.546538601769008980e-02	2.241401577344664248e-02	8.253565320986446796e-01	1.694558551887976328e-01	-3.254210476608035418e-02	-5.182183316144500264e-03
1.231550603292826197e-10	1.591229418622353675e+00	1.177498096183740195e+01	1.995459054751177741e-01	8.296916873071336074e-02	2.160468239144584107e-02	8.145776643866599054e-01	1.665439108611398433e-01	-3.295531892174585753e-02	-5.164754457906504080e-03
1.289890261253308184e-10	1.616733384602478507e+00	1.177226374840970635e+01	2.027909911240375063e-01	8.050704088490308330e-02	2.081282394297261432e-02	8.038650079444097374e-01	1.636642556986711294e-01	-3.335649800661085601e-02	-5.143865718535495062e-03
1.350993521198024986e-10	1.641974862404016022e+00	1.176823673252332370e+01	2.060275712606562115e-01	7.808155636562745527e-02	2.003914731648762451e-02	7.932281374573397770e-01	1.608187684923762517e-01	-3.374530635520494454e-02	-5.119649464509819052e-03
1.414991297434578731e-10	1.666931103874665476e+00	1.176289960780482069e+01	2.092538681519528487e-01	7.569505022973896380e-02	1.928425623798282057e-02	7.826761924609891841e-01	1.580092121428950114e-01	-3.412143193600413599e-02	-5.092244032014072927e-03
1.482020705798860072e-10	1.691579792630811818e+00	1.175625391626742555e+01	2.124681155200320581e-01	7.334963784023974809e-02	1.854865572234525722e-02	7.722178548581515312e-01	1.552372330979872039e-01	-3.448458720686203849e-02	-5.061792964390873437e-03
1.552225357427047968e-10	1.715899109498629116e+00	1.174830304299475436e+01	2.156685624004572865e-01	7.104723173646008971e-02	1.783275853869291730e-02	7.618613854830946774e-01	1.525043639657330530e-01	-3.483450984157893809e-02	-5.028444235987111766e-03
1.625755666443793407e-10	1.739867806503067937e+00	1.173905218693403185e+01	2.188534786030764678e-01	6.878950394056432271e-02	1.713688008695053375e-02	7.516144729449606432e-01	1.498120082258080632e-01	-3.517096351298120566e-02	-4.992349458848705651e-03
1.702769172225897821e-10	1.763465175331516699e+00	1.172850823371664752e+01	2.220211488894259233e-01	6.657794794498717028e-02	1.646125684080642845e-02	7.414844295104524585e-01	1.471614656718021330e-01	-3.549373678466448412e-02	-4.953663119001874837e-03
1.783430876931905687e-10	1.786670937000470527e+00	1.171667959427041161e+01	2.251698581352649386e-01	6.441387291214233091e-02	1.580604886936191195e-02	7.314781660530847995e-01	1.445539393867728284e-01	-3.580264084794562013e-02	-4.912541937923565506e-03
1.867913599020784805e-10	1.809465288208855105e+00	1.170357611030545364e+01	2.282978952013025309e-01	6.229838915185446219e-02	1.517134040356964315e-02	7.216021184036808256e-01	1.419905296377149961e-01	-3.609750976762953617e-02	-4.869144151534153010e-03
1.956398343517064725e-10	1.831828971134050965e+00	1.168920899930937551e+01	2.314035592265863694e-01	6.023244043546482213e-02	1.455714989300693762e-02	7.118623357675104568e-01	1.394722414771224217e-01	-3.637820109546001379e-02	-4.823628804562354183e-03
2.049074689815846066e-10	1.853743344134058502e+00	1.167359082064163722e+01	2.344851658257762761e-01	5.821679362859707996e-02	1.396343053882151408e-02	7.022644198380347813e-01	1.369999780368167941e-01	-3.664459647338164788e-02	-4.776155071668010746e-03
2.146141197858401440e-10	1.875190450281308596e+00	1.165673544930729832e+01	2.375410530532881537e-01	5.625205064111490905e-02	1.339007597536316825e-02	6.928135424090569039e-01	1.345745422208033948e-01	-3.689660215459768244e-02	-4.726881602789096033e-03
2.247805833548729991e-10	1.896153083061252742e+00	1.163865805640291029e+01	2.405695870725914065e-01	5.433864628967922938e-02	1.283692269967699230e-02	6.835144122661875876e-01	1.321966336169311251e-01	-3.713414942048525597e-02	-4.675965894180626921e-03
2.354286414322420067e-10	1.916614848607037347e+00	1.161937508982041223e+01	2.435691675874086248e-01	5.247687445243050947e-02	1.230375882875047767e-02	6.743713464411175140e-01	1.298668563587345448e-01	-3.735719491146769627e-02	-4.623563693580557375e-03
2.465811075822603842e-10	1.936560223154562888e+00	1.159890425780596956e+01	2.465382328253065969e-01	5.066687830205613557e-02	1.179032447207573400e-02	6.653882104515167484e-01	1.275857137328475222e-01	-3.756572079235573347e-02	-4.569828431834004924e-03
2.582618760682674929e-10	1.955974606405200156e+00	1.157726450885100000e+01	2.494752643062536912e-01	4.890866444208722547e-02	1.129631763547942792e-02	6.565684465938104175e-01	1.253536123582157658e-01	-3.775973484817481129e-02	-4.514910699231532501e-03
2.704959730463131364e-10	1.974844368929330019e+00	1.155447601087331755e+01	2.523787911101034176e-01	4.720210962942106292e-02	1.082139857263969725e-02	6.479150759687867245e-01	1.231708644624720794e-01	-3.793927038787461847e-02	-4.458957750364621504e-03
2.833096101839318258e-10	1.993156895629482062e+00	1.153056012918499107e+01	2.552473939187560603e-01	4.554697824156851704e-02	1.036519531867751039e-02	6.394307429833658851e-01	1.210376928093834376e-01	-3.810438609279229172e-02	-4.402113060642883977e-03
2.967302408188872501e-10	2.010900622624677503e+00	1.150553940040475709e+01	2.580797085669318536e-01	4.394291807187118010e-02	9.927305773009176618e-03	6.311176777239994040e-01	1.189542301300198224e-01	-3.825516568474229134e-02	-4.344515917147001756e-03
3.107866187782014063e-10	2.028065071084628190e+00	1.147943749665165569e+01	2.608744296919131567e-01	4.238947367053239740e-02	9.507302511913210200e-03	6.229777260736653055e-01	1.169205236815302473e-01	-3.839171750957413171e-02	-4.286301047188635985e-03
3.255088599835056406e-10	2.044640954497813468e+00	1.145227902682246501e+01	2.636303278949612694e-01	4.088608931702120836e-02	9.104734938240953424e-03	6.150123307583613697e-01	1.149365293297906349e-01	-3.851417447842613723e-02	-4.227597977496088885e-03
3.409285069746807543e-10	2.060620107698934778e+00	1.142408938978685029e+01	2.663462433848625688e-01	3.943211903571931798e-02	8.719134002400791283e-03	6.072225575271350539e-01	1.130021213648476769e-01	-3.862269194209938528e-02	-4.168530817200744726e-03
3.570785964900469852e-10	2.075995304888918369e+00	1.139489485253883316e+01	2.690210602403551587e-01	3.802684368612738869e-02	8.350018043981079913e-03	5.996091652705516362e-01	1.111171132956385865e-01	-3.871744498461465733e-02	-4.109218538130321105e-03
3.739937302478801677e-10	2.090760266290474956e+00	1.136472247609820840e+01	2.716537084901619603e-01	3.666948388372753831e-02	7.996897505508146833e-03	5.921726424166168234e-01	1.092812645720418613e-01	-3.879862763724767349e-02	-4.049774790260419512e-03
3.917101490809260641e-10	2.104909675966804894e+00	1.133360005063092579e+01	2.742431677172776916e-01	3.535920267835314379e-02	7.659275907921010186e-03	5.849132019110568903e-01	1.074942798196013294e-01	-3.886645220261066014e-02	-3.990307731568404175e-03
4.102658105827190344e-10	2.118439199116381566e+00	1.130155604590745710e+01	2.767884705230490572e-01	3.409510768036182193e-02	7.336652032136229372e-03	5.778307740772689050e-01	1.057558106784802776e-01	-3.892114860211794147e-02	-3.930919902620072168e-03
4.297004704320835313e-10	2.131345496658025418e+00	1.126861957750043430e+01	2.792887055270775187e-01	3.287626422614472327e-02	7.028523037838432970e-03	5.709250469630063884e-01	1.040654600829882814e-01	-3.896296368481772660e-02	-3.871708145271016751e-03
4.500557675700488183e-10	2.143626233166805672e+00	1.123482036442421439e+01	2.817430199597832918e-01	3.170169578333170007e-02	6.734385708284156870e-03	5.641954547779881590e-01	1.024227832617406325e-01	-3.899216044221508193e-02	-3.812763553501350919e-03
4.713753134116729086e-10	2.155280081288405647e+00	1.120018869661141458e+01	2.841506217961826120e-01	3.057039287281662979e-02	6.453738955145468456e-03	5.576412034369166992e-01	1.008272917667949742e-01	-3.900901717570849636e-02	-3.754171462376656651e-03
4.937047852839003559e-10	2.166306723250465360e+00	1.116475540924545840e+01	2.865107815610631325e-01	2.948131512667410276e-02	6.186084687014888235e-03	5.512612680625923467e-01	9.927845449706017289e-02	-3.901382664627121161e-02	-3.696011472521589479e-03
5.170920242896755486e-10	2.176706844593158774e+00	1.112855184555042420e+01	2.888228336144592623e-01	2.843339820109005295e-02	5.930929926340517896e-03	5.450544126186194216e-01	9.777570177046296385e-02	-3.900689511459855263e-02	-3.638357500775282402e-03
5.415871378079465267e-10	2.186482125956397127e+00	1.109160983049191707e+01	2.910861771052167257e-01	2.742556614579239396e-02	5.687789450517306139e-03	5.390192356735593604e-01	9.631843102566123305e-02	-3.898854135921833719e-02	-3.581277859092361817e-03
5.672426068491988835e-10	2.195635228751943391e+00	1.105396163447950464e+01	2.933002765601430695e-01	2.645671839158648952e-02	5.456183794326599154e-03	5.331541047136678646e-01	9.490600268419548124e-02	-3.895909567435216353e-02	-3.524835363903518898e-03
5.941133984965039838e-10	2.204169777878519643e+00	1.101563994369961463e+01	2.954646620841744897e-01	2.552575321903207892e-02	5.235643975894819710e-03	5.274572536052759553e-01	9.353775108388624748e-02	-3.891889878961746208e-02	-3.469087459263009172e-03
6.222570836730231313e-10	2.212090349861001837e+00	1.097667777842537262e+01	2.975789318619053714e-01	2.463155945376763190e-02	5.025710020480543549e-03	5.219267381539670625e-01	9.221298101071633002e-02	-3.886830075539651069e-02	-3.414086301856734257e-03
6.517339604882420571e-10	2.219402544902672414e+00	1.093710775574688299e+01	2.996427842110754858e-01	2.377301129328892801e-02	4.825929550998201562e-03	5.165603840599848340e-01	9.093095245845768393e-02	-3.880765842634442686e-02	-3.359878032533950964e-03
6.826071834272379248e-10	2.226112801668039154e+00	1.089696219365707641e+01	3.016559931143126261e-01	2.294898018566315229e-02	4.635860772235690652e-03	5.113558519070514619e-01	8.969089818789334478e-02	-3.873733324286007113e-02	-3.306503440410697627e-03
7.149428986597561750e-10	2.232228199993262052e+00	1.085627356429269952e+01	3.036183717519456149e-01	2.215835025516782117e-02	4.455075967481426751e-03	5.063107298751786667e-01	8.849204733797097489e-02	-3.865769031016360463e-02	-3.253999001516840947e-03
7.488103857590030225e-10	2.237756438024532279e+00	1.081507445220981012e+01	3.055297725695694799e-01	2.140002209816852657e-02	4.283161830017959484e-03	5.014225500593096907e-01	8.733362729295503224e-02	-3.856909750620723248e-02	-3.202397053577288929e-03
7.842822061337681836e-10	2.242705801431458479e+00	1.077339746246004992e+01	3.073900877871348358e-01	2.067291320875448007e-02	4.119719477033356378e-03	4.966887893760338901e-01	8.621486469472189329e-02	-3.847192449036788975e-02	-3.151725951399282459e-03
8.214343584919422200e-10	2.247085151712258977e+00	1.073127520310077010e+01	3.091992505391936152e-01	1.997595841905392203e-02	3.964364009662634143e-03	4.921068703650806619e-01	8.513498513091953546e-02	-3.836654203312952344e-02	-3.102010242929526419e-03
8.603464416684491388e-10	2.250903902423409875e+00	1.068874023645905247e+01	3.109572353339382644e-01	1.930811070356014750e-02	3.816724488634279377e-03	4.876741644961967714e-01	8.409321409971759476e-02	-3.825332123979366394e-02	-3.053270848817761160e-03
9.011018251665036851e-10	2.254172004002652052e+00	1.064582507387754617e+01	3.126640585138497630e-01	1.866834689113834947e-02	3.676444455161427278e-03	4.833880198875407097e-01	8.308877939297724946e-02	-3.813263291695883489e-02	-3.005525253733084233e-03
9.437878277775391497e-10	2.256899902315999018e+00	1.060256207403325668e+01	3.143197779528563718e-01	1.805566040560354496e-02	3.543180522747908269e-03	4.792457269490425498e-01	8.212090894335206948e-02	-3.800484659647533625e-02	-2.958787670644575513e-03
9.884959046625586031e-10	2.259098558633961584e+00	1.055898359159582256e+01	3.159244939557547815e-01	1.746907208217087296e-02	3.416603611490416723e-03	4.752445716879167836e-01	8.118883486151877438e-02	-3.787033060430819442e-02	-2.913069295307720886e-03
1.035321843295661502e-09	2.260779370890815265e+00	1.051512175082259937e+01	3.174783475144124512e-01	1.690762100923330277e-02	3.296397174695312859e-03	4.713817933117906978e-01	8.029179082535314871e-02	-3.772945044617404681e-02	-2.868378408554999714e-03
1.084365968689608688e-09	2.261954187237900094e+00	1.047100856975612260e+01	3.189815210611045004e-01	1.637037409742611582e-02	3.182258506642480448e-03	4.676546327890330201e-01	7.942901640960632614e-02	-3.758256905588160113e-02	-2.824720649038694065e-03
1.135733358343102889e-09	2.262635265709489474e+00	1.042667590072470318e+01	3.204342371409453771e-01	1.585641985384797503e-02	3.073897159180230543e-03	4.640603048436566791e-01	7.859975470257006547e-02	-3.743004580076883525e-02	-2.782099154568996174e-03
1.189534067370320724e-09	2.262835245199682266e+00	1.038215540504636003e+01	3.218367576416243381e-01	1.536487234735127785e-02	2.971035413792932987e-03	4.605960205306792177e-01	7.780325501933832433e-02	-3.727223600848182661e-02	-2.740514760257293635e-03
1.245883364295008068e-09	2.262567115711236809e+00	1.033747837532830971e+01	3.231893876695184908e-01	1.489487132758739001e-02	2.873407764533656567e-03	4.572589878169016631e-01	7.703877129225776554e-02	-3.710948987385920966e-02	-2.699966033461222766e-03
1.304901978014401580e-09	2.261844142485577080e+00	1.029267466897682226e+01	3.244925010456514713e-01	1.444556813883390509e-02	2.780757821428626094e-03	4.540463239773318005e-01	7.630554539381613488e-02	-3.694214769201431547e-02	-2.660448573391548804e-03
1.366716356462010101e-09	2.260679743764471006e+00	1.024777337748880335e+01	3.257465053613892714e-01	1.401613846875544682e-02	2.692840687054843737e-03	4.509551466277637588e-01	7.560282751803856782e-02	-3.677054145995661133e-02	-2.621956058592068636e-03
1.431458937523481393e-09	2.259087438579967522e+00	1.020280335155952223e+01	3.269518202761134140e-01	1.360579221091243705e-02	2.609424544000666073e-03	4.479826433199189384e-01	7.492988960568926216e-02	-3.659499617151620865e-02	-2.584480919747245056e-03
1.499268432786047049e-09	2.257080831454579606e+00	1.015779319889293930e+01	3.281088772022955347e-01	1.321376822896982474e-02	2.530289330993443393e-03	4.451260489545725840e-01	7.428602286242640129e-02	-3.641582968990732250e-02	-2.548014485109360589e-03
1.570290124729377524e-09	2.254673567953831448e+00	1.011277109645775774e+01	3.292181207279018529e-01	1.283933309820578690e-02	2.455225919874604121e-03	4.423826421666438580e-01	7.367053589774562317e-02	-3.623335199633866827e-02	-2.512547005160616249e-03
1.644676177994662829e-09	2.251879352137080126e+00	1.006776493558612096e+01	3.302800083136519516e-01	1.248178193619426703e-02	2.384036103184753244e-03	4.397497538630648073e-01	7.308275571948640026e-02	-3.604786556076398918e-02	-2.478067827059673815e-03
1.722585965398783835e-09	2.248711912491428766e+00	1.002280218773686649e+01	3.312950114815931824e-01	1.214043724045149597e-02	2.316531861095846682e-03	4.372247642755722197e-01	7.252202611825907252e-02	-3.585966481693798891e-02	-2.444565430656177058e-03
1.804186409392068039e-09	2.245185004350560565e+00	9.977909949989593130e+00	3.322636164818667526e-01	1.181464783604375263e-02	2.252534937121591311e-03	4.348051008117580496e-01	7.198770705343338072e-02	-3.566903636800659166e-02	-2.412027549111306519e-03
1.889652339691211477e-09	2.241312370795188080e+00	9.933114843306988462e+00	3.331863236618536339e-01	1.150378775691289664e-02	2.191876247964088652e-03	4.324882363223334081e-01	7.147917397283788665e-02	-3.547625843062324896e-02	-2.380441222890693816e-03
1.979166867853557524e-09	2.237107777855442237e+00	9.888443153440571010e+00	3.340636497157029039e-01	1.120725503000206957e-02	2.134395312832637701e-03	4.302716846852429056e-01	7.099581608178642811e-02	-3.528160155118020835e-02	-2.349792920559977925e-03
2.072921779595369695e-09	2.232584946848231944e+00	9.843920637217310698e+00	3.348961258146406772e-01	1.092447268486081841e-02	2.079940256130865389e-03	4.281530112047237657e-01	7.053703772278689665e-02	-3.508532771486778251e-02	-2.320068571661536034e-03
2.171117945694509622e-09	2.227757590220970307e+00	9.799572688323358705e+00	3.356842990076883138e-01	1.065488549451629186e-02	2.028366826008910773e-03	4.261298175752965545e-01	7.010225564417348065e-02	-3.488769109550032138e-02	-2.291253689214946872e-03
2.273965752357932151e-09	2.222639371091352789e+00	9.755424213084612717e+00	3.364287319680184241e-01	1.039796084572774254e-02	1.979538369792156836e-03	4.241997501795728431e-01	6.969089961300319047e-02	-3.468893760641683643e-02	-2.263333399677824875e-03
2.381685551976160644e-09	2.217243907569641514e+00	9.711499700811097924e+00	3.371300027832633273e-01	1.015318903536448214e-02	1.933325657217265263e-03	4.223605053016005195e-01	6.930241253998647988e-02	-3.448930521941037664e-02	-2.236292540164786565e-03
2.494508135230316413e-09	2.211584704572630677e+00	9.667822855196297027e+00	3.377887089062552861e-01	9.920079063671424086e-03	1.889605867006830626e-03	4.206098065645539341e-01	6.893624656510827231e-02	-3.428902240469285101e-02	-2.210115521745882085e-03
2.612675225563326382e-09	2.205675025096115682e+00	9.624415839538782436e+00	3.384054755812932469e-01	9.698151703403275203e-03	1.848260910459597695e-03	4.189453635835412859e-01	6.859185544787828326e-02	-3.408830452915755788e-02	-2.184785982218159089e-03
2.736439997074666368e-09	2.199527940328439346e+00	9.581300165605183494e+00	3.389809340915871938e-01	9.486954480568679168e-03	1.809180545805435213e-03	4.173649728936834613e-01	6.826871212968457781e-02	-3.388735783788646844e-02	-2.160287491799668148e-03
2.866067616948244470e-09	2.193156342471127562e+00	9.538496936855043629e+00	3.395157161877946361e-01	9.286052038424747260e-03	1.772259922024156881e-03	4.158664721278703125e-01	6.796630370381932795e-02	-3.368638075149522904e-02	-2.136603762888478891e-03
3.001835813575592210e-09	2.186572956789464062e+00	9.496026938552258656e+00	3.400104535799932104e-01	9.095030736585612424e-03	1.737400511672700576e-03	4.144477689515757013e-01	6.768413477825578617e-02	-3.348556430018295726e-02	-2.113718720917792150e-03
3.144035471591500167e-09	2.179790324993353678e+00	9.453910508684559844e+00	3.404657807513384316e-01	8.913495060691349961e-03	1.704509178570512212e-03	4.131068221930099260e-01	6.742172397151301177e-02	-3.328509196827094535e-02	-2.091616453500453037e-03
3.292971255097148186e-09	2.172820794587753124e+00	9.412167563201451870e+00	3.408823331804477497e-01	8.741071257687580906e-03	1.673498759211114592e-03	4.118416663157082880e-01	6.717860663542647714e-02	-3.308513973778232781e-02	-2.070281261318362553e-03
3.448962260405766611e-09	2.165676518558398822e+00	9.370817538420489257e+00	3.412607500986437614e-01	8.577398666880368602e-03	1.644286201529728464e-03	4.106503637898265557e-01	6.695432842126000650e-02	-3.288587626396909797e-02	-2.049697634789987566e-03
3.612342699709437910e-09	2.158369471834939546e+00	9.329879473805208434e+00	3.416016747944464749e-01	8.422136185183280374e-03	1.616793696175915576e-03	4.095310435425709161e-01	6.674844888975514645e-02	-3.268746330397995226e-02	-2.029850295843339987e-03
3.783462617131932968e-09	2.150911391715589538e+00	9.289371786967970834e+00	3.419057540924046457e-01	8.274956281525337742e-03	1.590947444058615290e-03	4.084818702812665903e-01	6.656053809721268477e-02	-3.249005500812205544e-02	-2.010724147283142471e-03
3.962688638701478467e-09	2.143313873476235809e+00	9.249312596907287798e+00	3.421736422974316905e-01	8.135547701563279610e-03	1.566677927030495380e-03	4.075010590649927877e-01	6.639017621469230079e-02	-3.229379968700201581e-02	-1.992304373963307666e-03
4.150404757850472502e-09	2.135588268377814014e+00	9.209719411892010044e+00	3.424059970661584851e-01	8.003615389596570664e-03	1.543920020852167056e-03	4.065868801104818298e-01	6.623695550431463186e-02	-3.209883780107650186e-02	-1.974576297041049332e-03
4.347013158125017173e-09	2.127745744566150954e+00	9.170609251814505924e+00	3.426034851612305143e-01	7.878873952938974037e-03	1.522611320534311436e-03	4.057376197876051416e-01	6.610047318905964975e-02	-3.190530441344315016e-02	-1.957525566354193468e-03
4.552935074866938773e-09	2.119797261215940143e+00	9.131998645268076586e+00	3.427667789493531458e-01	7.761052096421439464e-03	1.502693195986888868e-03	4.049516100419251474e-01	6.598033608229912639e-02	-3.171332768345127423e-02	-1.941138007940415491e-03
4.768611697714474181e-09	2.111753576947253741e+00	9.093903616689289038e+00	3.428965586910913688e-01	7.649893047369648626e-03	1.484110655842926915e-03	4.042272309533090913e-01	6.587615944276647983e-02	-3.152302982845602702e-02	-1.925399702494319607e-03
4.994505115855140358e-09	2.103625173024103567e+00	9.056339374272695864e+00	3.429935122698009597e-01	7.545147935040046570e-03	1.466810956013456799e-03	4.035628752176842471e-01	6.578756277291072929e-02	-3.133452565413906432e-02	-1.910296864401248625e-03
5.231099308056257792e-09	2.095422194683394412e+00	9.019320048677327506e+00	3.430583359049096392e-01	7.446579844284467904e-03	1.450744473031687510e-03	4.029569720745159733e-01	6.571417233940236857e-02	-3.114792138851796635e-02	-1.895815740851281928e-03
5.478901179593956120e-09	2.087154538647407520e+00	8.982859274531490357e+00	3.430917266542575783e-01	7.353961835893528878e-03	1.435864177477548737e-03	4.024079832268701029e-01	6.565562220749678046e-02	-3.096331760789095694e-02	-1.881942920974183147e-03
5.738441648302404521e-09	2.078831881432316120e+00	8.946970274120063848e+00	3.430943839669611251e-01	7.267078948698125866e-03	1.422125895567682725e-03	4.019144144775629868e-01	6.561155452731515236e-02	-3.078080995446402790e-02	-1.868665346787528854e-03
6.010276782070388176e-09	2.070463676829315425e+00	8.911665810091987439e+00	3.430670111610285566e-01	7.185726609162348955e-03	1.409487998654560589e-03	4.014748069803498187e-01	6.558161803492600084e-02	-3.060048924245513391e-02	-1.855970283533983807e-03
6.294988990221888141e-09	2.062059161868574186e+00	8.876958252593192711e+00	3.430103138791613659e-01	7.109710103294407738e-03	1.397911276944681326e-03	4.010877366661568799e-01	6.556546818931197063e-02	-3.042244172505287336e-02	-1.843845353405872047e-03
6.593188271333541710e-09	2.053627336898383504e+00	8.842859449269571570e+00	3.429250017877785162e-01	7.038842367548541964e-03	1.387358306883653249e-03	4.007518016309956077e-01	6.556276455613986587e-02	-3.024674882641976981e-02	-1.832278464441023953e-03
6.905513520162316861e-09	2.045176986501398009e+00	8.809380824907536933e+00	3.428117881721499671e-01	6.972947997474008945e-03	1.377794464081457835e-03	4.004656461786218480e-01	6.557317408837046169e-02	-3.007348770249730976e-02	-1.821257854660288892e-03
7.232633896483518810e-09	2.036716662502645825e+00	8.776533224285497425e+00	3.426713931316179851e-01	6.911857049130424972e-03	1.369186382406189497e-03	4.002279243151460331e-01	6.559636510100795570e-02	-2.990273095865952913e-02	-1.810771993171815704e-03
7.575250258771920716e-09	2.028254712772479706e+00	8.744327099063196940e+00	3.425045410427055015e-01	6.855408745390055569e-03	1.361502810314360644e-03	4.000373235259078175e-01	6.563201079620029077e-02	-2.973454736090848372e-02	-1.800809666368273932e-03
7.934096665797492339e-09	2.019799243726639215e+00	8.712772318418426920e+00	3.423119614853317172e-01	6.803450482420002332e-03	1.354714355186989114e-03	3.998925592602096679e-01	6.567978805532651010e-02	-2.956900119706488278e-02	-1.791359892325030886e-03
8.309941949353386453e-09	2.011358140666023253e+00	8.681878180107101883e+00	3.420943920605747368e-01	6.755833480566536368e-03	1.348792525717016494e-03	3.997923489889029791e-01	6.573937335584752184e-02	-2.940615284359134746e-02	-1.782411901470798421e-03
8.703591361485183753e-09	2.002939075166015659e+00	8.651653509929365882e+00	3.418525755177793668e-01	6.712418745781731887e-03	1.343711023481169520e-03	3.997354486972519716e-01	6.581044773984789931e-02	-2.924605898231369752e-02	-1.773955185437574820e-03
9.115888299750837812e-09	1.994549500081169269e+00	8.622106560907342399e+00	3.415872626053501615e-01	6.673068833745867366e-03	1.339443768937037581e-03	3.997206049359659508e-01	6.589268954253499344e-02	-2.908877249506566440e-02	-1.765979418348616152e-03
9.547716114208065503e-09	1.986196630488785919e+00	8.593244963267840930e+00	3.412992104838007412e-01	6.637657188847166136e-03	1.335967213854384692e-03	3.997466091329986981e-01	6.598578205134912611e-02	-2.893434238907030553e-02	-1.758474464213186659e-03
1.000000000000000021e-08	1.977887456413138123e+00	8.565075792930656462e+00	3.409891818106391415e-01	6.606058681071128903e-03	1.333258002105373310e-03	3.998122456324444962e-01	6.608940645510358314e-02	-2.878281404594065090e-02	-1.751430384841761757e-03
