# Pressure Mass Radius Compactness k2 k3 h2 h3 j2 j3
9.999999999999999799e-13	9.952199485246954191e-02	6.788446735074631988e+01	2.164805551185125434e-03	-4.942371235813473040e-01	9.442243827370440075e-04	1.462749478220301098e-05	3.542485475328038816e-06	-7.134216595524516448e-07	-9.193668631644660934e-08
1.047370897959448749e-12	1.005432129892176590e-01	6.076101153954271439e+01	2.443419296227562938e-03	-4.941066806017878621e-01	-1.940602103418921642e-02	1.746186897461739888e-05	3.970383907061637204e-06	-9.108987627408457137e-07	-1.061021696804194857e-07
1.096985797892381920e-12	1.016696826355736744e-01	5.479572025538682567e+01	2.739776038439543839e-03	-4.931057358419424497e-01	-1.599347635130843196e-03	2.098283684643976015e-05	4.542618016085437307e-06	-1.178908599236900941e-06	-1.233639391122666294e-07
1.148951000187311009e-12	1.029045668104476702e-01	4.973928628572998178e+01	3.054958637974876899e-03	-4.923460598678494615e-01	-4.686651715071050994e-02	2.528429444655809548e-05	5.270424170312171220e-06	-1.542610022540682512e-06	-1.448564457930724319e-07
1.203377840777590522e-12	1.042521007257329463e-01	4.540891684780675064e+01	3.390110914815499827e-03	-4.915613555668784107e-01	-4.297770259495556355e-03	3.043858231668061898e-05	6.168662716455866966e-06	-2.034486952275670535e-06	-1.721874117875885594e-07
1.260382929679727463e-12	1.057173910526637145e-01	4.166759175757435685e+01	3.746435598268096304e-03	-4.906907534899848100e-01	2.630029059504152347e-02	3.658472198605376084e-05	7.256632601680953611e-06	-2.695896387364865811e-06	-2.076316678458903253e-07
1.320088400831416649e-12	1.073062855080011563e-01	3.841061891215466773e+01	4.125191286027851852e-03	-4.897614218892200055e-01	1.875091823612273223e-01	4.383268202453183130e-05	8.556694426339733547e-06	-3.578816235311069953e-06	-2.543600412383912282e-07
1.382622173764653478e-12	1.090252857475820514e-01	3.555662744656671492e+01	4.527692326939956706e-03	-4.887653429593423748e-01	4.866324347772366110e-02	5.234473941117300856e-05	1.009578057154533835e-05	-4.747789489974119208e-06	-3.167725747552843139e-07
1.448118227674535917e-12	1.108814905590872757e-01	3.304142825591141985e+01	4.955306003642817418e-03	-4.877122642577960132e-01	1.022634844067558807e-01	6.228711889280272957e-05	1.190406500150143638e-05	-6.282020442628005886e-06	-4.008109248999767586e-07
1.516716888470924089e-12	1.128825624135513239e-01	3.081369585213912998e+01	5.409452389459243858e-03	-4.865942061113112671e-01	2.068342972682285230e-01	7.385435903449404462e-05	1.401595373470962835e-05	-8.277702358191313235e-06	-5.144727138395780200e-07
1.588565129428052692e-12	1.150367083008112384e-01	2.883189148447389272e+01	5.891603974368029434e-03	-4.854034968266512928e-01	-1.336798229575010544e-01	8.726207367571948883e-05	1.647068047667408960e-05	-1.085046008683044463e-05	-6.682828453559862917e-07
1.663816886076127415e-12	1.173526728249765227e-01	2.706203104486459665e+01	6.403285009499098436e-03	-4.841514262287232584e-01	-4.770630563971615112e-01	1.027600249964508308e-04	1.931257577821639276e-05	-1.413798956163522021e-05	-8.759789149752772469e-07
1.742633386009647278e-12	1.198397418977515394e-01	2.547604328884437308e+01	6.946069459537010035e-03	-4.828229022803462445e-01	-5.007504270314219186e-01	1.206160277206944721e-04	2.259056669276787184e-05	-1.830278757119955274e-05	-1.155163207402963446e-06
1.825183494319046040e-12	1.225077525292961600e-01	2.405052605050394376e+01	7.521582572507892403e-03	-4.814168408726337556e-01	-3.313774264978588402e-01	1.411360776987584636e-04	2.635993098748617202e-05	-2.353505172711619947e-05	-1.528149886189252511e-06
1.911644075385703708e-12	1.253671087197853196e-01	2.276581733105192029e+01	8.131498725458792889e-03	-4.799290800221957531e-01	-5.478624723145207875e-01	1.646613877228226804e-04	3.068187053719642637e-05	-3.005564449937883932e-05	-2.022854573252420057e-06
2.002200371815584363e-12	1.284288030478280829e-01	2.160527190652427620e+01	8.777542352029260933e-03	-4.783571968406508668e-01	-5.299843487579555257e-01	1.915683494422730569e-04	3.562476300282119260e-05	-3.811916422847896608e-05	-2.673739936891178973e-06
2.097046401323230665e-12	1.317044413279368775e-01	2.055470979986835900e+01	9.461485015194686168e-03	-4.766963512134742564e-01	-4.623393564854114679e-01	2.222757073395656045e-04	4.126372080941234893e-05	-4.801703567057394144e-05	-3.522891159538132298e-06
2.196385372416542332e-12	1.352062714088531903e-01	1.960197161516638431e+01	1.018514732808406195e-02	-4.749425064231682092e-01	-4.590795172403231983e-01	2.572485269490875693e-04	4.768235089526256208e-05	-6.008072912751798611e-05	-4.621150856500932254e-06
2.300430119772921506e-12	1.389472129007537637e-01	1.873657798616460113e+01	1.095039536745095674e-02	-4.730924949189679318e-01	-4.465314342923922264e-01	2.969987091864985666e-04	5.497235186383764896e-05	-7.468483983620876092e-05	-6.029229604382693764e-06
2.409403560239526876e-12	1.429408916440020327e-01	1.794944844167451947e+01	1.175914143473084580e-02	-4.711422809557435087e-01	-4.623985643596559281e-01	3.420923038354822766e-04	6.323486792412543042e-05	-9.225031759718599681e-05	-7.818979577027436185e-06
2.523539170434765862e-12	1.472016727445740747e-01	1.723268010969109909e+01	1.261334149254512288e-02	-4.690878819504688546e-01	-4.597979439277803393e-01	3.931509946909616930e-04	7.258078857517808390e-05	-1.132474958755427303e-04	-1.007459851398131146e-05
2.643081486974102692e-12	1.517446957735024415e-01	1.657936641006179812e+01	1.351499298419466498e-02	-4.669254657503481010e-01	-4.524881525778817748e-01	4.508580019520138532e-04	8.313136865021117502e-05	-1.381990526790907812e-04	-1.289387342701807883e-05
2.768286630392061017e-12	1.565859101794859487e-01	1.598344608791193799e+01	1.446613439693420627e-02	-4.646511730786233030e-01	-4.484378217116022913e-01	5.159632035057807285e-04	9.501941638729814179e-05	-1.676829016755946743e-04	-1.638940957290166460e-05
2.899422853882880921e-12	1.617421098604162888e-01	1.543958354242479381e+01	1.546884035104265434e-02	-4.622611482721365461e-01	-4.486959274766066375e-01	5.892862147693135079e-04	1.083893692996178588e-04	-2.023346954538730695e-04	-2.068978941717369738e-05
3.036771118035460378e-12	1.672309668285747175e-01	1.494306503726532220e+01	1.652521996298519577e-02	-4.597515689536486039e-01	-4.456771138597139803e-01	6.717217682944420787e-04	1.233984192597221410e-04	-2.428502160121478873e-04	-2.594073690490949116e-05
3.180625692794118977e-12	1.730710624736361836e-01	1.448971438479149398e+01	1.763741240619205383e-02	-4.571186150457677289e-01	-4.411116345420028062e-01	7.642448476731807496e-04	1.402170293499966790e-04	-2.899872612725557419e-04	-3.230607353554303704e-05
3.331294787934670055e-12	1.792819178089323506e-01	1.407582097198933191e+01	1.880758311860963872e-02	-4.543586522864934141e-01	-4.376095589982805234e-01	8.679156887042880708e-04	1.590297017715876303e-04	-3.445672487950908621e-04	-3.996861765754477396e-05
3.489101213406766494e-12	1.858840183437456828e-01	1.369808026906375886e+01	2.003791732925337687e-02	-4.514680963816909420e-01	-4.334231337814697937e-01	9.838834103321290186e-04	1.800353420492331689e-04	-4.074760757630382989e-04	-4.913089309513801051e-05
3.654383070957261569e-12	1.928988352147326113e-01	1.335354098164998682e+01	2.133061596060977297e-02	-4.484434792462436148e-01	-4.294854398501480874e-01	1.113392156696251618e-03	2.034481954794057279e-04	-4.796645811376562605e-04	-6.001554534932436111e-05
3.827494478516314936e-12	2.003488412024891085e-01	1.303956197247472382e+01	2.268788787287994921e-02	-4.452814882866257262e-01	-4.252538856844430559e-01	1.257784585603225706e-03	2.294981274554871813e-04	-5.621481499163805779e-04	-7.286557009687503659e-05
4.008806328898464320e-12	2.082575221920520969e-01	1.275377447834625144e+01	2.411194246981025399e-02	-4.419789973328292487e-01	-4.208654175895829019e-01	1.418506351347508963e-03	2.584310419405683613e-04	-6.560056526350128503e-04	-8.794419194810161589e-05
4.198707084443905621e-12	2.166493772583047150e-01	1.249404895167582019e+01	2.560498211866009052e-02	-4.385330682593862051e-01	-4.163163177208000221e-01	1.597110202595380902e-03	2.905093710376878175e-04	-7.623774621422931387e-04	-1.055343367184264936e-04
4.397603609302712498e-12	2.255499129570164296e-01	1.225846790379319629e+01	2.716919085515651089e-02	-4.349410085598083286e-01	-4.115654816819453998e-01	1.795258430180588947e-03	3.260119276157098507e-04	-8.824622596907828569e-04	-1.259376597348479531e-04
4.605922041145112927e-12	2.349856265617790430e-01	1.204530048390178010e+01	2.880672555364924281e-02	-4.312003938227350064e-01	-4.066527035610574825e-01	2.014726211026456829e-03	3.652341932979495122e-04	-1.017513218375566382e-03	-1.494731609889215856e-04
4.824108704165373984e-12	2.449839784019917366e-01	1.185298112097311929e+01	3.051970457549307500e-02	-4.273091009970386711e-01	-4.015427063286965415e-01	2.257403347585791153e-03	4.084881419669235511e-04	-1.168832935978840514e-03	-1.764752658571687384e-04
5.052631065335679604e-12	2.555733502670879953e-01	1.168009130987229405e+01	3.231019381779618588e-02	-4.232653440702975889e-01	-3.962728808912105438e-01	2.525294648995187428e-03	4.561016697565692044e-04	-1.337766875748942329e-03	-2.072912644984263532e-04
5.291978735958436557e-12	2.667829905539059743e-01	1.152534256543530766e+01	3.418019443428998994e-02	-4.190677155004047805e-01	-3.908158411794346310e-01	2.820520044809090871e-03	5.084181536283644345e-04	-1.525696096063777372e-03	-2.422782877485045623e-04
5.542664520663095602e-12	2.786429422606711004e-01	1.138756222561872633e+01	3.613162708344982293e-02	-4.147152192353787403e-01	-3.851866054772724035e-01	3.145312669357152972e-03	5.657954229239709225e-04	-1.734028272091959946e-03	-2.817995773063805467e-04
5.805225516094907684e-12	2.911839537264103717e-01	1.126568020555797922e+01	3.816631714249989898e-02	-4.102073100555231888e-01	-3.793789462340649288e-01	3.502016053028844059e-03	6.286046935563720022e-04	-1.964187872584118293e-03	-3.262202514335545904e-04
6.080224261649427052e-12	3.044373697562488545e-01	1.115871765649037428e+01	4.028597762295023366e-02	-4.055439319717781266e-01	-3.734009584327236952e-01	3.893079222577634953e-03	6.972290021771840535e-04	-2.217604826601782004e-03	-3.759024347471833557e-04
6.368249944718585906e-12	3.184350015948317902e-01	1.106577691603579261e+01	4.249219077441929865e-02	-4.007255564671162729e-01	-3.672566182325743833e-01	4.321049766699466485e-03	7.720612652815974633e-04	-2.495701825567468897e-03	-4.311998061765151958e-04
6.669919663030115058e-12	3.332089740205306239e-01	1.098603208764824579e+01	4.478639037262933248e-02	-3.957532178362129782e-01	-3.609466813535101015e-01	4.788565400266460437e-03	8.535021396925479087e-04	-2.799880873557415023e-03	-4.924517583405443096e-04
6.985879746785234820e-12	3.487915479903199167e-01	1.091872118666966607e+01	4.716984087819905275e-02	-3.906285514704851414e-01	-3.544804210359611685e-01	5.298342474110437697e-03	9.419572320108645074e-04	-3.131508051220152113e-03	-5.599769697092908454e-04
7.316807143427207274e-12	3.652149174650729524e-01	1.086313838242394958e+01	4.964361871706394341e-02	-3.853538233185263007e-01	-3.478617998923436150e-01	5.853163018703855074e-03	1.037834202849353266e-03	-3.491898122352271767e-03	-6.340668645349323285e-04
7.663410868007462274e-12	3.825109785980053689e-01	1.081862781885924818e+01	5.220858936247141369e-02	-3.799319658259860955e-01	-3.410986015862668141e-01	6.455857964443281055e-03	1.141539083457458617e-03	-3.882297062414265861e-03	-7.149785550019186744e-04
8.026433522257174683e-12	4.007110710437599699e-01	1.078457730909865830e+01	5.486538720310470130e-02	-3.743666016964188326e-01	-3.341992685823738651e-01	7.109288796368581388e-03	1.253472493791493638e-03	-4.303864885992437529e-03	-8.029279662799352355e-04
8.406652885618316356e-12	4.198456896029555963e-01	1.076041299294122489e+01	5.761439338779364427e-02	-3.686620687806547725e-01	-3.271720300115797397e-01	7.816325790066573631e-03	1.374025289800445649e-03	-4.757657317745563573e-03	-8.980828710884838136e-04
8.804883581643446547e-12	4.399441661904764933e-01	1.074559445279446734e+01	6.045571366660763141e-02	-3.628234393410295633e-01	-3.200272302017683757e-01	8.579823471249633376e-03	1.503573816528483952e-03	-5.244607078730378208e-03	-1.000556138317166849e-03
9.221978823334340144e-12	4.610343223708619487e-01	1.073961030507767411e+01	6.338915614644373420e-02	-3.568565344127568317e-01	-3.127753862966092258e-01	9.402593111342357965e-03	1.642474777011382206e-03	-5.765504912882453946e-03	-1.110399344365005456e-03
9.658832241158709141e-12	4.831420912807238288e-01	1.074197398790755109e+01	6.641421036838107694e-02	-3.507679300050724480e-01	-3.054281213186165744e-01	1.028737288346912027e-02	1.791059912362178439e-03	-6.320981113620645700e-03	-1.227597042559141084e-03
1.011637979766206976e-11	5.062911124534303919e-01	1.075222018063178098e+01	6.953002565571041182e-02	-3.445649594185133391e-01	-2.979978384357237498e-01	1.123679483311408080e-02	1.949630214502924910e-03	-6.911486884823684479e-03	-1.352061644199011297e-03
1.059560179277614774e-11	5.305022983965782535e-01	1.076990140297924725e+01	7.273539094131896421e-02	-3.382557071471197219e-01	-2.904975898552046298e-01	1.225334966342010723e-02	2.118450096431113549e-03	-7.537276614808171259e-03	-1.483629268426397193e-03
1.109752496412069864e-11	5.557933765983062990e-01	1.079458491138281673e+01	7.602871584087966816e-02	-3.318489946975877736e-01	-2.829411843304524554e-01	1.333934941976656734e-02	2.297741378175944399e-03	-8.198391200423761974e-03	-1.622056687744511706e-03
1.162322468679854125e-11	5.821784103065219540e-01	1.082585004844385068e+01	7.940801202866280828e-02	-3.253543607240669266e-01	-2.753430355377687322e-01	1.449688788293922344e-02	2.487677183424180129e-03	-8.894642109009269840e-03	-1.767019355505998869e-03
1.217382727739662020e-11	6.096673002795847118e-01	1.086328550744615029e+01	8.287087862089968782e-02	-3.187820283989487025e-01	-2.677180590935314686e-01	1.572780059479658016e-02	2.688376134437114352e-03	-9.625598289266734664e-03	-1.918111114242174653e-03
1.275051240713012859e-11	6.382652735791047860e-01	1.090648731825468865e+01	8.641448628594941561e-02	-3.121428708012452535e-01	-2.600816197071962876e-01	1.703362263791475401e-02	2.899896414294012188e-03	-1.039057325619644097e-02	-2.074844868520568132e-03
1.335451562929897339e-11	6.679723642066890399e-01	1.095505657137648470e+01	9.003556730966096044e-02	-3.054483609343892070e-01	-2.524493920080712051e-01	1.841554776225526324e-02	3.122230545096458566e-03	-1.118861650131533318e-02	-2.236655349570691557e-03
1.398713102647241439e-11	6.987828917228210424e-01	1.100859774627589438e+01	9.373040546856123423e-02	-2.987105190513313913e-01	-2.448372817222660980e-01	1.987438675453089346e-02	3.355300301086884020e-03	-1.201850590824778478e-02	-2.402902990738183062e-03
1.464971398307287854e-11	7.306849458849909995e-01	1.106671710684243770e+01	9.749483000860077742e-02	-2.919418498489443903e-01	-2.372612992811082289e-01	2.141052751477074204e-02	3.598952348381587348e-03	-1.287874370798091500e-02	-2.572879538552439761e-03
1.534368408930013065e-11	7.636598839374496572e-01	1.112902129983679167e+01	1.013242128513080487e-01	-2.851552722973130227e-01	-2.297374294080359314e-01	2.302389716411743295e-02	3.852954600105785391e-03	-1.376755561899680250e-02	-2.745815172295764436e-03
1.607052818261638620e-11	7.976818507837063477e-01	1.119511612097579700e+01	1.052134697993822865e-01	-2.783640419509458286e-01	-2.222815232703860000e-01	2.471392726229331566e-02	4.116993530638921039e-03	-1.468289371606178520e-02	-2.920887132878182031e-03
1.683180353330955093e-11	8.327173270520884518e-01	1.126460566219943615e+01	1.091570633774783805e-01	-2.715816710570041481e-01	-2.149091685506966110e-01	2.647952172663623274e-02	4.390672158390424885e-03	-1.562244161094994248e-02	-3.097229287479088666e-03
1.762914118095944293e-11	8.687254167558994267e-01	1.133709321856082930e+01	1.131490847901663876e-01	-2.648217172383750539e-01	-2.076354375711433053e-01	2.831906441711400102e-02	4.673514587770954444e-03	-1.658364287957268812e-02	-3.273946461552571137e-03
1.846424942895546448e-11	9.056611676747609030e-01	1.141218996297027921e+01	1.171836414981548558e-01	-2.580970816307822102e-01	-2.004741307865584576e-01	3.023058259847350923e-02	4.964994295554406821e-03	-1.756381243175366910e-02	-3.450143449073404030e-03
1.933891750455232057e-11	9.434771651118668556e-01	1.148952045039695768e+01	1.212550195529754904e-01	-2.514197379860979020e-01	-1.934375176606147884e-01	3.221183195182455300e-02	5.264549409596840264e-03	-1.856020002622555884e-02	-3.624943180552729714e-03
2.025501939230666486e-11	9.821234966350853579e-01	1.156872362252280872e+01	1.253576639779279689e-01	-2.448007819254878203e-01	-1.865364326374471804e-01	3.426030400314567653e-02	5.571585819007965172e-03	-1.957000920841973912e-02	-3.797495659541566017e-03
2.121451784910627571e-11	1.021547754121419072e+00	1.164945313486269107e+01	1.294861653757021502e-01	-2.382504700510965356e-01	-1.797803594515909043e-01	3.637323684571085181e-02	5.885480710445091870e-03	-2.059041635910890261e-02	-3.966986185411244988e-03
2.221946860939528424e-11	1.061695089536767833e+00	1.173137751170533427e+01	1.336352508659788274e-01	-2.317782527450591157e-01	-1.731775076924680357e-01	3.854762839025017984e-02	6.205586560565699676e-03	-2.161858862311253834e-02	-4.132642467668977936e-03
2.327202478960412005e-11	1.102508309012208088e+00	1.181417986172090551e+01	1.377997811569755260e-01	-2.253927983520305212e-01	-1.667348811775789807e-01	4.078025350146705780e-02	6.531235287020408994e-03	-2.265170341462321990e-02	-4.293741364287689648e-03
2.437444150122221807e-11	1.143927996881736631e+00	1.189755770750365116e+01	1.419747472687325485e-01	-2.191020194161640844e-01	-1.604583474058072223e-01	4.306768150980971183e-02	6.861742727843199441e-03	-2.368696502330452924e-02	-4.449614054001041659e-03
2.552908068239516723e-11	1.185892667172471659e+00	1.198122258669199347e+01	1.461552708675915857e-01	-2.129130947743319568e-01	-1.543527031448807263e-01	4.540629633204776305e-02	7.196413172767058067e-03	-2.472162171005419171e-02	-4.599650556227862647e-03
2.673841615839943880e-11	1.228338936258668523e+00	1.206489969138455898e+01	1.503366048268013622e-01	-2.068324928645745575e-01	-1.484217395393769845e-01	4.779231721331248656e-02	7.534543567749963679e-03	-2.575298092455070853e-02	-4.743303034508317140e-03
2.800503894183625342e-11	1.271201716368373091e+00	1.214832740181527804e+01	1.545141360126381369e-01	-2.008659932109957691e-01	-1.426683049950257243e-01	5.022182120323809978e-02	7.875428384355715947e-03	-2.677842438039811090e-02	-4.880088348910408685e-03
2.933166278390048099e-11	1.314414424498481004e+00	1.223125696046297683e+01	1.586833868800316405e-01	-1.950187110480183783e-01	-1.370943704229637405e-01	5.269076518531431302e-02	8.218363655936937809e-03	-2.779542031726744966e-02	-5.009589241127097511e-03
3.072112998861759207e-11	1.357909211792853732e+00	1.231345213050679988e+01	1.628400185418217572e-01	-1.892951209954520098e-01	-1.317010912614583473e-01	5.519500891448409635e-02	8.562651293327243687e-03	-2.880153516233404168e-02	-5.131454783395217323e-03
3.217641750250735458e-11	1.401617185720721359e+00	1.239468868759783859e+01	1.669798342738194608e-01	-1.836990812232923709e-01	-1.264888690005714356e-01	5.773033836933892660e-02	8.907603034407636511e-03	-2.979444432888932875e-02	-5.245400122959989302e-03
3.370064329271925032e-11	1.445468684870771625e+00	1.247475430702180788e+01	1.710987834329032176e-01	-1.782338580456009625e-01	-1.214574113943802935e-01	6.029248917368433547e-02	9.252544359219126366e-03	-3.077194119110729723e-02	-5.351205259370416141e-03
3.529707302730657668e-11	1.489393506270064726e+00	1.255344808718327698e+01	1.751929639074319700e-01	-1.729021532088831359e-01	-1.166057928559317419e-01	6.287716886375024905e-02	9.596817978850940081e-03	-3.173194427499789749e-02	-5.448713106759312322e-03
3.696912707195032437e-11	1.533321180231099090e+00	1.263058035776880317e+01	1.792586261104915368e-01	-1.677061296410879421e-01	-1.119325117950060733e-01	6.548007966057525775e-02	9.939787219056818099e-03	-3.267250390765241014e-02	-5.537827076769127888e-03
3.872038781812557004e-11	1.577181229116014105e+00	1.270597244021406347e+01	1.832921754118379265e-01	-1.626474396024460423e-01	-1.074355476595970360e-01	6.809693968361833771e-02	1.028083855446930775e-02	-3.359180657598442865e-02	-5.618507927299652011e-03
4.055460735840827506e-11	1.620903433187303788e+00	1.277945637596472039e+01	1.872901758217807300e-01	-1.577272513640469720e-01	-1.031124143993649711e-01	7.072350431222508560e-02	1.061938496243015027e-02	-3.448817937932114469e-02	-5.690770500023365104e-03
4.247571552536894126e-11	1.664418092284354778e+00	1.285087474761365733e+01	1.912493519695055155e-01	-1.529462780236022779e-01	-9.896021358198718587e-02	7.335558561037504310e-02	1.095486756048904935e-02	-3.536009199576514717e-02	-5.754679807073175175e-03
4.448782831127576069e-11	1.707656284669949676e+00	1.292008050853642764e+01	1.951665908384064840e-01	-1.483048063066183253e-01	-9.497568497389154152e-02	7.598907066865578930e-02	1.128675790732764500e-02	-3.620615760652339671e-02	-5.810346891922056264e-03
4.659525668664686662e-11	1.750550124122173479e+00	1.298693676109452433e+01	1.990389444466632018e-01	-1.438027238123836260e-01	-9.115525336618203467e-02	7.861993962520714974e-02	1.161455977898363454e-02	-3.702513407724117300e-02	-5.857924819343152817e-03
4.880251583654433574e-11	1.793033003203564180e+00	1.305131663123468755e+01	2.028636300279194615e-01	-1.394395486528294814e-01	-8.749507511707040053e-02	8.124428089484020399e-02	1.193781013352646601e-02	-3.781592213774043199e-02	-5.897604104364352097e-03
5.111433483440165318e-11	1.835039833485503147e+00	1.311310306444857154e+01	2.066380317063766514e-01	-1.352144565406394050e-01	-8.399107995737617460e-02	8.385830632822657837e-02	1.225608016676302259e-02	-3.857756456669347161e-02	-5.929608548669414864e-03
5.353566677410718816e-11	1.876507272117513558e+00	1.317218871974975869e+01	2.103596998851255118e-01	-1.311263096107216641e-01	-8.063901210442771250e-02	8.645836360094090456e-02	1.256897632756491176e-02	-3.930924280847096497e-02	-5.954190721710102968e-03
5.607169938205469661e-11	1.917373935784173034e+00	1.322847579279472718e+01	2.140263511843970012e-01	-1.271736835173106761e-01	-7.743446748369156585e-02	8.904094779877597121e-02	1.287614009584936610e-02	-4.001027373294003403e-02	-5.971627727071202908e-03
5.872786613189488850e-11	1.957580605774749349e+00	1.328187585944280258e+01	2.176358680653981414e-01	-1.233548937468324086e-01	-7.437292821565909262e-02	9.160271159590670231e-02	1.317724823943092725e-02	-4.068010612834866563e-02	-5.982217196052579296e-03
6.150985788580503926e-11	1.997070412932541394e+00	1.333230974470990304e+01	2.211862968677291430e-01	-1.196680223779652275e-01	-7.144979530375834831e-02	9.414047308246414891e-02	1.347201309224791213e-02	-4.131831536547271588e-02	-5.986273183287879086e-03
6.442363508721370414e-11	2.035789010630892459e+00	1.337970733491169817e+01	2.246758466073422167e-01	-1.161109426621687313e-01	-6.866041758711959042e-02	9.665122296463893314e-02	1.376018133695792837e-02	-4.192459880788836080e-02	-5.984122536315462232e-03
6.747544053110686101e-11	2.073684727732206579e+00	1.342400740192545250e+01	2.281028866225336404e-01	-1.126813434276672937e-01	-6.600011866924118675e-02	9.913212975971910645e-02	1.404153358750913870e-02	-4.249876965006926799e-02	-5.976101232195153885e-03
7.067181273927477085e-11	2.110708714675889830e+00	1.346515751244028181e+01	2.314659433085809459e-01	-1.093767529068092881e-01	-6.346422162923112675e-02	1.015805432276867815e-01	1.431588378007617526e-02	-4.304075161090075569e-02	-5.962551306646458188e-03
7.401959996915652408e-11	2.146815057275476946e+00	1.350311376828744336e+01	2.347636974827823630e-01	-1.061945604326628295e-01	-6.104807040986257732e-02	1.039939971400264951e-01	1.458307789937261095e-02	-4.355057182753116485e-02	-5.943817596230719855e-03
7.752597488629464062e-11	2.181960885496896818e+00	1.353784064767994799e+01	2.379949809116389259e-01	-1.031320374663212969e-01	-5.874704922078166636e-02	1.063702104564365342e-01	1.484299223283235686e-02	-4.402835524607288248e-02	-5.920245213785282207e-03
8.119844993184008328e-11	2.216106459013408525e+00	1.356931081333603828e+01	2.411587722571593151e-01	-1.001863576682857221e-01	-5.655659982376639444e-02	1.087070870845406045e-01	1.509553313093761617e-02	-4.447431777660312141e-02	-5.892177027537751771e-03
8.504489341802668113e-11	2.249215235894316045e+00	1.359750490298720038e+01	2.442541929207233398e-01	-9.735461554864655032e-02	-5.447223649583165378e-02	1.110027146630019057e-01	1.534063449434461615e-02	-4.488875947299663521e-02	-5.859951428324212432e-03
8.907354638610458163e-11	2.281253924941094358e+00	1.362241132870524396e+01	2.472805023804774960e-01	-9.463384409664314656e-02	-5.248955910577107753e-02	1.132553621449461922e-01	1.557825676243501829e-02	-4.527205795933905708e-02	-5.823900443267017620e-03
9.329304026284695888e-11	2.312192519866697715e+00	1.364402603032437788e+01	2.502370938049552906e-01	-9.202103070732257917e-02	-5.060426394088052976e-02	1.154634768298541669e-01	1.580838505308280323e-02	-4.562466205947904307e-02	-5.784348115463317647e-03
9.771241535346501225e-11	2.342004317679510006e+00	1.366235227557889687e+01	2.531234885214470043e-01	-8.951313272747631056e-02	-4.881215337719006786e-02	1.176256798430254519e-01	1.603102753948155296e-02	-4.594708474965431000e-02	-5.741609000219674054e-03
1.023411402105452712e-10	2.370665920680017358e+00	1.367740037236532658e+01	2.559393316998191947e-01	-8.710709055915516474e-02	-4.710914300613246869e-02	1.197407619355850689e-01	1.624621390814285152e-02	-4.623989759318114512e-02	-5.695987141410677017e-03
1.071891319205126445e-10	2.398157222722470561e+00	1.368918749268090096e+01	2.586843856258019825e-01	-8.479984155192503426e-02	-4.549126867292162257e-02	1.218076769036731122e-01	1.645399350710321021e-02	-4.650372336902749981e-02	-5.647774925074334346e-03
1.122667773510811312e-10	2.424461384558751931e+00	1.369773727491592119e+01	2.613585272513005986e-01	-8.258832901791278436e-02	-4.395468950350924636e-02	1.238255377992049655e-01	1.665443373348550471e-02	-4.673923164653812773e-02	-5.597252538055007276e-03
1.175849554052158201e-10	2.449564786007915718e+00	1.370307976885344381e+01	2.639617380594327933e-01	-8.046951652363973362e-02	-4.249569415864266897e-02	1.257936069077975616e-01	1.684761814581841807e-02	-4.694713114186654240e-02	-5.544687234949535054e-03
1.231550603292826197e-10	2.473456978180696098e+00	1.370525096817040911e+01	2.664941029369128356e-01	-7.844039354452683743e-02	-4.111070067122735844e-02	1.277112922200065448e-01	1.703364543556896288e-02	-4.712816571580155656e-02	-5.490333056649521898e-03
1.289890261253308184e-10	2.496130613945479748e+00	1.370429263909259099e+01	2.689558022554983663e-01	-7.649798574152587294e-02	-3.979625921968785868e-02	1.295781384887086385e-01	1.721262666282483839e-02	-4.728310836525902866e-02	-5.434430555895955646e-03
1.350993521198024986e-10	2.517581371845922344e+00	1.370025197540396533e+01	2.713471076639502044e-01	-7.463936123156633684e-02	-3.854905189497779411e-02	1.313938208907126370e-01	1.738468524392689299e-02	-4.741275680976327761e-02	-5.377206750712138113e-03
1.414991297434578731e-10	2.537807867931027861e+00	1.369318138909155280e+01	2.736683749623117778e-01	-7.286163828284686339e-02	-3.736589327375595265e-02	1.331581362981207328e-01	1.754995420123151365e-02	-4.751792791300056551e-02	-5.318875039254489234e-03
1.482020705798860072e-10	2.556811561246350450e+00	1.368313814483460611e+01	2.759200403198988072e-01	-7.116198956801440823e-02	-3.624372855521614673e-02	1.348709970055481933e-01	1.770857530927889834e-02	-4.759945429861161398e-02	-5.259635460577208668e-03
1.552225357427047968e-10	2.574596649785979352e+00	1.367018409900944853e+01	2.781026143135776896e-01	-6.953764739344320267e-02	-3.517963230899123772e-02	1.365324227185873429e-01	1.786069780629460577e-02	-4.765817981720393143e-02	-5.199674847522169248e-03
1.625755666443793407e-10	2.591169958906903048e+00	1.365438540345981622e+01	2.802166766664789255e-01	-6.798590769475905404e-02	-3.417080637998708842e-02	1.381425330599480583e-01	1.800647722169898546e-02	-4.769495591856651173e-02	-5.139167158109867253e-03
1.702769172225897821e-10	2.606540825890211188e+00	1.363581221201691029e+01	2.822628712715720134e-01	-6.650413321451827120e-02	-3.321457727511382962e-02	1.397015402989500721e-01	1.814607348929538067e-02	-4.771063806366029197e-02	-5.078273806763278914e-03
1.783430876931905687e-10	2.620720978001998880e+00	1.361453837361282559e+01	2.842419014784221543e-01	-6.508975595074512066e-02	-3.230839313857970102e-02	1.412097423338633251e-01	1.827965100202965168e-02	-4.770608283718903025e-02	-5.017144128443794954e-03
1.867913599020784805e-10	2.633724405959775972e+00	1.359064115454422605e+01	2.861545249006097746e-01	-6.374027946934116007e-02	-3.144982071940275598e-02	1.426675153730929957e-01	1.840737618166493270e-02	-4.768214491018023943e-02	-4.955915824373333459e-03
1.956398343517064725e-10	2.645567238352760420e+00	1.356420093841766494e+01	2.880015493370071122e-01	-6.245327999622843351e-02	-3.063654166204564724e-02	1.440753075572278885e-01	1.852941831993021662e-02	-4.763967431959127696e-02	-4.894715400611521390e-03
2.049074689815846066e-10	2.656267609279937769e+00	1.353530092312061406e+01	2.897838285191125518e-01	-6.122640728020706941e-02	-2.986634878254141104e-02	1.454336325753587678e-01	1.864594668787337983e-02	-4.757951466505483396e-02	-4.833658782785034934e-03
2.146141197858401440e-10	2.665845523377377457e+00	1.350402688140161978e+01	2.915022566397508785e-01	-6.005738597021905573e-02	-2.913714280503659770e-02	1.467430624637186543e-01	1.875713194829060557e-02	-4.750250032841025344e-02	-4.772851762166019363e-03
2.247805833548729991e-10	2.674322728297842566e+00	1.347046682798781525e+01	2.931577660459254719e-01	-5.894401454199574286e-02	-2.844692770781525118e-02	1.480042229714368385e-01	1.886314317615270242e-02	-4.740945528161380484e-02	-4.712390577833690079e-03
2.354286414322420067e-10	2.681722578544162072e+00	1.343471076916613427e+01	2.947513225443848528e-01	-5.788416565612880538e-02	-2.779380713944427927e-02	1.492177872513750503e-01	1.896414916752606206e-02	-4.730119129230424962e-02	-4.652362460447526625e-03
2.465811075822603842e-10	2.688069904889580641e+00	1.339685043799783948e+01	2.962839218619189863e-01	-5.687578553323618946e-02	-2.717598038080421344e-02	1.503844705859418707e-01	1.906031704180101427e-02	-4.717850639401410806e-02	-4.592846137112952323e-03
2.582618760682674929e-10	2.693390882248564377e+00	1.335697902959859640e+01	2.977565861317766349e-01	-5.591689316403860438e-02	-2.659173838079519764e-02	1.515050252995924218e-01	1.915181095137568484e-02	-4.704218382098412227e-02	-4.533912390718432620e-03
2.704959730463131364e-10	2.697712908121274289e+00	1.331519090603759636e+01	2.991703623866498463e-01	-5.500557811274058018e-02	-2.603945910727874583e-02	1.525802373598131034e-01	1.923879378383232600e-02	-4.689299143245109769e-02	-4.475624581060839297e-03
2.833096101839318258e-10	2.701064461333057221e+00	1.327158144910658244e+01	3.005263156744848452e-01	-5.414000171486971907e-02	-2.551760513575961759e-02	1.536109190433937455e-01	1.932142450704673123e-02	-4.673167971977228857e-02	-4.418039108107106074e-03
2.967302408188872501e-10	2.703474994348026961e+00	1.322624669673468745e+01	3.018255307849840863e-01	-5.331839265053327920e-02	-2.502471799385087153e-02	1.545979083324277026e-01	1.939985943323734724e-02	-4.655898271535294231e-02	-4.361205993601682644e-03
3.107866187782014063e-10	2.704974805570924179e+00	1.317928320396156217e+01	3.030691067609480038e-01	-5.253904715149587679e-02	-2.455941548677746666e-02	1.555420629553837808e-01	1.947425088273857519e-02	-4.637561613213112693e-02	-4.305169230512582296e-03
3.255088599835056406e-10	2.705594924216769837e+00	1.313078776716293561e+01	3.042581558662185159e-01	-5.180032633287519339e-02	-2.412038744929113562e-02	1.564442579973905345e-01	1.954474783282523706e-02	-4.618227786538028901e-02	-4.249967342977014305e-03
3.409285069746807543e-10	2.705366990198472710e+00	1.308085727323213199e+01	3.053937990898098476e-01	-5.110065570554968295e-02	-2.370639296028740836e-02	1.573053810113428652e-01	1.961149567366161570e-02	-4.597964686117322203e-02	-4.195633758903130270e-03
3.570785964900469852e-10	2.704323185100315552e+00	1.302958831303262244e+01	3.064771728253739003e-01	-5.043851783865897775e-02	-2.331625366246448464e-02	1.581263357537484038e-01	1.967463505726743667e-02	-4.576838493075388592e-02	-4.142197198909970332e-03
3.739937302478801677e-10	2.702496049780108489e+00	1.297707733881143710e+01	3.075094099591664798e-01	-4.981246076733217287e-02	-2.294885653068529791e-02	1.589080266573965061e-01	1.973430313858935692e-02	-4.554913290020019129e-02	-4.089682126890839715e-03
3.917101490809260641e-10	2.699918463111779854e+00	1.292342011780432820e+01	3.084916554625885543e-01	-4.922108528281595591e-02	-2.260314431471111343e-02	1.596513695912512021e-01	1.979063287099080276e-02	-4.532251457164201275e-02	-4.038109077579076639e-03
4.102658105827190344e-10	2.696623508635046296e+00	1.286871174527227879e+01	3.094250561239217934e-01	-4.866304815168139702e-02	-2.227811552546051649e-02	1.603572831336526616e-01	1.984375260902421917e-02	-4.508913465329002918e-02	-3.987494992937368893e-03
4.297004704320835313e-10	2.692644397614803786e+00	1.281304643377630548e+01	3.103107617317060196e-01	-4.813705839642350853e-02	-2.197282045793149188e-02	1.610266886415033794e-01	1.989378676652697048e-02	-4.484957940261971587e-02	-3.937853525118584740e-03
4.500557675700488183e-10	2.688014369425490102e+00	1.275651737811556607e+01	3.111499216956215563e-01	-4.764187639465981144e-02	-2.168635898815564692e-02	1.616605069854127608e-01	1.994085587155560585e-02	-4.460441670204544351e-02	-3.889195410016279414e-03
4.713753134116729086e-10	2.682766626135266730e+00	1.269921660092063931e+01	3.119436858620195929e-01	-4.717631056244849658e-02	-2.141787707936491578e-02	1.622596585362464927e-01	1.998507617969904476e-02	-4.435419618650719015e-02	-3.841528645014067635e-03
4.937047852839003559e-10	2.676934260860648340e+00	1.264123475506853644e+01	3.126932055220846274e-01	-4.673921404673001684e-02	-2.116656341833322505e-02	1.628250634075591174e-01	2.002655971527647627e-02	-4.409945046227357890e-02	-3.794858838239549299e-03
5.170920242896755486e-10	2.670550164052442277e+00	1.258266113950846332e+01	3.133996263792081516e-01	-4.632948619589653122e-02	-2.093164890165282940e-02	1.633576356958465203e-01	2.006541506281112400e-02	-4.384069349881641181e-02	-3.749189367206689962e-03
5.415871378079465267e-10	2.663646983404202473e+00	1.252358343719762068e+01	3.140640943667211693e-01	-4.594606660501733553e-02	-2.071240194604687807e-02	1.638582875167131914e-01	2.010174623696295293e-02	-4.357842288694782629e-02	-3.704521672628780914e-03
5.672426068491988835e-10	2.656256923792288394e+00	1.246408672259948602e+01	3.146877609644300189e-01	-4.558792965905515693e-02	-2.050812420721643756e-02	1.643279327015470803e-01	2.013565495458470231e-02	-4.331311479953942056e-02	-3.660854725518678833e-03
5.941133984965039838e-10	2.648410414727679019e+00	1.240424544904428217e+01	3.152718323203837492e-01	-4.525405426260113023e-02	-2.031813230757910371e-02	1.647675235140772243e-01	2.016724136147727761e-02	-4.304518831921572836e-02	-3.618180226942038866e-03
6.222570836730231313e-10	2.640136000701663210e+00	1.234412875891741024e+01	3.158174270773420056e-01	-4.494350299951537647e-02	-2.014180190787412394e-02	1.651779434509730304e-01	2.019659848997354054e-02	-4.277502749969289142e-02	-3.576488659710167200e-03
6.517339604882420571e-10	2.631460654044400105e+00	1.228380521014465643e+01	3.163254938830532548e-01	-4.465546560933712772e-02	-1.997859106651033237e-02	1.655599452806158778e-01	2.022380679330087680e-02	-4.250300209888673020e-02	-3.535773481885720430e-03
6.826071834272379248e-10	2.622409713934876763e+00	1.222334209509085845e+01	3.167968199484850200e-01	-4.438925042754845313e-02	-1.982803404187528235e-02	1.659141576801681506e-01	2.024893545351202570e-02	-4.222946513748444125e-02	-3.496030563863101841e-03
7.149428986597561750e-10	2.613006928703951015e+00	1.216280499226991196e+01	3.172320463084360442e-01	-4.414427263087415676e-02	-1.968973350765773969e-02	1.662410968827696123e-01	2.027204310050192623e-02	-4.195475193170545430e-02	-3.457257648797012681e-03
7.488103857590030225e-10	2.603274549917895531e+00	1.210225749379272564e+01	3.176316851709113376e-01	-4.392004189910854450e-02	-1.956335264745021410e-02	1.665411798510725849e-01	2.029317983907372863e-02	-4.167918010635134063e-02	-3.419453893499305609e-03
7.842822061337681836e-10	2.593233451816375990e+00	1.204176109595013777e+01	3.179961364881078167e-01	-4.371615105219638087e-02	-1.944860798648538613e-02	1.668147368096780103e-01	2.031238717434843272e-02	-4.140304935715454632e-02	-3.382619386584209860e-03
8.214343584919422200e-10	2.582903259529411688e+00	1.198137510145343576e+01	3.183257056814973729e-01	-4.353226450189483232e-02	-1.934526227984620025e-02	1.670620246187908553e-01	2.032969996601995816e-02	-4.112664271055872095e-02	-3.346754871779029136e-03
8.603464416684491388e-10	2.572302482484139841e+00	1.192115663689692084e+01	3.186206193611579307e-01	-4.336810822984601965e-02	-1.925311839434411254e-02	1.672832385870132998e-01	2.034514680053568086e-02	-4.085022696139386372e-02	-3.311861397534210123e-03
9.011018251665036851e-10	2.561448644850501388e+00	1.186116069005317541e+01	3.188810405088838840e-01	-4.322346039358759134e-02	-1.917201365673068189e-02	1.674785238566955381e-01	2.035875106633212167e-02	-4.057405364914536822e-02	-3.277940073336333554e-03
9.437878277775391497e-10	2.550358402194558227e+00	1.180144015523865697e+01	3.191070820769879024e-01	-4.309814308496853763e-02	-1.910181494277098796e-02	1.676479855784572537e-01	2.037053274224035967e-02	-4.029836017294274875e-02	-3.244991897302138429e-03
9.884959046625586031e-10	2.539047664944882765e+00	1.174204592846612805e+01	3.192988204099396210e-01	-4.299201440492431137e-02	-1.904241401793061589e-02	1.677916989293872230e-01	2.038050606293523304e-02	-4.002337083927964140e-02	-3.213017578851840896e-03
1.035321843295661502e-09	2.527531698238626667e+00	1.168302698484954227e+01	3.194563064823627285e-01	-4.290496191816240562e-02	-1.899372371204088861e-02	1.679097174809155435e-01	2.038868435535795900e-02	-3.974929778630154759e-02	-3.182017403788214328e-03
1.084365968689608688e-09	2.515825217175888806e+00	1.162443050411479106e+01	3.195795754880816908e-01	-4.283689714040799651e-02	-1.895567471911638671e-02	1.680020803327647028e-01	2.039507659498608280e-02	-3.947634183444709288e-02	-3.151991153101001749e-03
1.135733358343102889e-09	2.503942496243723337e+00	1.156630192336413998e+01	3.196686604558381939e-01	-4.278774789143967999e-02	-1.892821123786686890e-02	1.680688222590352443e-01	2.039969167772521380e-02	-3.920469440516587134e-02	-3.122938035936536749e-03
1.189534067370320724e-09	2.491897400421376307e+00	1.150868509045521293e+01	3.197235933549867348e-01	-4.275745760474089496e-02	-1.891129052722620094e-02	1.681099744930060480e-01	2.040253563212096610e-02	-3.893453685347131321e-02	-3.094856642663453700e-03
1.245883364295008068e-09	2.479703497398037637e+00	1.145162235004294793e+01	3.197444184925438693e-01	-4.274597787631655155e-02	-1.890487869920091588e-02	1.681255747278376789e-01	2.040361372796349951e-02	-3.866604252260932156e-02	-3.067744901331960743e-03
1.304901978014401580e-09	2.467374100116634494e+00	1.139515459868274228e+01	3.197311980755518368e-01	-4.275326533540958762e-02	-1.890894893776514860e-02	1.681156712746814941e-01	2.040292920503973539e-02	-3.839937766522674711e-02	-3.041600117074457973e-03
1.366716356462010101e-09	2.454922316360788059e+00	1.133932143458779507e+01	3.196840161072361242e-01	-4.277927941095617526e-02	-1.892348021953865755e-02	1.680803259782294445e-01	2.040048707463195179e-02	-3.813470139035299994e-02	-3.016418904704447953e-03
1.431458937523481393e-09	2.442361095941585347e+00	1.128416117292984566e+01	3.196029858133161428e-01	-4.282397810656609488e-02	-1.894845492151308805e-02	1.680196198218388282e-01	2.039628967898692719e-02	-3.787216742392279095e-02	-2.992197289289069955e-03
1.499268432786047049e-09	2.429703263837683647e+00	1.122971099496962033e+01	3.194882515468602802e-01	-4.288731676776467300e-02	-1.898385809298505644e-02	1.679336543998541653e-01	2.039034142175630282e-02	-3.761192371269221624e-02	-2.968930638447706428e-03
1.570290124729377524e-09	2.416961553026059306e+00	1.117600695513070086e+01	3.193399946848944904e-01	-4.296924457488565663e-02	-1.902967544679653317e-02	1.678225564315271034e-01	2.038264541299417837e-02	-3.735411397009123086e-02	-2.946613769586881038e-03
1.644676177994662829e-09	2.404148626375488096e+00	1.112308405452909810e+01	3.191584362434183864e-01	-4.306970276932522990e-02	-1.908589230519293703e-02	1.676864798303206727e-01	2.037320545504841748e-02	-3.709887789860448482e-02	-2.925240945787002927e-03
1.722585965398783835e-09	2.391277098494672071e+00	1.107097635816642267e+01	3.189438382094996194e-01	-4.318862350431341285e-02	-1.915249288013002454e-02	1.675256068463795434e-01	2.036202669709714919e-02	-3.684635133029518644e-02	-2.904805901293057435e-03
1.804186409392068039e-09	2.378359542476496280e+00	1.101971689709626290e+01	3.186965090162253711e-01	-4.332592630810699202e-02	-1.922945819709456425e-02	1.673401523480927411e-01	2.034911494373325275e-02	-3.659666767420054201e-02	-2.885301925255370856e-03
1.889652339691211477e-09	2.365408503395928896e+00	1.096933785893861213e+01	3.184168015873345969e-01	-4.348151856858688963e-02	-1.931676625139009881e-02	1.671303625558925032e-01	2.033447586549201949e-02	-3.634995718362094702e-02	-2.866721850316419299e-03
1.979166867853557524e-09	2.352436498931693265e+00	1.091987053274154640e+01	3.181051166559435428e-01	-4.365529299980511202e-02	-1.941439045180571449e-02	1.668965177619922413e-01	2.031811810730429699e-02	-3.610634793681149340e-02	-2.849058126659592335e-03
2.072921779595369695e-09	2.339456030766481121e+00	1.087134534563323207e+01	3.177619048291594472e-01	-4.384712569931781961e-02	-1.952229837083528305e-02	1.666389341303915750e-01	2.030005025974717520e-02	-3.586596622767431602e-02	-2.832302839081672283e-03
2.171117945694509622e-09	2.326479571042058048e+00	1.082379189169948752e+01	3.173876654152156807e-01	-4.405687591370287259e-02	-1.964045142942908578e-02	1.663579630942957355e-01	2.028028310570843123e-02	-3.562893643927447784e-02	-2.816447752609604546e-03
2.273965752357932151e-09	2.313519578073799821e+00	1.077723887867939467e+01	3.169829515231727401e-01	-4.428438219475985815e-02	-1.976880252464055868e-02	1.660539954819530706e-01	2.025882910779460561e-02	-3.539538231813269681e-02	-2.801484357685928104e-03
2.381685551976160644e-09	2.300588456808902560e+00	1.073171426448392474e+01	3.165483619466862852e-01	-4.452946587994015271e-02	-1.990729775904046331e-02	1.657274557275084104e-01	2.023570250530022305e-02	-3.516542499667475036e-02	-2.787403845778648869e-03
2.494508135230316413e-09	2.287698589176800912e+00	1.068724509297740255e+01	3.160845512879889019e-01	-4.479192423544309937e-02	-2.005587231296728987e-02	1.653788098035232634e-01	2.021091928308467456e-02	-3.493918570969600096e-02	-2.774197212313098907e-03
2.612675225563326382e-09	2.274862294009566632e+00	1.064385759550675026e+01	3.155922225037126050e-01	-4.507153340102539735e-02	-2.021445182124049014e-02	1.650085599473631592e-01	2.018449824270999657e-02	-3.471678393551511088e-02	-2.761855217657655914e-03
2.736439997074666368e-09	2.262091852111445700e+00	1.060157717143748535e+01	3.150721318169784069e-01	-4.536804428077391427e-02	-2.038294973450658840e-02	1.646172486890010445e-01	2.015645999094972662e-02	-3.449833874138596990e-02	-2.750368437295358341e-03
2.866067616948244470e-09	2.249399440215198442e+00	1.056042826971698823e+01	3.145250838032883633e-01	-4.568118392873293798e-02	-2.056126776714231955e-02	1.642054554934480604e-01	2.012682807510261795e-02	-3.428396767719735921e-02	-2.739727260379416340e-03
3.001835813575592210e-09	2.236797181951932334e+00	1.052043445442211578e+01	3.139519371047634899e-01	-4.601065081089809189e-02	-2.074929283726711232e-02	1.637738013865779330e-01	2.009562858245966463e-02	-3.407378823153357078e-02	-2.729921917366995472e-03
3.144035471591500167e-09	2.224297080804996884e+00	1.048161840011686152e+01	3.133535956135591882e-01	-4.635611832262835630e-02	-2.094689867988432791e-02	1.633229426435173770e-01	2.006289040811444838e-02	-3.386791585980700875e-02	-2.720942463660848930e-03
3.292971255097148186e-09	2.211911047811608633e+00	1.044400175212332904e+01	3.127310167419694586e-01	-4.671722844943807657e-02	-2.115394181237125956e-02	1.628535773259008335e-01	2.002864547002796564e-02	-3.366646600722209698e-02	-2.712778811424085366e-03
3.448962260405766611e-09	2.199650855910166847e+00	1.040760519170033760e+01	3.120852031135213922e-01	-4.709359492677572118e-02	-2.137026289967794077e-02	1.623664393146584950e-01	1.999292888434710952e-02	-3.346955227037776148e-02	-2.705420707897137657e-03
3.612342699709437910e-09	2.187528147335960682e+00	1.037244835115690655e+01	3.114172059988210006e-01	-4.748479959609148288e-02	-2.159568420346600140e-02	1.618623011695284886e-01	1.995577894401524832e-02	-3.327728719982603334e-02	-2.698857726960488153e-03
3.783462617131932968e-09	2.175554410974217756e+00	1.033854976125780922e+01	3.107281233710600388e-01	-4.789039183794917970e-02	-2.183000876844608251e-02	1.613419729161952587e-01	1.991723770234322954e-02	-3.308978208010367184e-02	-2.693079287868536866e-03
3.962688638701478467e-09	2.163740966284296796e+00	1.030592684285128691e+01	3.100190973526600335e-01	-4.830988837029118188e-02	-2.207301980220879867e-02	1.608063003391457246e-01	1.987735044009071236e-02	-3.290714632601097339e-02	-2.688074617896214161e-03
4.150404757850472502e-09	2.152098953272628901e+00	1.027459582957230388e+01	3.092913143968759604e-01	-4.874277144106144155e-02	-2.232447910799012503e-02	1.602561653101500783e-01	1.983616580211381569e-02	-3.272948764653627052e-02	-2.683832748375396954e-03
4.347013158125017173e-09	2.140639313871459670e+00	1.024457172855153075e+01	3.085460029023165407e-01	-4.918848854291649891e-02	-2.258412638404656142e-02	1.596924841501308756e-01	1.979373682055726030e-02	-3.255691168730377727e-02	-2.680342510419856175e-03
4.552935074866938773e-09	2.129372781716555085e+00	1.021586827909525397e+01	3.077844318910956667e-01	-4.964645153147294321e-02	-2.285167816181075603e-02	1.591162067494981958e-01	1.975011950280265369e-02	-3.238952167619798400e-02	-2.677592483632251340e-03
4.768611697714474181e-09	2.118309861127749549e+00	1.018849787577785371e+01	3.070079090067072691e-01	-5.011603618594254184e-02	-2.312682699445926110e-02	1.585283151507978494e-01	1.970537446990070288e-02	-3.222741824939575478e-02	-2.675571004694361071e-03
4.994505115855140358e-09	2.107460813364195662e+00	1.016247155526088619e+01	3.062177774392707552e-01	-5.059658248279737952e-02	-2.340924105935580923e-02	1.579298212711985894e-01	1.965956550143483847e-02	-3.207069878829873349e-02	-2.674266116405976234e-03
5.231099308056257792e-09	2.096835669343381170e+00	1.013779884474513437e+01	3.054154206861726117e-01	-5.108739015216557516e-02	-2.369856098247776974e-02	1.573217705293356861e-01	1.961276077639039286e-02	-3.191945893387371919e-02	-2.673665611627221508e-03
5.478901179593956120e-09	2.086444152870153612e+00	1.011448788307688851e+01	3.046022459035301333e-01	-5.158772737880636811e-02	-2.399440440354526013e-02	1.567052292113851886e-01	1.956503230745558833e-02	-3.177378847835263947e-02	-2.673756870269796120e-03
5.738441648302404521e-09	2.076295726237201045e+00	1.009254517233052439e+01	3.037796959933003471e-01	-5.209682207143354754e-02	-2.429636029067371028e-02	1.560812935723600026e-01	1.951645538360566659e-02	-3.163377480182941875e-02	-2.674526960701976725e-03
6.010276782070388176e-09	2.066399549233735033e+00	1.007197565709837406e+01	3.029492390724114470e-01	-5.261386704789593888e-02	-2.460399146422989625e-02	1.554510817654110588e-01	1.946710959807732705e-02	-3.149950054941331318e-02	-2.675962550292335183e-03
6.294988990221888141e-09	2.056764461372300623e+00	1.005278257720916280e+01	3.021123679680656759e-01	-5.313801921895767305e-02	-2.491683360582096218e-02	1.548157333340010045e-01	1.941707778129132117e-02	-3.137104376762810815e-02	-2.678049885558466889e-03
6.593188271333541710e-09	2.047398980518527978e+00	1.003496749559462664e+01	3.012705967064863710e-01	-5.366840075866746024e-02	-2.523439546881437595e-02	1.541764063892755443e-01	1.936644640338116424e-02	-3.124847745231886659e-02	-2.680774755933599054e-03
6.905513520162316861e-09	2.038311275216225127e+00	1.001853017528671508e+01	3.004254575538882754e-01	-5.420410008404608765e-02	-2.555615901035932294e-02	1.535342751846998921e-01	1.931530514042126626e-02	-3.113186921662126558e-02	-2.684122471693921059e-03
7.232633896483518810e-09	2.029509148734995883e+00	1.000346857836302128e+01	2.995784959882899501e-01	-5.474417431691203095e-02	-2.588158045190273177e-02	1.528905260865615345e-01	1.926374752684081523e-02	-3.102128049889673819e-02	-2.688077817547487262e-03
7.575250258771920716e-09	2.021000036179100068e+00	9.989778771196236917e+00	2.987312703186528196e-01	-5.528764896786887012e-02	-2.621008971934681020e-02	1.522463570547803735e-01	1.921186863667892139e-02	-3.091676695571247274e-02	-2.692625044564836336e-03
7.934096665797492339e-09	2.012790964273011962e+00	9.977454949615772506e+00	2.978853421261316026e-01	-5.583352367166371372e-02	-2.654109358274916314e-02	1.516029701322822998e-01	1.915976744710183935e-02	-3.081837662647857884e-02	-2.697747797519555943e-03
8.309941949353386453e-09	2.004888591591461378e+00	9.966489221545343113e+00	2.970422857898992741e-01	-5.638076582638190670e-02	-2.687397152628638944e-02	1.509615784295799401e-01	1.910754523559038756e-02	-3.072615299178271114e-02	-2.703429208102527646e-03
8.703591361485183753e-09	1.997299093578511320e+00	9.956871854249815357e+00	2.962036611368066286e-01	-5.692832827359578518e-02	-2.720808627601269472e-02	1.503233850528871984e-01	1.905530453351172646e-02	-3.064012858121860708e-02	-2.709651653112846344e-03
9.115888299750837812e-09	1.990028240632369938e+00	9.948590981259355814e+00	2.953710307877972507e-01	-5.747513827874017878e-02	-2.754277697344633541e-02	1.496895960271832637e-01	1.900315083675291339e-02	-3.056033015935141067e-02	-2.716396925630213798e-03
9.547716114208065503e-09	1.983081337703451963e+00	9.941632657036784337e+00	2.945459466342399968e-01	-5.802010667909498348e-02	-2.787736466064626856e-02	1.490614097356054990e-01	1.895118930756229184e-02	-3.048677601139736931e-02	-2.723646138183478688e-03
1.000000000000000021e-08	1.976463223586959472e+00	9.935980906421990611e+00	2.937299453752768574e-01	-5.856213141616080364e-02	-2.821115445041563752e-02	1.484400132551566276e-01	1.889952816319474468e-02	-3.041947567202870836e-02	-2.731379706931206641e-03
