# Pressure Mass Radius Compactness k2 k3 h2 h3 j2 j3
9.999999999999999799e-13	1.050133871314056916e-01	4.995830609502992559e+01	3.103896255534747527e-03	-4.922564570209774226e-01	1.623346434930087942e-02	2.401166584386902180e-05	0.000000000000000000e+00	5.220749728368154208e-05	4.751600433096883527e-05
1.047370897959448749e-12	1.075187392529395464e-01	4.531848529038237672e+01	3.503313580191875967e-03	-4.912440182083408491e-01	-4.164005689853949276e-03	3.056929991078504073e-05	0.000000000000000000e+00	5.130589132820624767e-05	4.723320958206077860e-05
1.096985797892381920e-12	1.101407186942722494e-01	4.152002315629189155e+01	3.917062976888928925e-03	-4.902670847181967440e-01	-2.199264190796364205e-02	3.820633046165050931e-05	0.000000000000000000e+00	5.016095784586523310e-05	4.694986153379290854e-05
1.148951000187311009e-12	1.128784689805533703e-01	3.835793870455320587e+01	4.345363223855589971e-03	-4.892093938548679466e-01	2.305795770523163257e-01	4.700051801999914679e-05	0.000000000000000000e+00	4.869782986240951499e-05	4.665862797165968440e-05
1.203377840777590522e-12	1.157322614039867359e-01	3.568837746519906773e+01	4.788482126115272894e-03	-4.881204200817015337e-01	7.820294221702206450e-01	5.704951974663737295e-05	0.000000000000000000e+00	4.683086976017154915e-05	4.635122724370255114e-05
1.260382929679727463e-12	1.187032267352270409e-01	3.340750508877515301e+01	5.246730008752685873e-03	-4.869885946117325504e-01	-5.081082542508615907e-01	6.845913022010590094e-05	0.000000000000000000e+00	4.446313859611383806e-05	4.601799482835510754e-05
1.320088400831416649e-12	1.217931831007567633e-01	3.143855637622662158e+01	5.720455618974197576e-03	-4.858241501622800329e-01	-8.587019355435014489e+00	8.134099937843573683e-05	0.000000000000000000e+00	4.148600900030251969e-05	4.564743674314995130e-05
1.382622173764653478e-12	1.250045279366232553e-01	2.972359148388439820e+01	6.210044261991494105e-03	-4.846245310290704378e-01	-4.877045319256347877e-01	9.581239122633260392e-05	0.000000000000000000e+00	3.777886205070344082e-05	4.522588694128230175e-05
1.448118227674535917e-12	1.283401609736809779e-01	2.821808699989425762e+01	6.715915862019790003e-03	-4.833859019287797820e-01	-1.531084827111915736e+00	1.120013050478491367e-04	0.000000000000000000e+00	3.320887614555374269e-05	4.473710907738656341e-05
1.516716888470924089e-12	1.318034274308580722e-01	2.688728665432721954e+01	7.238523047178186884e-03	-4.821082835891494223e-01	-3.488218575790520415e-01	1.300410352315568049e-04	0.000000000000000000e+00	2.763088894907202200e-05	4.416198857946205836e-05
1.588565129428052692e-12	1.353980775032535555e-01	2.570367801895487503e+01	7.778349633849117664e-03	-4.807914625863212721e-01	-7.256271456915788232e-01	1.500794434693684975e-04	0.000000000000000000e+00	2.088730889961731941e-05	4.347817263866833435e-05
1.663816886076127415e-12	1.391282374362011187e-01	2.464521048501362088e+01	8.335909416244435474e-03	-4.794316709191743242e-01	-3.695932237446928337e-01	1.722681330165497856e-04	0.000000000000000000e+00	1.280806240052281521e-05	4.265978938342316278e-05
1.742633386009647278e-12	1.429983885641189223e-01	2.369401284143523156e+01	8.911745161418913388e-03	-4.780315230516259950e-01	-4.628675162948096000e-01	1.967762957087821555e-04	0.000000000000000000e+00	3.210580429824647416e-06	4.167713986362080121e-05
1.825183494319046040e-12	1.470133518608742196e-01	2.283545469893339330e+01	9.506427727449908924e-03	-4.765873370520285479e-01	-4.245960877402574773e-01	2.237793994046053498e-04	0.000000000000000000e+00	-8.100169542886757751e-06	4.049644206469240796e-05
1.911644075385703708e-12	1.511782691321009453e-01	2.205745030723022992e+01	1.012055418150769985e-02	-4.750991316603870862e-01	-4.818797062595360781e-01	2.534688857643491492e-04	0.000000000000000000e+00	-2.133161870299009205e-05	3.907958421779119908e-05
2.002200371815584363e-12	1.554985833534748008e-01	2.134993370907463728e+01	1.075474558007949791e-02	-4.735653376460954300e-01	-4.706119461970164064e-01	2.860467580211899577e-04	0.000000000000000000e+00	-3.670345655250447855e-05	3.738391623596184083e-05
2.097046401323230665e-12	1.599800287551058908e-01	2.070445682103464335e+01	1.140964584707327388e-02	-4.719846799927225334e-01	-4.560863260003412134e-01	3.217305939895263997e-04	0.000000000000000000e+00	-5.444747034299694702e-05	3.536206816248077772e-05
2.196385372416542332e-12	1.646286283748387147e-01	2.011387858270902385e+01	1.208592154334355018e-02	-4.703559312239212198e-01	-4.562222300977338829e-01	3.607525297956922796e-04	0.000000000000000000e+00	-7.480736870742014932e-05	3.296180071901215052e-05
2.300430119772921506e-12	1.694506913813461912e-01	1.957212311275939953e+01	1.278426137647382423e-02	-4.686777062419882900e-01	-4.524180953104524061e-01	4.033600304005018457e-04	0.000000000000000000e+00	-9.803856603934684930e-05	3.012589120162292286e-05
2.409403560239526876e-12	1.744528118919974891e-01	1.907398934687475389e+01	1.350537579672299489e-02	-4.669486882564555796e-01	-4.570870018509652355e-01	4.498176676261183226e-04	0.000000000000000000e+00	-1.244079333522234339e-04	2.679206101391953348e-05
2.523539170434765862e-12	1.796418690570592835e-01	1.861499987685910185e+01	1.424999665226879021e-02	-4.651675924130821427e-01	-4.520764640413477142e-01	5.004069771444457672e-04	0.000000000000000000e+00	-1.541935257005358701e-04	2.289293832112385422e-05
2.643081486974102692e-12	1.850250269714760754e-01	1.819127996553665128e+01	1.501887675472828552e-02	-4.633328957431003814e-01	-4.479188642265392040e-01	5.554287367196383742e-04	0.000000000000000000e+00	-1.876842663259200585e-04	1.835606771224395235e-05
2.768286630392061017e-12	1.906097227456337584e-01	1.779946068400547432e+01	1.581278773274926927e-02	-4.614433010797514001e-01	-4.478162496529825565e-01	6.152032583287038447e-04	0.000000000000000000e+00	-2.251795212255483926e-04	1.310397293048474942e-05
2.899422853882880921e-12	1.964036324936927758e-01	1.743660085111301683e+01	1.663251503933938988e-02	-4.594972998696306155e-01	-4.444932553273568954e-01	6.800705371917304017e-04	0.000000000000000000e+00	-2.669884388426500030e-04	7.054298721572225254e-06
3.036771118035460378e-12	2.024146586776395806e-01	1.710012123040296572e+01	1.747885607194770222e-02	-4.574935319657172372e-01	-4.419513574654203580e-01	7.503921858822220573e-04	0.000000000000000000e+00	-3.134293209536434879e-04	1.199966811417681095e-07
3.180625692794118977e-12	2.086509296753115417e-01	1.678774984419595029e+01	1.835261989863778975e-02	-4.554306185846930255e-01	-4.391914802854821609e-01	8.265516364813954965e-04	0.000000000000000000e+00	-3.648290157717396539e-04	-7.790444092433753976e-06
3.331294787934670055e-12	2.151207998855954040e-01	1.649747688295197534e+01	1.925462703140611714e-02	-4.533071536560819292e-01	-4.358056114201222520e-01	9.089553975982278067e-04	0.000000000000000000e+00	-4.215222741679108885e-04	-1.677271281298389213e-05
3.489101213406766494e-12	2.218328491851776496e-01	1.622751738439450264e+01	2.018570905150527534e-02	-4.511217677773421975e-01	-4.329920932031084968e-01	9.980342763181212357e-04	0.000000000000000000e+00	-4.838510650624985605e-04	-2.692634153050799922e-05
3.654383070957261569e-12	2.287958826167562076e-01	1.597628007482023804e+01	2.114670828477573442e-02	-4.488731205232113219e-01	-4.302113878371483513e-01	1.094244102130090702e-03	0.000000000000000000e+00	-5.521638613728556844e-04	-3.835431755230174771e-05
3.827494478516314936e-12	2.360189290030799136e-01	1.574234128891268547e+01	2.213847731641345809e-02	-4.465598534099320394e-01	-4.269536634644842121e-01	1.198066860769927576e-03	0.000000000000000000e+00	-6.268148759561046951e-04	-5.116264168731442507e-05
4.008806328898464320e-12	2.435112391657717479e-01	1.552442299735379727e+01	2.316187845095247708e-02	-4.441806622517387448e-01	-4.238409220575154457e-01	1.310012024783311193e-03	0.000000000000000000e+00	-7.081632786506175973e-04	-6.545984428773065473e-05
4.198707084443905621e-12	2.512822644865488897e-01	1.532137458989909362e+01	2.421778065996579507e-02	-4.417342676786010780e-01	-4.205381199218359844e-01	1.430616957777152082e-03	0.000000000000000000e+00	-7.965721559595603189e-04	-8.135640954530619503e-05
4.397603609302712498e-12	2.593416181917560515e-01	1.513215743835700877e+01	2.530705449286960521e-02	-4.392194258262542839e-01	-4.171747792078219219e-01	1.560447623244978592e-03	0.000000000000000000e+00	-8.924071890004683883e-04	-9.896410534019644168e-05
4.605922041145112927e-12	2.676990560235940619e-01	1.495583096899767206e+01	2.643056984651775271e-02	-4.366349637895958202e-01	-4.138031787596774813e-01	1.700099174229682602e-03	0.000000000000000000e+00	-9.960354618686875425e-04	-1.183952941832509820e-04
4.824108704165373984e-12	2.763644701782869695e-01	1.479154054288314590e+01	2.758919542991244978e-02	-4.339797472256308741e-01	-4.102839596668088618e-01	1.850196697544841682e-03	0.000000000000000000e+00	-1.107824371362323146e-03	-1.397622243544734567e-04
5.052631065335679604e-12	2.853478811598920695e-01	1.463850712466961745e+01	2.878379803015069377e-02	-4.312527096462837606e-01	-4.067311877065896697e-01	2.011396173522193506e-03	0.000000000000000000e+00	-1.228140505419036011e-03	-1.631762838826687941e-04
5.291978735958436557e-12	2.946594288759139535e-01	1.449601845256455235e+01	3.001524168040636820e-02	-4.284528455009434800e-01	-4.030412904564141252e-01	2.184384998026257709e-03	0.000000000000000000e+00	-1.357348498943661535e-03	-1.887472243591915854e-04
5.542664520663095602e-12	3.043093619305479725e-01	1.436342142796064891e+01	3.128438669716766124e-02	-4.255792177851469571e-01	-3.992929913279229526e-01	2.369882836826456892e-03	0.000000000000000000e+00	-1.495809868203536695e-03	-2.165823608287358894e-04
5.805225516094907684e-12	3.143080255960412628e-01	1.424011555658421990e+01	3.259208857902386181e-02	-4.226309602073392013e-01	-3.954451987364124843e-01	2.568642045241083770e-03	0.000000000000000000e+00	-1.643881808870920579e-03	-2.467857422441597603e-04
6.080224261649427052e-12	3.246658490217461668e-01	1.412554724688225605e+01	3.393919689402068174e-02	-4.196072821233097772e-01	-3.915160396545634969e-01	2.781448313479666003e-03	0.000000000000000000e+00	-1.801916006679048351e-03	-2.794573203166582256e-04
6.368249944718585906e-12	3.353933241337584970e-01	1.401920490231155725e+01	3.532655320288964618e-02	-4.165074770847673191e-01	-3.875046927452996393e-01	3.009120884832700276e-03	0.000000000000000000e+00	-1.970257310021597801e-03	-3.146920781858216290e-04
6.669919663030115058e-12	3.465009423078435624e-01	1.392061483611935913e+01	3.675498397416484403e-02	-4.133309348604082278e-01	-3.833987593699301755e-01	3.252511849467551452e-03	0.000000000000000000e+00	-2.149241722025602586e-03	-3.525790105850364281e-04
6.985879746785234820e-12	3.579991362080443551e-01	1.382933740916814003e+01	3.822529459260717161e-02	-4.100771613855200282e-01	-3.792114390394298873e-01	3.512505378216423425e-03	0.000000000000000000e+00	-2.339194402981643450e-03	-3.932001113968844634e-04
7.316807143427207274e-12	3.698982473019551964e-01	1.374496333284409566e+01	3.973826694979639557e-02	-4.067457823318152421e-01	-3.749395078137326975e-01	3.790017195179734913e-03	0.000000000000000000e+00	-2.540428025444874897e-03	-4.366294309428622972e-04
7.663410868007462274e-12	3.822085022723707426e-01	1.366711047312216465e+01	4.129465802206176706e-02	-4.033365462249304811e-01	-3.705821940061747033e-01	4.085994147820916009e-03	0.000000000000000000e+00	-2.753241300064841919e-03	-4.829321938912892989e-04
8.026433522257174683e-12	3.949399830927079469e-01	1.359542103154242554e+01	4.289519798117340244e-02	-3.998493307878638880e-01	-3.661408637654426368e-01	4.401413509806581352e-03	0.000000000000000000e+00	-2.977917437119291782e-03	-5.321639268773261863e-04
8.406652885618316356e-12	4.081025972393032553e-01	1.352955914564705431e+01	4.454058822025741549e-02	-3.962841455531029289e-01	-3.616191193531212433e-01	4.737282077181722596e-03	0.000000000000000000e+00	-3.214722631355636327e-03	-5.843696200333720319e-04
8.804883581643446547e-12	4.217060444473135772e-01	1.346920874241729926e+01	4.623149924284052081e-02	-3.926411371061072630e-01	-3.570158450374485981e-01	5.094635017893560033e-03	0.000000000000000000e+00	-3.463904555341745968e-03	-6.395829371118481660e-04
9.221978823334340144e-12	4.357597813836191492e-01	1.341407165391172640e+01	4.796856842162635498e-02	-3.889205936958243237e-01	-3.523331204823269003e-01	5.474534536125764961e-03	0.000000000000000000e+00	-3.725690844823423709e-03	-6.978254548492986414e-04
9.658832241158709141e-12	4.502729838195002610e-01	1.336386599960681032e+01	4.975239742757719963e-02	-3.851229494123392105e-01	-3.475727783081987710e-01	5.878068189105397322e-03	0.000000000000000000e+00	-4.000287594895561571e-03	-7.591059725051823312e-04
1.011637979766206976e-11	4.652545076108801636e-01	1.331832466623729871e+01	5.158354996490706335e-02	-3.812487884910550906e-01	-3.427376368524127637e-01	6.306347042884045614e-03	0.000000000000000000e+00	-4.287877908171536939e-03	-8.234198712982371575e-04
1.059560179277614774e-11	4.807128482371803013e-01	1.327719402325046083e+01	5.346254922562714701e-02	-3.772988489015444702e-01	-3.378290901867395113e-01	6.760503502424346223e-03	0.000000000000000000e+00	-4.588620469949415172e-03	-8.907485605924711156e-04
1.109752496412069864e-11	4.966560989832410900e-01	1.324023276125164550e+01	5.538987538077038558e-02	-3.732740258665180333e-01	-3.328496823947387773e-01	7.241688894615324994e-03	0.000000000000000000e+00	-4.902648160460142471e-03	-9.610589897313754010e-04
1.162322468679854125e-11	5.130919060872665138e-01	1.320721083961177023e+01	5.736596292231296162e-02	-3.691753753485064182e-01	-3.278024554739125129e-01	7.751070740650334995e-03	0.000000000000000000e+00	-5.230066714769942247e-03	-1.034303248568052081e-03
1.217382727739662020e-11	5.300274201816915776e-01	1.317790856621905782e+01	5.939119761979748391e-02	-3.650041174744825256e-01	-3.226900732695771046e-01	8.289829609959935286e-03	0.000000000000000000e+00	-5.570953340250151854e-03	-1.110418231337860929e-03
1.275051240713012859e-11	5.474692469362745229e-01	1.315211574613499046e+01	6.146591362017170268e-02	-3.607616396019370786e-01	-3.175156913111800150e-01	8.859155730029849574e-03	0.000000000000000000e+00	-5.925355447927685600e-03	-1.189325412830503697e-03
1.335451562929897339e-11	5.654233966183690452e-01	1.312963093655937286e+01	6.359039045236221377e-02	-3.564494986962858381e-01	-3.122825565444680707e-01	9.460245232522632164e-03	0.000000000000000000e+00	-6.293289426290783577e-03	-1.270930722101590738e-03
1.398713102647241439e-11	5.838952306762081879e-01	1.311026074848638423e+01	6.576484994401661510e-02	-3.520694235082729162e-01	-3.069942178574897595e-01	1.009429606482343915e-02	0.000000000000000000e+00	-6.674739438125019617e-03	-1.355124501244577397e-03
1.464971398307287854e-11	6.028894086718535883e-01	1.309381924672939768e+01	6.798945314008783547e-02	-3.476233160441591363e-01	-3.016543524081491956e-01	1.076250355695881726e-02	0.000000000000000000e+00	-7.069656334033659791e-03	-1.441781590172943120e-03
1.534368408930013065e-11	6.224098320439185317e-01	1.308012737221178767e+01	7.026429715151152888e-02	-3.431132528017094563e-01	-2.962669635542071189e-01	1.146605565158070189e-02	0.000000000000000000e+00	-7.477956591090777032e-03	-1.530761503502166016e-03
1.607052818261638620e-11	6.424595883480695990e-01	1.306901244369037052e+01	7.258941202955900007e-02	-3.385414850373708040e-01	-2.908360525047543055e-01	1.220612778720619324e-02	0.000000000000000000e+00	-7.899521393312633824e-03	-1.621908740910069004e-03
1.683180353330955093e-11	6.630408904770761502e-01	1.306030770855077350e+01	7.496475714530824452e-02	-3.339104395675943637e-01	-2.853659667281872592e-01	1.298387730377181283e-02	0.000000000000000000e+00	-8.334195598897737797e-03	-1.715053149375324630e-03
1.762914118095944293e-11	6.841550194691123910e-01	1.305385190218587255e+01	7.739021824391251192e-02	-3.292227175503469327e-01	-2.798611419100963671e-01	1.380043770924401815e-02	0.000000000000000000e+00	-8.781787086897634154e-03	-1.810010489388712198e-03
1.846424942895546448e-11	7.058022616094919988e-01	1.304948887937620761e+01	7.986560374297786702e-02	-3.244810939573171682e-01	-2.743261847759718708e-01	1.465691237782722547e-02	0.000000000000000000e+00	-9.242065869290770272e-03	-1.906583007450216331e-03
1.933891750455232057e-11	7.279818536923348127e-01	1.304706727459498694e+01	8.239064203363538619e-02	-3.196885146054992966e-01	-2.687658814168051302e-01	1.555436826510184223e-02	0.000000000000000000e+00	-9.714763668463794258e-03	-2.004560238557533385e-03
2.025501939230666486e-11	7.506919232849990076e-01	1.304644017228252473e+01	8.496497839094074855e-02	-3.148480931540627581e-01	-2.631851434594381645e-01	1.649382919872524264e-02	0.000000000000000000e+00	-1.019957338932816517e-02	-2.103719830357821553e-03
2.121451784910627571e-11	7.739294319577723069e-01	1.304746485031335901e+01	8.758817196277515760e-02	-3.099631073693215333e-01	-2.575890146788328283e-01	1.747626892009438923e-02	0.000000000000000000e+00	-1.069614879035761523e-02	-2.203828517140774337e-03
2.221946860939528424e-11	7.976901220237540002e-01	1.305000252666864569e+01	9.025969328420467563e-02	-3.050369937445330804e-01	-2.519826408584771582e-01	1.850260406635801866e-02	0.000000000000000000e+00	-1.120410438501965623e-02	-2.304643209442606804e-03
2.327202478960412005e-11	8.219684611507945826e-01	1.305391812723737210e+01	9.297892154593613567e-02	-3.000733420035956445e-01	-2.463712774209856349e-01	1.957368684678018056e-02	0.000000000000000000e+00	-1.172301535534014949e-02	-2.405912148348488509e-03
2.437444150122221807e-11	8.467575914806586557e-01	1.305908009316784479e+01	9.574514219949738225e-02	-2.950758883808752842e-01	-2.407602511018446800e-01	2.069029765407218169e-02	0.000000000000000000e+00	-1.225241771098196757e-02	-2.507376176510999789e-03
2.552908068239516723e-11	8.720492788675492379e-01	1.306536020625272343e+01	9.855754450148432322e-02	-2.900485084665816449e-01	-2.351549652040009764e-01	2.185313749526057031e-02	0.000000000000000000e+00	-1.279180852510607841e-02	-2.608770071429997606e-03
2.673841615839943880e-11	8.978338724637652257e-01	1.307263345287212886e+01	1.014152199583553543e-01	-2.849952079414052042e-01	-2.295608549045108915e-01	2.306282067651839462e-02	0.000000000000000000e+00	-1.334064651161023275e-02	-2.709823997273081916e-03
2.800503894183625342e-11	9.241003086627262997e-01	1.308077787840537454e+01	1.043171658220604647e-01	-2.799201040952594144e-01	-2.239833793198121314e-01	2.431986965568965972e-02	0.000000000000000000e+00	-1.389835368304463345e-02	-2.810265130636106258e-03
2.933166278390048099e-11	9.508361334830578437e-01	1.308967466105844757e+01	1.072622888151024689e-01	-2.748274071955127407e-01	-2.184279875471415722e-01	2.562471028164428968e-02	0.000000000000000000e+00	-1.446431742138552454e-02	-2.909819478064784061e-03
3.072112998861759207e-11	9.780274842644858246e-01	1.309920801665419177e+01	1.102494053206397318e-01	-2.697214081516322581e-01	-2.129000900263970375e-01	2.697766575094518587e-02	0.000000000000000000e+00	-1.503789182027365223e-02	-3.008213399254997585e-03
3.217641750250735458e-11	1.005659066179976913e+00	1.310926516254514596e+01	1.132772403286900625e-01	-2.646064681901668658e-01	-2.074050566417305341e-01	2.837895013996280871e-02	0.000000000000000000e+00	-1.561839895692175746e-02	-3.105175202310325559e-03
3.370064329271925032e-11	1.033714134261766171e+00	1.311973628193595687e+01	1.163444267611373484e-01	-2.594870077104642903e-01	-2.019481848528671408e-01	2.982866223339455253e-02	0.000000000000000000e+00	-1.620513033090363250e-02	-3.200436713969825181e-03
3.529707302730657668e-11	1.062174480273105903e+00	1.313051450330817538e+01	1.194495049497540096e-01	-2.543674947901761185e-01	-1.965346866688246485e-01	3.132677960165280301e-02	0.000000000000000000e+00	-1.679734842634904649e-02	-3.293734838986606302e-03
3.696912707195032437e-11	1.091020428014102039e+00	1.314149580930947714e+01	1.225909234296443523e-01	-2.492524315126845580e-01	-1.911696743856841352e-01	3.287315354839686482e-02	0.000000000000000000e+00	-1.739428867604745493e-02	-3.384813136272188383e-03
3.872038781812557004e-11	1.120230828177353199e+00	1.315257908415757271e+01	1.257670381497436318e-01	-2.441463429643175587e-01	-1.858581360258224069e-01	3.446750357784605923e-02	0.000000000000000000e+00	-1.799516105526018442e-02	-3.473423263369284503e-03
4.055460735840827506e-11	1.149783066794254571e+00	1.316366601986477924e+01	1.289761141801235578e-01	-2.390537623155017388e-01	-1.806049238551120650e-01	3.610941342079773686e-02	0.000000000000000000e+00	-1.859915247629445254e-02	-3.559326498507277368e-03
4.247571552536894126e-11	1.179653076099629772e+00	1.317466114196437310e+01	1.322163262615859147e-01	-2.339792180413197975e-01	-1.754147335514433526e-01	3.779832688911632238e-02	0.000000000000000000e+00	-1.920542887732741219e-02	-3.642295109002689942e-03
4.448782831127576069e-11	1.209815383136159772e+00	1.318547181616937536e+01	1.354857633703331898e-01	-2.289272152488266987e-01	-1.702920866504470943e-01	3.953354628597283843e-02	0.000000000000000000e+00	-1.981313822380176976e-02	-3.722113760249980141e-03
4.659525668664686662e-11	1.240243189130189716e+00	1.319600830867992869e+01	1.387824357538061659e-01	-2.239022140584521481e-01	-1.652413057210206371e-01	4.131423281433173333e-02	0.000000000000000000e+00	-2.042141408903129160e-02	-3.798580876317222531e-03
4.880251583654433574e-11	1.270908436786731377e+00	1.320618385323193777e+01	1.421042800377659288e-01	-2.189086120357729148e-01	-1.602664981135140387e-01	4.313940672727394066e-02	0.000000000000000000e+00	-2.102937898416621862e-02	-3.871509829906617361e-03
5.111433483440165318e-11	1.301781851887244379e+00	1.321591467199498382e+01	1.454491614607474892e-01	-2.139507318100007938e-01	-1.553715443712812283e-01	4.500794656719588061e-02	0.000000000000000000e+00	-2.163614707490497599e-02	-3.940729918418304535e-03
5.353566677410718816e-11	1.332832994799955539e+00	1.322512002157910516e+01	1.488148765060230139e-01	-2.090328087545972602e-01	-1.505600889791639529e-01	4.691858918929459749e-02	0.000000000000000000e+00	-2.224082697084800789e-02	-4.006087198851856178e-03
5.607169938205469661e-11	1.364030320195729562e+00	1.323372219359598922e+01	1.521991565072680352e-01	-2.041589779926303305e-01	-1.458355299005600347e-01	4.886993093702431123e-02	0.000000000000000000e+00	-2.284252474913173181e-02	-4.067445252951659013e-03
5.872786613189488850e-11	1.395341241679286748e+00	1.324164654958191356e+01	1.555996710046735343e-01	-1.993332626254502304e-01	-1.412010114119685578e-01	5.086042931031298925e-02	0.000000000000000000e+00	-2.344034688231391023e-02	-4.124685746046988406e-03
6.150985788580503926e-11	1.426732201554161916e+00	1.324882152686069148e+01	1.590140315843698582e-01	-1.945595621523787400e-01	-1.366594175841455150e-01	5.288840554596654225e-02	0.000000000000000000e+00	-2.403340323860037042e-02	-4.177708896986867190e-03
6.442363508721370414e-11	1.458168748434855111e+00	1.325517867968996200e+01	1.624397957754516730e-01	-1.898416417577780957e-01	-1.322133674313595020e-01	5.495204787395432250e-02	0.000000000000000000e+00	-2.462081005321047761e-02	-4.226433774020918466e-03
6.747544053110686101e-11	1.489615619147893089e+00	1.326065267209816945e+01	1.658744716028784927e-01	-1.851831216794729840e-01	-1.278652109809543802e-01	5.704941580561057740e-02	0.000000000000000000e+00	-2.520169297573023395e-02	-4.270798464367318165e-03
7.067181273927477085e-11	1.521036871776485055e+00	1.326518132452369869e+01	1.693155268095314359e-01	-1.805874614529926758e-01	-1.236170215828732849e-01	5.917844797454934608e-02	0.000000000000000000e+00	-2.577519093759814833e-02	-4.310760167423810345e-03
7.401959996915652408e-11	1.552396061511871039e+00	1.326870572703953322e+01	1.727604015652364766e-01	-1.760579412459241100e-01	-1.194705865068064754e-01	6.133697301193109103e-02	0.000000000000000000e+00	-2.634046051300993271e-02	-4.346295153888039484e-03
7.752597488629464062e-11	1.583656373589356736e+00	1.327117030607389658e+01	1.762065165289144197e-01	-1.715976512210275473e-01	-1.154274060719326644e-01	6.352271840361088662e-02	0.000000000000000000e+00	-2.689667944519679929e-02	-4.377398508486528284e-03
8.119844993184008328e-11	1.614780736818312246e+00	1.327252286395513181e+01	1.796512787433120206e-01	-1.672094850933776855e-01	-1.114886971244945235e-01	6.573331861895362338e-02	0.000000000000000000e+00	-2.744304974051088586e-02	-4.404083723245610579e-03
8.504489341802668113e-11	1.645731923428203958e+00	1.327271460579607876e+01	1.830920858817040586e-01	-1.628961369074109489e-01	-1.076554000818888968e-01	6.796632268745332606e-02	0.000000000000000000e+00	-2.797879990732921041e-02	-4.426382041650980814e-03
8.907354638610458163e-11	1.676472664925550804e+00	1.327170015674099446e+01	1.865263321618620962e-01	-1.586600967120805616e-01	-1.039281850100431254e-01	7.021920327815318885e-02	0.000000000000000000e+00	-2.850318775798639515e-02	-4.444341815271834507e-03
9.329304026284695888e-11	1.706965762693779531e+00	1.326943754606875459e+01	1.899514139467110840e-01	-1.545036477255203045e-01	-1.003074596150124315e-01	7.248936599859014118e-02	0.000000000000000000e+00	-2.901550278785172687e-02	-4.458027686820568124e-03
9.771241535346501225e-11	1.737174197548756238e+00	1.326588823389839256e+01	1.933647344903186571e-01	-1.504288655480515990e-01	-9.679337886314630379e-02	7.477415847920373948e-02	0.000000000000000000e+00	-2.951506820936958611e-02	-4.467519681426093160e-03
1.023411402105452712e-10	1.767061241756990642e+00	1.326101707208798963e+01	1.967637097841660465e-01	-1.464376169889025914e-01	-9.338585466372752164e-02	7.707088047821061827e-02	0.000000000000000000e+00	-3.000124311582800379e-02	-4.472912235102965636e-03
1.071891319205126445e-10	1.796590583276725273e+00	1.325479230159048250e+01	2.001457752025040115e-01	-1.425315589577133002e-01	-9.008456539451521750e-02	7.937679479555753703e-02	0.000000000000000000e+00	-3.047342453295043968e-02	-4.474313155126023733e-03
1.122667773510811312e-10	1.825726483543427259e+00	1.324718557679738495e+01	2.035083954430543240e-01	-1.387121346652531173e-01	-8.688896337360355049e-02	8.168914069287855351e-02	0.000000000000000000e+00	-3.093104964361497941e-02	-4.471842489188365341e-03
1.175849554052158201e-10	1.854433945651719817e+00	1.323817195314263451e+01	2.068490761837238623e-01	-1.349805692568709081e-01	-8.379828190462761117e-02	8.400514878520275175e-02	0.000000000000000000e+00	-3.137359849890025004e-02	-4.465631417330888017e-03
1.231550603292826197e-10	1.882678822865370805e+00	1.322772990325027997e+01	2.101653687180076724e-01	-1.313378745358197153e-01	-8.081154983154893723e-02	8.632205125973811677e-02	0.000000000000000000e+00	-3.180059507075069791e-02	-4.455821015612865602e-03
1.289890261253308184e-10	1.910427918109566026e+00	1.321584130082248976e+01	2.134548741677255446e-01	-1.277848547221578923e-01	-7.792760666938514102e-02	8.863709174963714521e-02	0.000000000000000000e+00	-3.221160799954805865e-02	-4.442561000850115370e-03
1.350993521198024986e-10	1.937649085424645756e+00	1.320249136617845309e+01	2.167152486897643837e-01	-1.243221116428141343e-01	-7.514511669389549453e-02	9.094753580552535077e-02	0.000000000000000000e+00	-3.260625148231631465e-02	-4.426008505779356270e-03
1.414991297434578731e-10	1.964311325041300682e+00	1.318766860275914610e+01	2.199442083606878429e-01	-1.209500507823745019e-01	-7.246258336964715718e-02	9.325068100902592083e-02	0.000000000000000000e+00	-3.298418591128202126e-02	-4.406326865237442797e-03
1.482020705798860072e-10	1.990384860183087357e+00	1.317136478449196524e+01	2.231395314361949433e-01	-1.176688904365897764e-01	-6.987836567478999950e-02	9.554386501229010509e-02	0.000000000000000000e+00	-3.334511750141428560e-02	-4.383684345638980649e-03
1.552225357427047968e-10	2.015841223124925641e+00	1.315357486199503612e+01	2.262990632667743474e-01	-1.144786683077777950e-01	-6.739069181408346987e-02	9.782447520926412787e-02	0.000000000000000000e+00	-3.368879862644029444e-02	-4.358252989819969003e-03
1.625755666443793407e-10	2.040653333862408658e+00	1.313429689363031905e+01	2.294207203342204238e-01	-1.113792492886556545e-01	-6.499767328666321287e-02	1.000899575084843174e-01	0.000000000000000000e+00	-3.401502766778009140e-02	-4.330207483922584276e-03
1.702769172225897821e-10	2.064795590256133018e+00	1.311353198343219084e+01	2.325024958266063424e-01	-1.083703319331946052e-01	-6.269731738988658376e-02	1.023378259168423593e-01	0.000000000000000000e+00	-3.432364862507909786e-02	-4.299723992013347422e-03
1.783430876931905687e-10	2.088243955822198128e+00	1.309128422507539291e+01	2.355424652371019278e-01	-1.054514551756635249e-01	-6.048753932013407192e-02	1.045656718273603458e-01	0.000000000000000000e+00	-3.461455105749046413e-02	-4.266979149848086801e-03
1.867913599020784805e-10	2.110976009819018007e+00	1.306756060681749965e+01	2.385387888307562987e-01	-1.026220081927319561e-01	-5.836617612810701683e-02	1.067711706514310188e-01	0.000000000000000000e+00	-3.488766900581467129e-02	-4.232149038747409948e-03
1.956398343517064725e-10	2.132970994872159576e+00	1.304237096105173599e+01	2.414897134641426635e-01	-9.988124072066249803e-02	-5.633100026261756571e-02	1.089520875428323654e-01	0.000000000000000000e+00	-3.514297993065500225e-02	-4.195408280891469235e-03
2.049074689815846066e-10	2.154209854701005344e+00	1.301572784393258253e+01	2.443935749977448058e-01	-9.722827259848683401e-02	-5.437973187562110400e-02	1.111062831138840828e-01	0.000000000000000000e+00	-3.538050357524039763e-02	-4.156929192461027329e-03
2.146141197858401440e-10	2.174675256751982477e+00	1.298764645938680573e+01	2.472487986624929412e-01	-9.466210491833002005e-02	-5.251005164910074741e-02	1.132317171816584755e-01	0.000000000000000000e+00	-3.560030016919327883e-02	-4.116880978408763575e-03
2.247805833548729991e-10	2.194351620281377535e+00	1.295814456205077647e+01	2.500539008903120974e-01	-9.218162946644024858e-02	-5.071961167386986741e-02	1.153264531354147582e-01	0.000000000000000000e+00	-3.580246916936557361e-02	-4.075429067805839273e-03
2.354286414322420067e-10	2.213225125464451271e+00	1.292724233488705465e+01	2.528074899602948955e-01	-8.978563886858446919e-02	-4.900604620993836980e-02	1.173886609690439342e-01	0.000000000000000000e+00	-3.598714738873726171e-02	-4.032734469243065903e-03
2.465811075822603842e-10	2.231283726870500583e+00	1.289496230494125761e+01	2.555082668941821011e-01	-8.747283608454872739e-02	-4.736698138763853483e-02	1.194166200466956623e-01	0.000000000000000000e+00	-3.615450719583673811e-02	-3.988953216379070854e-03
2.582618760682674929e-10	2.248517165580294019e+00	1.286132921457461720e+01	2.581550275481557244e-01	-8.524184247093610778e-02	-4.580004329945999014e-02	1.214087223327711823e-01	0.000000000000000000e+00	-3.630475484702382072e-02	-3.944235885034608029e-03
2.704959730463131364e-10	2.264916960005519453e+00	1.282636993813270543e+01	2.607466618596120389e-01	-8.309120783491441564e-02	-4.430286698953207064e-02	1.233634730618907438e-01	0.000000000000000000e+00	-3.643812830721611384e-02	-3.898727188437383587e-03
2.833096101839318258e-10	2.280476399356063499e+00	1.279011336124737142e+01	2.632821545924586282e-01	-8.101941868876601227e-02	-4.287310363451023870e-02	1.252794921211544676e-01	0.000000000000000000e+00	-3.655489553711375322e-02	-3.852565672239901401e-03
2.967302408188872501e-10	2.295190511960337076e+00	1.275259027916252741e+01	2.657605832594324702e-01	-7.902490828880952278e-02	-4.150842848047379963e-02	1.271555129091490322e-01	0.000000000000000000e+00	-3.665535191833953904e-02	-3.805883421651063813e-03
3.107866187782014063e-10	2.309056044007800068e+00	1.271383326986272166e+01	2.681811181881741390e-01	-7.710606431216660006e-02	-4.020654666962981960e-02	1.289903824400818466e-01	0.000000000000000000e+00	-3.673981845548379005e-02	-3.758805901039101883e-03
3.255088599835056406e-10	2.322071424898361158e+00	1.267387661582014857e+01	2.705430204438390995e-01	-7.526123768595968655e-02	-3.896519943975450956e-02	1.307830594831905224e-01	0.000000000000000000e+00	-3.680863935075381899e-02	-3.711451799888020563e-03
3.409285069746807543e-10	2.334236727601934458e+00	1.263275615057923318e+01	2.728456411366851908e-01	-7.348874970932565975e-02	-3.778216877183260963e-02	1.325326134339590012e-01	0.000000000000000000e+00	-3.686218002495483814e-02	-3.663932972578411423e-03
3.570785964900469852e-10	2.345553616750937209e+00	1.259050918447803191e+01	2.750884179992230671e-01	-7.178690069444869370e-02	-3.665528270229857083e-02	1.342382208250503250e-01	0.000000000000000000e+00	-3.690082477397074040e-02	-3.616354430643801878e-03
3.739937302478801677e-10	2.356025285429455884e+00	1.254717439814980118e+01	2.772708716219951519e-01	-7.015397816444239598e-02	-3.558241997923700106e-02	1.358991613148028132e-01	0.000000000000000000e+00	-3.692497448961946926e-02	-3.568814390453234429e-03
3.917101490809260641e-10	2.365656394675891949e+00	1.250279171053653648e+01	2.793926028621879776e-01	-6.858826350704176622e-02	-3.456151340081349554e-02	1.375148143412939783e-01	0.000000000000000000e+00	-3.693504446238462385e-02	-3.521404344097941227e-03
4.102658105827190344e-10	2.374453025066859180e+00	1.245740217748176981e+01	2.814532913033534478e-01	-6.708803728794171528e-02	-3.359055202868337087e-02	1.390846563855489826e-01	0.000000000000000000e+00	-3.693146255791827925e-02	-3.474209176530279782e-03
4.297004704320835313e-10	2.382422612909345538e+00	1.241104787023807354e+01	2.834526926219651521e-01	-6.565158485150554557e-02	-3.266758339401842209e-02	1.406082572422414634e-01	0.000000000000000000e+00	-3.691466704064863547e-02	-3.427307286963474781e-03
4.500557675700488183e-10	2.389573892349695416e+00	1.236377176741325812e+01	2.853906366034487108e-01	-6.427720093176007843e-02	-3.179071489166680059e-02	1.420852766524077215e-01	0.000000000000000000e+00	-3.688510472816792368e-02	-3.380770749001495330e-03
4.713753134116729086e-10	2.395916838786992908e+00	1.231561765916584683e+01	2.872670252605017405e-01	-6.296319372272786430e-02	-3.095811468649924819e-02	1.435154609091271183e-01	0.000000000000000000e+00	-3.684322932824819763e-02	-3.334665519872504098e-03
4.937047852839003559e-10	2.401462593730954165e+00	1.226663001729697378e+01	2.890818297224826972e-01	-6.170788935311299211e-02	-3.016801276634701115e-02	1.448986384474887923e-01	0.000000000000000000e+00	-3.678949944322771476e-02	-3.289051624649717235e-03
5.170920242896755486e-10	2.406223401648049709e+00	1.221685398145341139e+01	2.908350859890651563e-01	-6.050963665554285470e-02	-2.941870206353604938e-02	1.462347145149469063e-01	0.000000000000000000e+00	-3.672437726829187038e-02	-3.243983476245012373e-03
5.415871378079465267e-10	2.410212515637669917e+00	1.216633521356537173e+01	2.925268900969860697e-01	-5.936681183083082625e-02	-2.870853941515386781e-02	1.475236653656734620e-01	0.000000000000000000e+00	-3.664832646577484421e-02	-3.199510084039597357e-03
5.672426068491988835e-10	2.413444140970569141e+00	1.211511981900844859e+01	2.941573963854556273e-01	-5.827782056698400937e-02	-2.803594486944828434e-02	1.487655348105424158e-01	0.000000000000000000e+00	-3.656181108084716191e-02	-3.155675344000556486e-03
5.941133984965039838e-10	2.415933362074932589e+00	1.206325423033317179e+01	2.957268147555993654e-01	-5.724110050572744912e-02	-2.739940119336806493e-02	1.499604300129488976e-01	0.000000000000000000e+00	-3.646529393188346901e-02	-3.112518258208915936e-03
6.222570836730231313e-10	2.417696082046261630e+00	1.201078512007478416e+01	2.972354088362137436e-01	-5.625512278487435763e-02	-2.679745280225140011e-02	1.511085180043094389e-01	0.000000000000000000e+00	-3.635923544891851017e-02	-3.070073194834401636e-03
6.517339604882420571e-10	2.418748961277312315e+00	1.195775930514047758e+01	2.986834943176325807e-01	-5.531839319884509359e-02	-2.622870447154555112e-02	1.522100223708780786e-01	0.000000000000000000e+00	-3.624409272662804105e-02	-3.028370166327658090e-03
6.826071834272379248e-10	2.419109345704162806e+00	1.190422367325493624e+01	3.000714354998554878e-01	-5.442945424944795052e-02	-2.569182060999480877e-02	1.532652186398682503e-01	0.000000000000000000e+00	-3.612031806902910730e-02	-2.987435049146855079e-03
7.149428986597561750e-10	2.418795190936129824e+00	1.185022515792591058e+01	3.013996400694941014e-01	-5.358688802069811602e-02	-2.518552503911053800e-02	1.542744283927814097e-01	0.000000000000000000e+00	-3.598835836131746707e-02	-2.947289951874107819e-03
7.488103857590030225e-10	2.417824987752766219e+00	1.179581073493021570e+01	3.026685533732620947e-01	-5.278931904214841098e-02	-2.470860077160531160e-02	1.552380130852949458e-01	0.000000000000000000e+00	-3.584865420392219226e-02	-2.907953530634037592e-03
7.842822061337681836e-10	2.416217685512183522e+00	1.174102729329571027e+01	3.038786555137060752e-01	-5.203541509575020790e-02	-2.425988858245553548e-02	1.561563701075374955e-01	0.000000000000000000e+00	-3.570163884385028907e-02	-2.869441206529600632e-03
8.214343584919422200e-10	2.413992631345728501e+00	1.168592152763082836e+01	3.050304598625802055e-01	-5.132388697043848563e-02	-2.383828501577311618e-02	1.570299300180455215e-01	0.000000000000000000e+00	-3.554773749722284215e-02	-2.831765391308750570e-03
8.603464416684491388e-10	2.411169525358235699e+00	1.163053991968884837e+01	3.061245112457663953e-01	-5.065348829890516102e-02	-2.344274050693177791e-02	1.578591536282871743e-01	0.000000000000000000e+00	-3.538736688300390953e-02	-2.794935727746245772e-03
9.011018251665036851e-10	2.407768356183511926e+00	1.157492858897030708e+01	3.071613850115279543e-01	-5.002301474389862085e-02	-2.307225720056184023e-02	1.586445298589222730e-01	0.000000000000000000e+00	-3.522093459150388989e-02	-2.758959273417395126e-03
9.437878277775391497e-10	2.403809357050115558e+00	1.151913326503702883e+01	3.081416854714882358e-01	-4.943130348284821562e-02	-2.272588701757560087e-02	1.593865732253147982e-01	0.000000000000000000e+00	-3.504883875453791708e-02	-2.723840716003439206e-03
9.884959046625586031e-10	2.399312951116102433e+00	1.146319930525755204e+01	3.090660416368974928e-01	-4.887723422156607656e-02	-2.240273068709531037e-02	1.600858193836446619e-01	0.000000000000000000e+00	-3.487146782554023661e-02	-2.689582636867678643e-03
1.035321843295661502e-09	2.394299694063774631e+00	1.140717165984614923e+01	3.099351038271074832e-01	-4.835972955265909617e-02	-2.210193645314152341e-02	1.607428214507375663e-01	0.000000000000000000e+00	-3.468920032717589391e-02	-2.656185737514600749e-03
1.084365968689608688e-09	2.388790218604247340e+00	1.135109474953751096e+01	3.107495427586877135e-01	-4.787775375588121385e-02	-2.182269794212023106e-02	1.613581483086569957e-01	0.000000000000000000e+00	-3.450240440351271670e-02	-2.623648973323148333e-03
1.135733358343102889e-09	2.382805208629156457e+00	1.129501249976802768e+01	3.115100481366983032e-01	-4.743031186400786109e-02	-2.156425226557749653e-02	1.619323826354683582e-01	0.000000000000000000e+00	-3.431143802085752370e-02	-2.591969773602849272e-03
1.189534067370320724e-09	2.376365335140409485e+00	1.123896816656806585e+01	3.122173278646359074e-01	-4.701644833746684848e-02	-2.132587797133520327e-02	1.624661195043420603e-01	0.000000000000000000e+00	-3.411664826126739603e-02	-2.561144111695703909e-03
1.245883364295008068e-09	2.369491237257048688e+00	1.118300434450599035e+01	3.128721080602450688e-01	-4.663524525858517289e-02	-2.110689279487424838e-02	1.629599656873788049e-01	0.000000000000000000e+00	-3.391837179917926715e-02	-2.531166701140883258e-03
1.304901978014401580e-09	2.362203480776063014e+00	1.112716295526103671e+01	3.134751305319948278e-01	-4.628582199846872219e-02	-2.090665232960784922e-02	1.634145371377518641e-01	0.000000000000000000e+00	-3.371693470261357545e-02	-2.502031129884211506e-03
1.366716356462010101e-09	2.354522528698692607e+00	1.107148530887566729e+01	3.140271496120883854e-01	-4.596733522247364173e-02	-2.072454895066339065e-02	1.638304560819971445e-01	0.000000000000000000e+00	-3.351265298409580873e-02	-2.473730076972169463e-03
1.431458937523481393e-09	2.346468695736748877e+00	1.101601209606889498e+01	3.145289285913920319e-01	-4.567897909548509355e-02	-2.056001090954813482e-02	1.642083479035374993e-01	0.000000000000000000e+00	-3.330583249542210661e-02	-2.446255461126936159e-03
1.499268432786047049e-09	2.338062119324026522e+00	1.096078332997528015e+01	3.149812396229997868e-01	-4.541998348539683789e-02	-2.041250034525551871e-02	1.645488407236102568e-01	0.000000000000000000e+00	-3.309676898839285231e-02	-2.419598526080147995e-03
1.570290124729377524e-09	2.329322728358016459e+00	1.090583827086322266e+01	3.153848637185643899e-01	-4.518961214604962778e-02	-2.028151135087933460e-02	1.648525651260840663e-01	0.000000000000000000e+00	-3.288574819447229874e-02	-2.393749922802273968e-03
1.644676177994662829e-09	2.320270217340187902e+00	1.085121538349361714e+01	3.157405904381060946e-01	-4.498716110669038343e-02	-2.016656821829775070e-02	1.651201537222038995e-01	0.000000000000000000e+00	-3.267304592349393189e-02	-2.368699791190598865e-03
1.722585965398783835e-09	2.310924024347150496e+00	1.079695230430048802e+01	3.160492177032146466e-01	-4.481195702010916382e-02	-2.006722371648396105e-02	1.653522408738190563e-01	0.000000000000000000e+00	-3.245892816246674639e-02	-2.344437829586970296e-03
1.804186409392068039e-09	2.301303325349358442e+00	1.074308589251109858e+01	3.163115512716458966e-01	-4.466335573193620789e-02	-1.998305754874460383e-02	1.655494622239103431e-01	0.000000000000000000e+00	-3.224365177923933096e-02	-2.320953419580891464e-03
1.889652339691211477e-09	2.291427008271661681e+00	1.068965224161810035e+01	3.165284024507461491e-01	-4.454074187211699842e-02	-1.991367543623326700e-02	1.657124529600790541e-01	0.000000000000000000e+00	-3.202746460312469456e-02	-2.298235709238875130e-03
1.979166867853557524e-09	2.281313655334184176e+00	1.063668663342254384e+01	3.167005884902320823e-01	-4.444352695498945960e-02	-1.985870740095646916e-02	1.658418481457598070e-01	0.000000000000000000e+00	-3.181060573542489334e-02	-2.276273672958741782e-03
2.072921779595369695e-09	2.270981524422519104e+00	1.058422352727668247e+01	3.168289316932115240e-01	-4.437114823882571529e-02	-1.981780652297082668e-02	1.659382821341929548e-01	0.000000000000000000e+00	-3.159330556617054309e-02	-2.255056157554689421e-03
2.171117945694509622e-09	2.260448539997679251e+00	1.053229650247998350e+01	3.169142611386017716e-01	-4.432306614556719843e-02	-1.979064692338219217e-02	1.660023899871067576e-01	0.000000000000000000e+00	-3.137578626768067203e-02	-2.234571927546296147e-03
2.273965752357932151e-09	2.249732270005233570e+00	1.048093821131113756e+01	3.169574120526109651e-01	-4.429876304059710002e-02	-1.977692255245739814e-02	1.660348071645768031e-01	0.000000000000000000e+00	-3.115826153677021815e-02	-2.214809664536444411e-03
2.381685551976160644e-09	2.238849938311911814e+00	1.043018043711875720e+01	3.169592268864773743e-01	-4.429774107990992055e-02	-1.977634548507537990e-02	1.660361705309139346e-01	0.000000000000000000e+00	-3.094093760917394562e-02	-2.195758068951449062e-03
2.494508135230316413e-09	2.227818420139922040e+00	1.038005419559272013e+01	3.169205525761396025e-01	-4.431952223565094329e-02	-1.978864547353828551e-02	1.660071165220285971e-01	0.000000000000000000e+00	-3.072401339447165813e-02	-2.177405919065907459e-03
2.612675225563326382e-09	2.216654227528103149e+00	1.033058964327254792e+01	3.168422421045542503e-01	-4.436364592710736326e-02	-1.981356817752305197e-02	1.659482825707850051e-01	0.000000000000000000e+00	-3.050768089250954773e-02	-2.159742090119681768e-03
2.736439997074666368e-09	2.205373511150122035e+00	1.028181616535548670e+01	3.167251528280601303e-01	-4.442966850335614004e-02	-1.985087446273312711e-02	1.658603061226310571e-01	0.000000000000000000e+00	-3.029212540845312163e-02	-2.142755616108475963e-03
2.866067616948244470e-09	2.193992034669621116e+00	1.023376220007698301e+01	3.165701488442804190e-01	-4.451716047597321924e-02	-1.990033845124638753e-02	1.657438267056902947e-01	0.000000000000000000e+00	-3.007752548932620187e-02	-2.126435636797480069e-03
3.001835813575592210e-09	2.182525190913745750e+00	1.018645534037143463e+01	3.163781007587169181e-01	-4.462570524031047453e-02	-1.996174643010027033e-02	1.655994860606963826e-01	0.000000000000000000e+00	-2.986405344990113869e-02	-2.110771458739171651e-03
3.144035471591500167e-09	2.170987985809897491e+00	1.013992225195979913e+01	3.161498863796224912e-01	-4.475489729482374363e-02	-2.003489549305554132e-02	1.654279289802936537e-01	0.000000000000000000e+00	-2.965187533680179593e-02	-2.095752538833350540e-03
3.292971255097148186e-09	2.159395051971197965e+00	1.009418874261164589e+01	3.158863909244560841e-01	-4.490434075525014807e-02	-2.011959236094627845e-02	1.652298037889912419e-01	0.000000000000000000e+00	-2.944115143556233147e-02	-2.081368512314920195e-03
3.448962260405766611e-09	2.147760657911573556e+00	1.004927980221505734e+01	3.155885074144438862e-01	-4.507364778052370957e-02	-2.021565216310099861e-02	1.650057629698596096e-01	0.000000000000000000e+00	-2.923203681956341310e-02	-2.067609247912940377e-03
3.612342699709437910e-09	2.136098691121148807e+00	1.000521951099447548e+01	3.152571372849012343e-01	-4.526243689159609174e-02	-2.032289716613552150e-02	1.647564639556481358e-01	0.000000000000000000e+00	-2.902468107862836780e-02	-2.054464792370912576e-03
3.783462617131932968e-09	2.124422663996296201e+00	9.962031065182792133e+00	3.148931905700095291e-01	-4.547033154622839163e-02	-2.044115565479101559e-02	1.644825695993287207e-01	0.000000000000000000e+00	-2.881922871087791091e-02	-2.041925405531513308e-03
3.962688638701478467e-09	2.112745707527079908e+00	9.919736720907826211e+00	3.144975867690241733e-01	-4.569695833776157151e-02	-2.057026060054631747e-02	1.641847491543433901e-01	0.000000000000000000e+00	-2.861581905322949093e-02	-2.029981526149319572e-03
4.150404757850472502e-09	2.101080585214244234e+00	9.878357822904758834e+00	3.140712559494832634e-01	-4.594194506438040865e-02	-2.071004825996896476e-02	1.638636794284386300e-01	0.000000000000000000e+00	-2.841458675447010307e-02	-2.018623794131197205e-03
4.347013158125017173e-09	2.089439700322567983e+00	9.837914840182284237e+00	3.136151385645616352e-01	-4.620491954281029379e-02	-2.086035719358625418e-02	1.635200449617717489e-01	0.000000000000000000e+00	-2.821566193279072959e-02	-2.007843050061432471e-03
4.552935074866938773e-09	2.077835101603993539e+00	9.798427340536360219e+00	3.131301869027058316e-01	-4.648550749129886500e-02	-2.102102675354104028e-02	1.631545394247825576e-01	0.000000000000000000e+00	-2.801917046801303407e-02	-1.997630327207654873e-03
4.768611697714474181e-09	2.066278495005549942e+00	9.759914063259371275e+00	3.126173642299203137e-01	-4.678333174970977781e-02	-2.119189633081210861e-02	1.627678652653693769e-01	0.000000000000000000e+00	-2.782523437004918998e-02	-1.987976895973775880e-03
4.994505115855140358e-09	2.054781223815230984e+00	9.722392789363782484e+00	3.120776455471550026e-01	-4.709801058020635089e-02	-2.137280407253883130e-02	1.623607345582336325e-01	0.000000000000000000e+00	-2.763397124229859114e-02	-1.978874178782630017e-03
5.231099308056257792e-09	2.043354286648041196e+00	9.685880377383272233e+00	3.115120186739555597e-01	-4.742915577975684999e-02	-2.156358548541854186e-02	1.619338700858607427e-01	0.000000000000000000e+00	-2.744549488173309709e-02	-1.970313781832351476e-03
5.478901179593956120e-09	2.032008336398068327e+00	9.650392734163947495e+00	3.109214844579590853e-01	-4.777637130494167411e-02	-2.176407232341989739e-02	1.614880057422315718e-01	0.000000000000000000e+00	-2.725991523281764625e-02	-1.962287474642094350e-03
5.738441648302404521e-09	2.020753686936433535e+00	9.615944842757974342e+00	3.103070562331100568e-01	-4.813925235169020517e-02	-2.197409173208262484e-02	1.610238863506925355e-01	0.000000000000000000e+00	-2.707733828008363278e-02	-1.954787168812817822e-03
6.010276782070388176e-09	2.009600328594868479e+00	9.582550731514169584e+00	3.096697624413524697e-01	-4.851738257702909590e-02	-2.219346430892155803e-02	1.605422698500461598e-01	0.000000000000000000e+00	-2.689786663890661456e-02	-1.947804913189636567e-03
6.294988990221888141e-09	1.998557921019921357e+00	9.550223482947020059e+00	3.090106444227553872e-01	-4.891033417969384289e-02	-2.242200380800631054e-02	1.600439258105208762e-01	0.000000000000000000e+00	-2.672159929271338691e-02	-1.941332903928003669e-03
6.593188271333541710e-09	1.987635800928289731e+00	9.518975180953553661e+00	3.083307583854636436e-01	-4.931766552454672214e-02	-2.265951541269120226e-02	1.595296370841966793e-01	0.000000000000000000e+00	-2.654863171706913633e-02	-1.935363431767454963e-03
6.905513520162316861e-09	1.976842983787756358e+00	9.488816916747609298e+00	3.076311744587314490e-01	-4.973892051124209623e-02	-2.290579501165002779e-02	1.590001992276463272e-01	0.000000000000000000e+00	-2.637905582964674214e-02	-1.929888879906126306e-03
7.232633896483518810e-09	1.966188158394274632e+00	9.459758742591025893e+00	3.069129762316560872e-01	-5.017362768523502686e-02	-2.316062831953141082e-02	1.584564202656781884e-01	0.000000000000000000e+00	-2.621295988264780649e-02	-1.924901707340094395e-03
7.575250258771920716e-09	1.955679710912257896e+00	9.431809705492675278e+00	3.061772621994173216e-01	-5.062129821648696237e-02	-2.342378932541410927e-02	1.578991218745201819e-01	0.000000000000000000e+00	-2.605042880244330325e-02	-1.920394433959823335e-03
7.934096665797492339e-09	1.945325727443129704e+00	9.404977804336198233e+00	3.054251462893800562e-01	-5.108142443917607772e-02	-2.369503905743413838e-02	1.573291398453330325e-01	0.000000000000000000e+00	-2.589154432366651618e-02	-1.916359626269121055e-03
8.309941949353386453e-09	1.935133985191766381e+00	9.379270004043860354e+00	3.046577546523367985e-01	-5.155348071059585868e-02	-2.397412570707475876e-02	1.567473216911280942e-01	0.000000000000000000e+00	-2.573638448112675753e-02	-1.912789875986959211e-03
8.703591361485183753e-09	1.925111968171154819e+00	9.354692189693333049e+00	3.038762281610407068e-01	-5.203692082487649390e-02	-2.426078272412892159e-02	1.561545285523442683e-01	0.000000000000000000e+00	-2.558502414549466628e-02	-1.909677795089473893e-03
9.115888299750837812e-09	1.915266854415391240e+00	9.331249133314015509e+00	3.030817199393538441e-01	-5.253117850823793566e-02	-2.455472872240687179e-02	1.555516333110288363e-01	0.000000000000000000e+00	-2.543753451672561491e-02	-1.907015977325050501e-03
9.547716114208065503e-09	1.905605523259061407e+00	9.308944479037116082e+00	3.022753953610975430e-01	-5.303566645259728818e-02	-2.485566652784180694e-02	1.549395205518918628e-01	0.000000000000000000e+00	-2.529398324622915417e-02	-1.904796989361730612e-03
1.000000000000000021e-08	1.896134564025432345e+00	9.287780732365613190e+00	3.014584320750214874e-01	-5.354977537251789932e-02	-2.516328223375716502e-02	1.543190865201708728e-01	0.000000000000000000e+00	-2.515443447776520916e-02	-1.903013346424910516e-03
