# Pressure Mass Radius Compactness k2 k3 h2 h3 j2 j3
9.999999999999999799e-13	8.593509540933239044e-02	2.640562046675834651e+01	4.805564621947239386e-03	9.425802188274454672e-04	5.947303802146416241e-05	9.875787862006123463e-01	3.270139951820768554e-01	-8.976926775915396774e-06	-4.317274158231910429e-07
1.047370897959448749e-12	8.935123162818685294e-02	2.469660175208274921e+01	5.342365286285821399e-03	1.327721563206313423e-03	8.621843684583642127e-05	9.867708394103136271e-01	3.263250398113340944e-01	-1.315488179867013379e-05	-6.586421620393368268e-07
1.096985797892381920e-12	9.290042391770884922e-02	2.326979453167963641e+01	5.895157088097549049e-03	1.819168041271727269e-03	1.203762491139233109e-04	9.861348492778503338e-01	3.256232124519693460e-01	-1.869857823669289861e-05	-9.928624720387094903e-07
1.148951000187311009e-12	9.658587422450769233e-02	2.206309227545758134e+01	6.464239947735409345e-03	2.429849304271199367e-03	1.647606472193775806e-04	9.856971963821642424e-01	3.249101964133576104e-01	-2.587119574824247163e-05	-1.471222307197284051e-06
1.203377840777590522e-12	1.004110484530808950e-01	2.103133349619338333e+01	7.049931979566212599e-03	3.171613356627095686e-03	2.292946496275262013e-04	9.854821163528824091e-01	3.241878865575984481e-01	-3.495130885846800095e-05	-2.137764435693999022e-06
1.260382929679727463e-12	1.043796343686393402e-01	2.014089846002174156e+01	7.652567451989455288e-03	4.054977218419875476e-03	3.101254428758967794e-04	9.855114651896638156e-01	3.234583544127505594e-01	-4.623023234145074209e-05	-3.043943026578405974e-06
1.320088400831416649e-12	1.084955136697925704e-01	1.936624788338721004e+01	8.272495296944725254e-03	5.088901335761708208e-03	4.164329011784309782e-04	9.858039143408251492e-01	3.227237839429349386e-01	-6.000942658835629466e-05	-4.248664181427423051e-06
1.382622173764653478e-12	1.127627436881261380e-01	1.868763545625737876e+01	8.910078201834906522e-03	6.280748784421160032e-03	5.485276675220782366e-04	9.863749627284785770e-01	3.219864575684973085e-01	-7.659801550154896564e-05	-5.818156264027990416e-06
1.448118227674535917e-12	1.171855434311794703e-01	1.808955545081912319e+01	9.565691690724610619e-03	7.636098426314536641e-03	7.110637290856894506e-04	9.872367597662170535e-01	3.212486696640833306e-01	-9.631046145812998597e-05	-7.825721438356222605e-06
1.516716888470924089e-12	1.217682678147334052e-01	1.755966537382611037e+01	1.023972109440546979e-02	9.158858989719508362e-03	9.072441598596215013e-04	9.883980778433313352e-01	3.205126891375910669e-01	-1.194643243446348292e-04	-1.035134834731692038e-05
1.588565129428052692e-12	1.265153588960158670e-01	1.708802216629067416e+01	1.093255543447209203e-02	1.085104680387609898e-02	1.141783073997803275e-03	9.898640446395378101e-01	3.197807167484199020e-01	-1.463779825446279864e-04	-1.348114737298277663e-05
1.663816886076127415e-12	1.314313176775380732e-01	1.666652698297346902e+01	1.164458424567731132e-02	1.271300146809483875e-02	1.416967847475160891e-03	9.916364563823558687e-01	3.190548252712599453e-01	-1.773685238172790623e-04	-1.730673052992038677e-05
1.742633386009647278e-12	1.365206932493641390e-01	1.628851554989151396e+01	1.237619698583830238e-02	1.474341814358157664e-02	1.735921608500295803e-03	9.937138345766356462e-01	3.183369492204887186e-01	-2.127498417659908739e-04	-2.192445296556033967e-05
1.825183494319046040e-12	1.417880691926863002e-01	1.594845328906346005e+01	1.312778189729969791e-02	1.693912258998724399e-02	2.101004828510930934e-03	9.960910092536138238e-01	3.176287232178994779e-01	-2.528308507426678853e-04	-2.743461192533097880e-05
1.911644075385703708e-12	1.472380521211880400e-01	1.564170477706531237e+01	1.389972518042509840e-02	1.929597800919728365e-02	2.514461872609565721e-03	9.987609234659090562e-01	3.169316864876414730e-01	-2.979138694707945891e-04	-3.394057294218318213e-05
2.002200371815584363e-12	1.528752569590788868e-01	1.536435749836101650e+01	1.469240973587942339e-02	2.180783551481990656e-02	2.978045788505873353e-03	1.001712437346028439e+00	3.162469844084931925e-01	-3.482931074685370609e-04	-4.154784045490433485e-05
2.097046401323230665e-12	1.587043052479467919e-01	1.511308489686187428e+01	1.550621571182942901e-02	2.446770154562370736e-02	3.493304392835335035e-03	1.004932773628860909e+00	3.155755322820280595e-01	-4.042534143884923587e-04	-5.036313468723589779e-05
2.196385372416542332e-12	1.647298623213755975e-01	1.488503832573284669e+01	1.634152615146221635e-02	2.726727226024496312e-02	4.060590150180579984e-03	1.008406434372181470e+00	3.149178944738764141e-01	-4.660695984027691760e-04	-6.049351904181107575e-05
2.300430119772921506e-12	1.709566775561779106e-01	1.467776267725260730e+01	1.719873253470383459e-02	3.019734486558893830e-02	4.680269430590724457e-03	1.012116088846590545e+00	3.142743217569012315e-01	-5.340060929500592803e-04	-7.204559087968158773e-05
2.409403560239526876e-12	1.773895883529376383e-01	1.448913063597123774e+01	1.807823522164301103e-02	3.324793714911483677e-02	5.351986756537562180e-03	1.016042733932750242e+00	3.136447373328473121e-01	-6.083165096456049281e-04	-8.512466518220672700e-05
2.523539170434765862e-12	1.840335187974222186e-01	1.431728980386468386e+01	1.898044320660491682e-02	3.640835713244945648e-02	6.075147120478919735e-03	1.020165877317604775e+00	3.130287299890096020e-01	-6.892432701982265054e-04	-9.983398663790468165e-05
2.643081486974102692e-12	1.908934805858988337e-01	1.416061964777880000e+01	1.990577421773451899e-02	3.966741803561030233e-02	6.848363186001299972e-03	1.024463925495161964e+00	3.124255750444189239e-01	-7.770174048040138408e-04	-1.162739961786951739e-04
2.768286630392061017e-12	1.979745733250557471e-01	1.401769628778927235e+01	2.085465475146014089e-02	4.301343515163300740e-02	7.669927093872897297e-03	1.028914177566203847e+00	3.118342328822337195e-01	-8.718584480326388615e-04	-1.345416472551650311e-04
2.899422853882880921e-12	2.052819873698068509e-01	1.388726351264326375e+01	2.182752036995902131e-02	4.643454690735928508e-02	8.537839219892840240e-03	1.033493491850266066e+00	3.112533853727804667e-01	-9.739744583452865931e-04	-1.547297779623381473e-04
3.036771118035460378e-12	2.128210701435621632e-01	1.376820795220355365e+01	2.282482417899890648e-02	4.991879199889742713e-02	9.449677833318802928e-03	1.038178383351558987e+00	3.106814433736034831e-01	-1.083563086352693069e-03	-1.769267429290713369e-04
3.180625692794118977e-12	2.205974126394169288e-01	1.365953896194439743e+01	2.384704702639668314e-02	5.345397549543026011e-02	1.040244834543736958e-02	1.042944722192123308e+00	3.101165321922894069e-01	-1.200813181320338529e-03	-2.012162203756344544e-04
3.331294787934670055e-12	2.286168864876825524e-01	1.356037272788409709e+01	2.489470096598803486e-02	5.702829347314240793e-02	1.139320432397177875e-02	1.047769030428508774e+00	3.095565807364344391e-01	-1.325905947143336686e-03	-2.276770022602968714e-04
3.489101213406766494e-12	2.368856592037496822e-01	1.346991905919504262e+01	2.596832984150990870e-02	6.062991835729008433e-02	1.241847710967384708e-02	1.052627598481818527e+00	3.089992775541421377e-01	-1.459015841465661828e-03	-2.563827860537403131e-04
3.654383070957261569e-12	2.454102111263043451e-01	1.338747000110586427e+01	2.706851018480511961e-02	6.424741501465101867e-02	1.347472877082631429e-02	1.057497357514887826e+00	3.084421468302513403e-01	-1.600311554581018139e-03	-2.874020308640559641e-04
3.827494478516314936e-12	2.541973559551792272e-01	1.331239009572318999e+01	2.819585240871241849e-02	6.786954344631224156e-02	1.455826728975869420e-02	1.062355464975877739e+00	3.078825378121688439e-01	-1.749957033019292280e-03	-3.207978692561789169e-04
4.008806328898464320e-12	2.632542202187456160e-01	1.324410821177075981e+01	2.935099690215871304e-02	7.148553865600788815e-02	1.566523509286377180e-02	1.067179897185781545e+00	3.073176822697303856e-01	-1.908111818705865567e-03	-3.566279015230793188e-04
4.198707084443905621e-12	2.725876515288216395e-01	1.318211286610141819e+01	3.053454038555329306e-02	7.508471219757724413e-02	1.679150644784224711e-02	1.071948788935690899e+00	3.067447258305716629e-01	-2.074921035956535896e-03	-3.949416303469204382e-04
4.397603609302712498e-12	2.822029408579737608e-01	1.312594675284378987e+01	3.174688597473524637e-02	7.865606740664203567e-02	1.793275043986500630e-02	1.076639951891954050e+00	3.061608209164418670e-01	-2.250491587227184710e-03	-4.357745426279626831e-04
4.605922041145112927e-12	2.921032828291879047e-01	1.307519477583878142e+01	3.298819140661553295e-02	8.218820237965460129e-02	1.908436264931047746e-02	1.081230746875552873e+00	3.055631573309808280e-01	-2.434879550091258171e-03	-4.791445409132991020e-04
4.824108704165373984e-12	3.022894819663051735e-01	1.302947310207744636e+01	3.425834808310899288e-02	8.566935881450932211e-02	2.024130897219622582e-02	1.085698166081463745e+00	3.049489971161006285e-01	-2.628081594453288670e-03	-5.250492927605357376e-04
5.052631065335679604e-12	3.127595425525185879e-01	1.298842056568120462e+01	3.555694677355723810e-02	8.908738336367170996e-02	2.139843313101771546e-02	1.090018776534618761e+00	3.043156915503170690e-01	-2.830024185417686841e-03	-5.734631238402453177e-04
5.291978735958436557e-12	3.235081260710079842e-01	1.295169156865046034e+01	3.688322903556300741e-02	9.242975722743894396e-02	2.255025837794429056e-02	1.094168815748505441e+00	3.036607437176489510e-01	-3.040550125696143101e-03	-6.243333507667708001e-04
5.542664520663095602e-12	3.345258392447846285e-01	1.291894959922810138e+01	3.823602175410501652e-02	9.568372154495521920e-02	2.369108844225010363e-02	1.098124533527789382e+00	3.029818854682208573e-01	-3.259401628075018521e-03	-6.775758829949735020e-04
5.805225516094907684e-12	3.458005706253872713e-01	1.288985908880103715e+01	3.961391550642396481e-02	9.883659647052590869e-02	2.481517019297159801e-02	1.101862401000532232e+00	3.022769772170754154e-01	-3.486244426390758527e-03	-7.330809924673583992e-04
6.080224261649427052e-12	3.573215424167846543e-01	1.286408383918714193e+01	4.101574205425332492e-02	1.018775180875696462e-01	2.591735913003327674e-02	1.105361792302297586e+00	3.015438923527067883e-01	-3.720749854952291012e-03	-7.907337410826936449e-04
6.368249944718585906e-12	3.690816955201473015e-01	1.284129728907533874e+01	4.244082735896328312e-02	1.047978765470824747e-01	2.699310876143885818e-02	1.108605460196754988e+00	3.007803904997731204e-01	-3.962648248710659744e-03	-8.504279089046604730e-04
6.669919663030115058e-12	3.810786124627684179e-01	1.282119341396083456e+01	4.388906799542591913e-02	1.075914227246466265e-01	2.803873482884011031e-02	1.111579737946952529e+00	2.999841105396927610e-01	-4.211754388027393915e-03	-9.120731490701296197e-04
6.985879746785234820e-12	3.933152810827444390e-01	1.280349518696010769e+01	4.536098874561196592e-02	1.102542120825722172e-01	2.905128898224177206e-02	1.114274435898087834e+00	2.991525501547875887e-01	-4.467989686426676252e-03	-9.756011792151311106e-04
7.316807143427207274e-12	4.058004993145442607e-01	1.278796076310071328e+01	4.685775928773524418e-02	1.127845463532304304e-01	3.002857167072298453e-02	1.116682832976637396e+00	2.982830557450135145e-01	-4.731396387738925728e-03	-1.040969744929009849e-03
7.663410868007462274e-12	4.185477960123402119e-01	1.277438750421530322e+01	4.838104095273153271e-02	1.151822740459086808e-01	3.096895859038832632e-02	1.118800604144931210e+00	2.973728758864278010e-01	-5.002119344124629149e-03	-1.108158238164417587e-03
8.026433522257174683e-12	4.315710907483509273e-01	1.276260898967105462e+01	4.993247766914312574e-02	1.174474874079480397e-01	3.187091111877492222e-02	1.120624081998359500e+00	2.964193874132105000e-01	-5.280316044999638740e-03	-1.177145291283563343e-03
8.406652885618316356e-12	4.448823047940790310e-01	1.275248488765729959e+01	5.151343964894354588e-02	1.195801286122672447e-01	3.273287201549732184e-02	1.122149899910352744e+00	2.954202576774520583e-01	-5.566104728167233645e-03	-1.247895778018767417e-03
8.804883581643446547e-12	4.584913106174550723e-01	1.274389240200491535e+01	5.312503733847333959e-02	1.215799461852364038e-01	3.355327047007861802e-02	1.123374819059230978e+00	2.943734259294026323e-01	-5.859561369546405739e-03	-1.320360025631960770e-03
9.221978823334340144e-12	4.724059703929281429e-01	1.273672053596718712e+01	5.476814012441622026e-02	1.234466607953619427e-01	3.433058637169745381e-02	1.124296017025633976e+00	2.932771212488789470e-01	-6.160718938290235362e-03	-1.394473704203029246e-03
9.658832241158709141e-12	4.866321126044105272e-01	1.273086593590119264e+01	5.644338545185501738e-02	1.251789797469991805e-01	3.506310657920146123e-02	1.124908813329498214e+00	2.921296584311644517e-01	-6.469565604335956316e-03	-1.470157582083356923e-03
1.011637979766206976e-11	5.011734983232462026e-01	1.272622975370370391e+01	5.815118554814489860e-02	1.267770029962497214e-01	3.574955774572226297e-02	1.125212017389858099e+00	2.909298996338364196e-01	-6.786043024131749833e-03	-1.547317422589206343e-03
1.059560179277614774e-11	5.160321823456788248e-01	1.272271559934377194e+01	5.989177758420268644e-02	1.282399077951143218e-01	3.638852878804713087e-02	1.125202604714303778e+00	2.896767592359190124e-01	-7.110053544482865771e-03	-1.625846159492691859e-03
1.109752496412069864e-11	5.312091547714221651e-01	1.272022911410967261e+01	6.166530050256611301e-02	1.295672247973231328e-01	3.697882403775291232e-02	1.124878412748269163e+00	2.883693830500829725e-01	-7.441473961924671525e-03	-1.705627684866736380e-03
1.162322468679854125e-11	5.467044297590620827e-01	1.271867784316382455e+01	6.347180674892817509e-02	1.307588283661369200e-01	3.751945364034507679e-02	1.124238094954323142e+00	2.870071347244433357e-01	-7.780157484942267117e-03	-1.786537764901474775e-03
1.217382727739662020e-11	5.625169861156484874e-01	1.271797090328752411e+01	6.531125802068515895e-02	1.318148019902780910e-01	3.800960748640173914e-02	1.123280819444607781e+00	2.855895748632322761e-01	-8.125932601106267833e-03	-1.868444253657754444e-03
1.275051240713012859e-11	5.786447056787118459e-01	1.271801863991215065e+01	6.718352113220406319e-02	1.327354208545780123e-01	3.844864693947833145e-02	1.122006230493053591e+00	2.841164565881859616e-01	-8.478601908043283467e-03	-1.951207346376855091e-03
1.335451562929897339e-11	5.950842897410838495e-01	1.271873227440577736e+01	6.908836171102783474e-02	1.335212871283766034e-01	3.883614250564577930e-02	1.120414767046043147e+00	2.825877617750085502e-01	-8.837940587219497712e-03	-2.034679805761590438e-03
1.398713102647241439e-11	6.118313655517454430e-01	1.272002373219707572e+01	7.102545928749523507e-02	1.341732235118369421e-01	3.917184524596360740e-02	1.118507389286700571e+00	2.810036611728734535e-01	-9.203699080350213543e-03	-2.118708205282621593e-03
1.464971398307287854e-11	6.288811605308542996e-01	1.272180639111316225e+01	7.299448315247039631e-02	1.346923476070025771e-01	3.945571209228139475e-02	1.116285619821572483e+00	2.793644613982564917e-01	-9.575618349906453788e-03	-2.203137024873012915e-03
1.534368408930013065e-11	6.462290887086954427e-01	1.272399644692258036e+01	7.499515358845762480e-02	1.350803841749452783e-01	3.968797735214584649e-02	1.113752183843693011e+00	2.776706137021370258e-01	-9.953443367129288094e-03	-2.287812147837820723e-03
1.607052818261638620e-11	6.638708221010787280e-01	1.272651373704022859e+01	7.702724514386478927e-02	1.353389778454343606e-01	3.986896575116541386e-02	1.110909419800590880e+00	2.759225596195362118e-01	-1.033692520347626910e-02	-2.372581616145201609e-03
1.683180353330955093e-11	6.818023440698274262e-01	1.272928222323533731e+01	7.909058896818599305e-02	1.354705296946548121e-01	3.999930695754238402e-02	1.107761258565401308e+00	2.741209149453346372e-01	-1.072582270113804463e-02	-2.457296234820729574e-03
1.762914118095944293e-11	7.000199822569048713e-01	1.273223031558726603e+01	8.118507313044208418e-02	1.354774063348557767e-01	4.007970881406634767e-02	1.104311387986277371e+00	2.722662871716394206e-01	-1.111990357441231154e-02	-2.541810002671814409e-03
1.846424942895546448e-11	7.185204343415673156e-01	1.273529106579449177e+01	8.331064245008069913e-02	1.353621690496781271e-01	4.011102661942117509e-02	1.100563806229976294e+00	2.703593374582098918e-01	-1.151894535271927311e-02	-2.625980470290471477e-03
1.933891750455232057e-11	7.373003224190978200e-01	1.273840182166610191e+01	8.546724692056942296e-02	1.351285327131131198e-01	4.009446168247270820e-02	1.096525228221804982e+00	2.684010093209129311e-01	-1.192272585023912597e-02	-2.709666867747348266e-03
2.025501939230666486e-11	7.563555175908811545e-01	1.274150302858208050e+01	8.765476962184325094e-02	1.347789389600380361e-01	4.003099947167820111e-02	1.092199406086283631e+00	2.663921058740927328e-01	-1.233100890855529271e-02	-2.792727444367577947e-03
2.121451784910627571e-11	7.756809132109001581e-01	1.274453735327014314e+01	8.987300553570604089e-02	1.343169462489069987e-01	3.992195650595305179e-02	1.087592886362766631e+00	2.643337868870389573e-01	-1.274353949487773592e-02	-2.875018921716657443e-03
2.221946860939528424e-11	7.952704063169437898e-01	1.274744916804499617e+01	9.212166270133524681e-02	1.337460212881874944e-01	3.976869929046648183e-02	1.082712120010681733e+00	2.622273217634927267e-01	-1.316004371965057151e-02	-2.956397060839427177e-03
2.327202478960412005e-11	8.151168638145681600e-01	1.275018419652021606e+01	9.440036085209221883e-02	1.330696678157281820e-01	3.957266480683660492e-02	1.077563770373183960e+00	2.600741083915651397e-01	-1.358022846188948474e-02	-3.036717154671431888e-03
2.437444150122221807e-11	8.352120958224920066e-01	1.275268925743562320e+01	9.670863042167393564e-02	1.322915722580377818e-01	3.933539714196059717e-02	1.072155072656147734e+00	2.578757066760009042e-01	-1.400378116761949281e-02	-3.115834566833433541e-03
2.552908068239516723e-11	8.555469284872523339e-01	1.275491213590975192e+01	9.904592225730302069e-02	1.314155718856753197e-01	3.905853326005225695e-02	1.066493749409493486e+00	2.556338181794412523e-01	-1.443037182858568357e-02	-3.193605684592679822e-03
2.673841615839943880e-11	8.761115743023557556e-01	1.275680189124326525e+01	1.014116483293179410e-01	1.304454254847368655e-01	3.874373486300115854e-02	1.060587387162491790e+00	2.533501898261271146e-01	-1.485966130214601104e-02	-3.269889980628027347e-03
2.800503894183625342e-11	8.968958410213175858e-01	1.275830925678348926e+01	1.038052025285024632e-01	1.293851792758446695e-01	3.839277502422329402e-02	1.054444322828308245e+00	2.510266788629056944e-01	-1.529130615607883492e-02	-3.344551280347294285e-03
2.933166278390048099e-11	9.178891597826434046e-01	1.275938681838187883e+01	1.062259618129983429e-01	1.282388075589123433e-01	3.800744229989759526e-02	1.048072760448633067e+00	2.486651660007309084e-01	-1.572495966116611507e-02	-3.417458247571846658e-03
3.072112998861759207e-11	9.390805989563686396e-01	1.275998911308917450e+01	1.086732860669465117e-01	1.270104112168372323e-01	3.758958050167540699e-02	1.041481276803404077e+00	2.462675955019074103e-01	-1.616027237547294423e-02	-3.488484754233513781e-03
3.217641750250735458e-11	9.604588825038417044e-01	1.276007268302394060e+01	1.111465186433229502e-01	1.257030619422818962e-01	3.714079179426029581e-02	1.034675881360005212e+00	2.438356921218197693e-01	-1.659689288901352450e-02	-3.557510261688124134e-03
3.370064329271925032e-11	9.820123816109324055e-01	1.275959611522147519e+01	1.136449837598327017e-01	1.243240872946222569e-01	3.666377159194472019e-02	1.027673544137029049e+00	2.413722516878022417e-01	-1.703446767625058436e-02	-3.624419977493381195e-03
3.529707302730657668e-11	1.003729017832011294e+00	1.275851993142711116e+01	1.161679748556882635e-01	1.228745301804047424e-01	3.615962837304916716e-02	1.020475267984364276e+00	2.388785707625063759e-01	-1.747263986241585215e-02	-3.689104965711100838e-03
3.696912707195032437e-11	1.025596124055649039e+00	1.275680641799048409e+01	1.187147386295920870e-01	1.213597161707288402e-01	3.563056304456751339e-02	1.013093144266673074e+00	2.363570425299114375e-01	-1.791104610784245016e-02	-3.751461810816857003e-03
3.872038781812557004e-11	1.047600441064573618e+00	1.275441949889020066e+01	1.212844744324988872e-01	1.197837927473241887e-01	3.507847940488763305e-02	1.005536388846927309e+00	2.338098185022685072e-01	-1.834931704565203464e-02	-3.811392987055421157e-03
4.055460735840827506e-11	1.069728127809594698e+00	1.275132466016153643e+01	1.238763347739208903e-01	1.181509442667564719e-01	3.450528464915170873e-02	9.978144578739625015e-01	2.312390988018165616e-01	-1.878707775414219586e-02	-3.868807159589103366e-03
4.247571552536894126e-11	1.091964774784754511e+00	1.274748892231302477e+01	1.264894256778596182e-01	1.164656277763572723e-01	3.391294556666473586e-02	9.899376841990336073e-01	2.286471904649050868e-01	-1.922394825951518824e-02	-3.923619472350471822e-03
4.448782831127576069e-11	1.114295422429206539e+00	1.274288079796718876e+01	1.291228076801855529e-01	1.147317515087461215e-01	3.330328380113813103e-02	9.819151107727389638e-01	2.260363001617922973e-01	-1.965954424284327082e-02	-3.975751844410076175e-03
4.659525668664686662e-11	1.136704608201886346e+00	1.273747029115711804e+01	1.317754996492775665e-01	1.129535539543825018e-01	3.267818534461826296e-02	9.737568126100621946e-01	2.234087436060289977e-01	-2.009347823592188415e-02	-4.025133285183738786e-03
4.880251583654433574e-11	1.159176434581080661e+00	1.273122892678345153e+01	1.344464846037894956e-01	1.111351129334888221e-01	3.203947544947401138e-02	9.654725971520027317e-01	2.207668148668968100e-01	-2.052536120339970224e-02	-4.071700207886309007e-03
5.111433483440165318e-11	1.181694612145816281e+00	1.272412978536281614e+01	1.371347124444317889e-01	1.092804807705016756e-01	3.138895174788151887e-02	9.570723651156477496e-01	2.181128185939880115e-01	-2.095480367193710419e-02	-4.115396652305855496e-03
5.353566677410718816e-11	1.204242487242206616e+00	1.271614751402319499e+01	1.398391010098868625e-01	1.073935947527972223e-01	3.072835650488280057e-02	9.485658709650004461e-01	2.154490404477083787e-01	-2.138141648878679260e-02	-4.156174411297624757e-03
5.607169938205469661e-11	1.226803073044761438e+00	1.270725834067505389e+01	1.425585373728932015e-01	1.054783730632226635e-01	3.005939805061833697e-02	9.399629866532407396e-01	2.127777688646212695e-01	-2.180481162419031782e-02	-4.193993127764601009e-03
5.872786613189488850e-11	1.249359080181644543e+00	1.269744007700935029e+01	1.452918790953801609e-01	1.035385879995463221e-01	2.938371792318768272e-02	9.312733556000259982e-01	2.101012589537595843e-01	-2.222460292428831211e-02	-4.228820345718447248e-03
6.150985788580503926e-11	1.271892947296757059e+00	1.268667212347662598e+01	1.480379553536961545e-01	1.015780192299079315e-01	2.870292764986224696e-02	9.225068186936140613e-01	2.074217714435272475e-01	-2.264040689730350067e-02	-4.260631540073678454e-03
6.442363508721370414e-11	1.294386861324471782e+00	1.267493546402202753e+01	1.507955668894676582e-01	9.960025156657481560e-02	2.801855394684770947e-02	9.136728541784542301e-01	2.047415124077578696e-01	-2.305184322480098927e-02	-4.289410077342020386e-03
6.747544053110686101e-11	1.316822787266658246e+00	1.266221265808507113e+01	1.535634870154466147e-01	9.760884582666289055e-02	2.733208221068025162e-02	9.047810552033075382e-01	2.020626797427859667e-01	-2.345853545863230138e-02	-4.315147166771227116e-03
7.067181273927477085e-11	1.339182504721817102e+00	1.264848783513280672e+01	1.563404633061515892e-01	9.560721119469205165e-02	2.664492557228360925e-02	8.958407702994236610e-01	1.993874270154671613e-01	-2.386011182102429004e-02	-4.337841788883318311e-03
7.401959996915652408e-11	1.361447645801436401e+00	1.263374668778470067e+01	1.591252194034034062e-01	9.359891720577448448e-02	2.595849899782570053e-02	8.868620002726255169e-01	1.967179467573956231e-01	-2.425620595668536925e-02	-4.357500569609163051e-03
7.752597488629464062e-11	1.383599740897678121e+00	1.261797646798536121e+01	1.619164576464528771e-01	9.158641730898321731e-02	2.527388949974231080e-02	8.778517009271520344e-01	1.940560852266369207e-01	-2.464645815868278869e-02	-4.374137749251480467e-03
8.119844993184008328e-11	1.405620246812503193e+00	1.260116599018274641e+01	1.647128594987288253e-01	8.957354147723803339e-02	2.459250924276079608e-02	8.688209987055955930e-01	1.914040985751968849e-01	-2.503051532312642463e-02	-4.387774800200669283e-03
8.504489341802668113e-11	1.427490596587682514e+00	1.258330561722180363e+01	1.675130886875995928e-01	8.756278162754607686e-02	2.391538160289490011e-02	8.597773107232213885e-01	1.887638189572908576e-01	-2.540803252430367046e-02	-4.398440435615182803e-03
8.907354638610458163e-11	1.449192232764926258e+00	1.256438725393052458e+01	1.703157922822077508e-01	8.555761289535847303e-02	2.324374899222519941e-02	8.507311352281526906e-01	1.861373688061949971e-01	-2.577867335123220152e-02	-4.406170281426682357e-03
9.329304026284695888e-11	1.470706650512508151e+00	1.254440433758053430e+01	1.731196029464174280e-01	8.356009449572329717e-02	2.257845042595692936e-02	8.416889538737333254e-01	1.835264131243950214e-01	-2.614211068346025332e-02	-4.411006621360551855e-03
9.771241535346501225e-11	1.492015441869558146e+00	1.252335182904564803e+01	1.759231413077064210e-01	8.157301625499804865e-02	2.192047686836057913e-02	8.326595866121980771e-01	1.809328231537368770e-01	-2.649802750549377223e-02	-4.412998134111471502e-03
1.023411402105452712e-10	1.513100339931716665e+00	1.250122620016581187e+01	1.787250183772718382e-01	7.959874315573756132e-02	2.127067530882584268e-02	8.236507535537621605e-01	1.783583166684553079e-01	-2.684611765818146686e-02	-4.412199589047023293e-03
1.071891319205126445e-10	1.533943261004408365e+00	1.247802542066671627e+01	1.815238377556420979e-01	7.763983192680097567e-02	2.062990400421091039e-02	8.146709337718056609e-01	1.758046470658839178e-01	-2.718608645784139494e-02	-4.408671500901928733e-03
1.122667773510811312e-10	1.554526345939686527e+00	1.245374895129438109e+01	1.843181976773152209e-01	7.569818824098642485e-02	1.999882522420442024e-02	8.057267784703455726e-01	1.732733390372330484e-01	-2.751765142246865095e-02	-4.402479813456720327e-03
1.175849554052158201e-10	1.574831995644905724e+00	1.242839771639703272e+01	1.871066926996688418e-01	7.377599331424773699e-02	1.937813523478792987e-02	7.968259424400925273e-01	1.707659758636513869e-01	-2.784054267681343453e-02	-4.393695498604791548e-03
1.231550603292826197e-10	1.594842916693057111e+00	1.240197409159160991e+01	1.898879164236689787e-01	7.187505734100263499e-02	1.876840655928870699e-02	7.879750836868770758e-01	1.682839951546473978e-01	-2.815450373808507309e-02	-4.382394218946063062e-03
1.289890261253308184e-10	1.614542158834842978e+00	1.237448187953062728e+01	1.926604634957310158e-01	6.999726397998606853e-02	1.817019897408952631e-02	7.791812400287021489e-01	1.658288293843388772e-01	-2.845929183661140283e-02	-4.368655890438619474e-03
1.350993521198024986e-10	1.633913160390092267e+00	1.234592628685342142e+01	1.954229326121951493e-01	6.814418671411087702e-02	1.758396564587600200e-02	7.704506132510462457e-01	1.634017790251788005e-01	-2.875467868708002014e-02	-4.352564327922157049e-03
1.414991297434578731e-10	1.652939785829603325e+00	1.231631390515119406e+01	1.981739286238875242e-01	6.631738675454379450e-02	1.701012860717592001e-02	7.617895005582641099e-01	1.610041089887674914e-01	-2.904045083516208769e-02	-4.334206817693650807e-03
1.482020705798860072e-10	1.671606363624174696e+00	1.228565268124211940e+01	2.009120649405655157e-01	6.451821397995981255e-02	1.644903194525157777e-02	7.532036495469541793e-01	1.586369825295408376e-01	-2.931641009444652113e-02	-4.313673705603023566e-03
1.552225357427047968e-10	1.689897721691355992e+00	1.225395189630194182e+01	2.036359656196409240e-01	6.274795685198018835e-02	1.590098006367261438e-02	7.446987300264673593e-01	1.563015099809830499e-01	-2.958237392003521329e-02	-4.291057993774203584e-03
1.625755666443793407e-10	1.707799222214496426e+00	1.222122212348666181e+01	2.063442678554180953e-01	6.100779076278207980e-02	1.536622699044281823e-02	7.362801599131130192e-01	1.539987313877837771e-01	-2.983817574903909961e-02	-4.266454924652850200e-03
1.702769172225897821e-10	1.725296794708631509e+00	1.218747521926560395e+01	2.090356238345970341e-01	5.929860554230698827e-02	1.484493345573214412e-02	7.279525181799405553e-01	1.517295518129997134e-01	-3.008366517565226952e-02	-4.239961561800698400e-03
1.783430876931905687e-10	1.742376969997595282e+00	1.215272426723978150e+01	2.117087036400858435e-01	5.762145327505228259e-02	1.433728367388883464e-02	7.197210214839732112e-01	1.494949042270321549e-01	-3.031870837635579699e-02	-4.211676413159028826e-03
1.867913599020784805e-10	1.759026908500533670e+00	1.211698355745299338e+01	2.143621970320650494e-01	5.597706905114235160e-02	1.384336372159003514e-02	7.115899204178781634e-01	1.472955733769206466e-01	-3.054318812484123000e-02	-4.181699006579282785e-03
1.956398343517064725e-10	1.775234426954397371e+00	1.208026854594250743e+01	2.169948155324444017e-01	5.436612959399781536e-02	1.336323000114273372e-02	7.035633470101364528e-01	1.451322903538211917e-01	-3.075700394850836017e-02	-4.150129515979820299e-03
2.049074689815846066e-10	1.790988022144419212e+00	1.204259581891015785e+01	2.196052942357513971e-01	5.278922675627673727e-02	1.289690478894148402e-02	6.956452186802590809e-01	1.430057242371998438e-01	-3.096007218798652733e-02	-4.117068391762326342e-03
2.146141197858401440e-10	1.806276892542114210e+00	1.200398305840750091e+01	2.221923935068965128e-01	5.124682970218999434e-02	1.244436659729697241e-02	6.878390977699062603e-01	1.409164652212868685e-01	-3.115232594522795648e-02	-4.082615994877576530e-03
2.247805833548729991e-10	1.821090958602649801e+00	1.196444898957530434e+01	2.247549010333105279e-01	4.973932489917538835e-02	1.200556303434470277e-02	6.801483174633021767e-01	1.388650412245080734e-01	-3.133371507365466380e-02	-4.046872252844848326e-03
2.354286414322420067e-10	1.835420881700209339e+00	1.192401335203741475e+01	2.272916334566884855e-01	4.826699480064668840e-02	1.158040660584594948e-02	6.725758969145454458e-01	1.368519092375410640e-01	-3.150420607398012052e-02	-4.009936333756045773e-03
2.465811075822603842e-10	1.849258079041754099e+00	1.188269684568647655e+01	2.298014381734671818e-01	4.683004941545474559e-02	1.116878396578700576e-02	6.651246411775760814e-01	1.348774673478352337e-01	-3.166378194127440066e-02	-3.971906329671966683e-03
2.582618760682674929e-10	1.862594736683680807e+00	1.184052108870195141e+01	2.322831948715385342e-01	4.542859603024540505e-02	1.077055034189338019e-02	6.577970232905726577e-01	1.329420439702568013e-01	-3.181244198254815081e-02	-3.932878969594717777e-03
2.704959730463131364e-10	1.875423819716243390e+00	1.179750858033028926e+01	2.347358168118161559e-01	4.406268541073845441e-02	1.038554124665823190e-02	6.505953389099475848e-01	1.310459145971155648e-01	-3.195020154182941913e-02	-3.892949347328219286e-03
2.833096101839318258e-10	1.887739078914617563e+00	1.175368264339081925e+01	2.371582522594035958e-01	4.273226460463677018e-02	1.001356337679611130e-02	6.435215260366087264e-01	1.291892853880723113e-01	-3.207709170508333402e-02	-3.852210667066373068e-03
2.967302408188872501e-10	1.899535056653292253e+00	1.170906738833198979e+01	2.395494855949004132e-01	4.143723746824679033e-02	9.654409841493441849e-03	6.365773744039043835e-01	1.273723163446597861e-01	-3.219315896956850137e-02	-3.810754019536722031e-03
3.107866187782014063e-10	1.910807088187669311e+00	1.166368765949395758e+01	2.419085383884476137e-01	4.017743366192499249e-02	9.307853578049701468e-03	6.297644041787057168e-01	1.255951093473259006e-01	-3.229846482570191551e-02	-3.768668167379815928e-03
3.255088599835056406e-10	1.921551303220127460e+00	1.161756898658963344e+01	2.442344706009388633e-01	3.895263263266912634e-02	8.973654836708297444e-03	6.230839451716387867e-01	1.238577192898967505e-01	-3.239308540226187166e-02	-3.726039363519401647e-03
3.409285069746807543e-10	1.931764616485284414e+00	1.157073755335207998e+01	2.465263802142445282e-01	3.776253160869665754e-02	8.651554355769482119e-03	6.165370094015776292e-01	1.221601420431046303e-01	-3.247711082923132597e-02	-3.682951191764478709e-03
3.570785964900469852e-10	1.941444715017142109e+00	1.152322015844183412e+01	2.487834027388369507e-01	3.660679153196869789e-02	8.341284198649301027e-03	6.101244550966746782e-01	1.205023324445553823e-01	-3.255064473772831951e-02	-3.639484449697815566e-03
3.739937302478801677e-10	1.950590042245635258e+00	1.147504415851214432e+01	2.510047108419770634e-01	3.548503158722637885e-02	8.042569288889472520e-03	6.038469607953400597e-01	1.188842069609007263e-01	-3.261380355884585525e-02	-3.595717025890177599e-03
3.917101490809260641e-10	1.959199789623419230e+00	1.142623742574320111e+01	2.531895147862715523e-01	3.439685138809793485e-02	7.755131730154412803e-03	5.977051046544793467e-01	1.173056510354350268e-01	-3.266671597899492574e-02	-3.551723800313863044e-03
4.102658105827190344e-10	1.967273885312167847e+00	1.137682828425122317e+01	2.553370631180299499e-01	3.334173102741208594e-02	7.478667585348363137e-03	5.916989702478749891e-01	1.157664768680362333e-01	-3.270952238097920434e-02	-3.507576555159041664e-03
4.297004704320835313e-10	1.974812981913734555e+00	1.132684546439904771e+01	2.574466430081007728e-01	3.231921027054660001e-02	7.212891666983952364e-03	5.858288331376212410e-01	1.142665030773542117e-01	-3.274237426496182102e-02	-3.463343913225052674e-03
4.500557675700488183e-10	1.981818442744647024e+00	1.127631804617900180e+01	2.595175808030971143e-01	3.132876601551914941e-02	6.957507720156718908e-03	5.800946826699974190e-01	1.128055014597759004e-01	-3.276543366106083460e-02	-3.419091286974441576e-03
4.713753134116729086e-10	1.988292330108566652e+00	1.122527541115555394e+01	2.615492428024731586e-01	3.036978977969201354e-02	6.712203094833097024e-03	5.744961211723059735e-01	1.113831858088651233e-01	-3.277887250226620142e-02	-3.374880827655194621e-03
4.937047852839003559e-10	1.994237390637182639e+00	1.117374719773614089e+01	2.635410357236019907e-01	2.944173853376518685e-02	6.476686124829756502e-03	5.690329568266002669e-01	1.099992810684930766e-01	-3.278287216155058997e-02	-3.330771440481592773e-03
5.170920242896755486e-10	1.999657036593534443e+00	1.112176324778386771e+01	2.654924069739151848e-01	2.854399490533085504e-02	6.250652113640419762e-03	5.637046453376811650e-01	1.086534604565019685e-01	-3.277762276632541216e-02	-3.286818757139619608e-03
5.415871378079465267e-10	2.004555322724977717e+00	1.106935357846151113e+01	2.674028438541560804e-01	2.767593542108292420e-02	6.033801070761714291e-03	5.585105570405746178e-01	1.073453789962363625e-01	-3.276332249675997094e-02	-3.243075170377427222e-03
5.672426068491988835e-10	2.008936927027414221e+00	1.101654833927936750e+01	2.692718737186578504e-01	2.683690725428109630e-02	5.825830754107117621e-03	5.534498789757339443e-01	1.060746604529284737e-01	-3.274017703081434638e-02	-3.199589864800806999e-03
5.941133984965039838e-10	2.012807125220565929e+00	1.096337776941283337e+01	2.710990633896321889e-01	2.602627619894845937e-02	5.626449697781079826e-03	5.485218083083633900e-01	1.048409232039093503e-01	-3.270839887064930229e-02	-3.156408861716210844e-03
6.222570836730231313e-10	2.016171763139120721e+00	1.090987217204483528e+01	2.728840179425879864e-01	2.524337070623579662e-02	5.435363201427241553e-03	5.437253214159922798e-01	1.036437540001007573e-01	-3.266820665148734149e-02	-3.113575085543879208e-03
6.517339604882420571e-10	2.019037230555072782e+00	1.085606188346527468e+01	2.746263798558047364e-01	2.448752558448279160e-02	5.252284162083373058e-03	5.390593511519577996e-01	1.024827298804878994e-01	-3.261982448822206559e-02	-3.071128432475787179e-03
6.826071834272379248e-10	2.021410433339172918e+00	1.080197721339654748e+01	2.763258287151025283e-01	2.375806687370651815e-02	5.076929027168132318e-03	5.345227226582155433e-01	1.013574108350084740e-01	-3.256348137104490836e-02	-3.029105839359325786e-03
7.149428986597561750e-10	2.023298768436947004e+00	1.074764843816449122e+01	2.779820800217202015e-01	2.305432054025288030e-02	4.909020567421814446e-03	5.301141886484108667e-01	1.002673463749650523e-01	-3.249941048886516998e-02	-2.987541370661820923e-03
7.488103857590030225e-10	2.024710094577848452e+00	1.069310573663979724e+01	2.795948849068544129e-01	2.237560879664336755e-02	4.748286586830702087e-03	5.258324124655076037e-01	9.921207357315518782e-02	-3.242784864313820459e-02	-2.946466297062855233e-03
7.842822061337681836e-10	2.025652707157171495e+00	1.063837917703308378e+01	2.811640291547347625e-01	2.172125836067005308e-02	4.594461400893028180e-03	5.216760025396540712e-01	9.819112103807625669e-02	-3.234903568873588597e-02	-2.905909196560320460e-03
8.214343584919422200e-10	2.026135307598440072e+00	1.058349869443604518e+01	2.826893317017694640e-01	2.109058824114850780e-02	4.447283117065419650e-03	5.176434600826804733e-01	9.720400441349000276e-02	-3.226321400015607493e-02	-2.865896075343099536e-03
8.603464416684491388e-10	2.026166970210906193e+00	1.052849406802663523e+01	2.841706427787847877e-01	2.048294604457281953e-02	4.306503221705186048e-03	5.137333364136189573e-01	9.625024789618996657e-02	-3.217062766063184115e-02	-2.826450450305291635e-03
9.011018251665036851e-10	2.025757118918142474e+00	1.047339487522850021e+01	2.856078440418915454e-01	1.989765695763750716e-02	4.171872523373712505e-03	5.099440119818524630e-01	9.532935516937325604e-02	-3.207152221203856540e-02	-2.787593472632164844e-03
9.437878277775391497e-10	2.024915498086473420e+00	1.041823047940224534e+01	2.870008469876662582e-01	1.933408638844607425e-02	4.043157155336295390e-03	5.062739694812909974e-01	9.444084459397533715e-02	-3.196614396809212277e-02	-2.749344023639212035e-03
9.884959046625586031e-10	2.023652144983505874e+00	1.036302998690817923e+01	2.883495924090677121e-01	1.879157493969397033e-02	3.920122243515484529e-03	5.027215104698533610e-01	9.358421511486987587e-02	-3.185473957677829177e-02	-2.711718822102551080e-03
1.035321843295661502e-09	2.021977366694248435e+00	1.030782223928729735e+01	2.896540495114458547e-01	1.826949069419061406e-02	3.802544620100767759e-03	4.992849847785851836e-01	9.275897443505938533e-02	-3.173755559774616569e-02	-2.674732534787740978e-03
1.084365968689608688e-09	2.019901709778342713e+00	1.025263577453490349e+01	2.909142148247341741e-01	1.776721021565485018e-02	3.690208027846094297e-03	4.959627089102872644e-01	9.196462980652364561e-02	-3.161483800652614001e-02	-2.638397881258198151e-03
1.135733358343102889e-09	2.017435938511311200e+00	1.019749883344115915e+01	2.921301110439985527e-01	1.728411952680273048e-02	3.582903089275051023e-03	4.927529716530829051e-01	9.120068897606145586e-02	-3.148683182344230030e-02	-2.602725750731825407e-03
1.189534067370320724e-09	2.014591006691260233e+00	1.014243930735013421e+01	2.933017865638031796e-01	1.681961808681624315e-02	3.480427819658433487e-03	4.896540528568954498e-01	9.046666204031682257e-02	-3.135378071330318511e-02	-2.567725296990890516e-03
1.245883364295008068e-09	2.011378035733210723e+00	1.008748474677822315e+01	2.944293141529755742e-01	1.637312159552095289e-02	3.382589049660401307e-03	4.866642382169297232e-01	8.976206576979493812e-02	-3.121592654282183410e-02	-2.533404036658218079e-03
1.304901978014401580e-09	2.007808295128533871e+00	1.003266232692403293e+01	2.955127911687548403e-01	1.594403374144713961e-02	3.289193878678055814e-03	4.837816916762158193e-01	8.908640468704867588e-02	-3.107350956579409823e-02	-2.499768023399907314e-03
1.366716356462010101e-09	2.003893169192552115e+00	9.977998848623984784e+00	2.965523366857643617e-01	1.553181351416062922e-02	3.200067278007021933e-03	4.810047643407627249e-01	8.843921262367078484e-02	-3.092676701839918232e-02	-2.466821794556230390e-03
1.431458937523481393e-09	1.999644147329120880e+00	9.923520712705396818e+00	2.975480927909833762e-01	1.513590622827748131e-02	3.115034152152752235e-03	4.783316817474083105e-01	8.782001206789454006e-02	-3.077593397681931131e-02	-2.434568625287659126e-03
1.499268432786047049e-09	1.995072795526417142e+00	9.869253906854979164e+00	2.985002227123499385e-01	1.475577426911858607e-02	3.033927283623890931e-03	4.757606858141065209e-01	8.722833334739449329e-02	-3.062124250841356810e-02	-2.403010542447584809e-03
1.570290124729377524e-09	1.990190739566101152e+00	9.815224011424183104e+00	2.994089100359050848e-01	1.439090095637756729e-02	2.956587431866090736e-03	4.732900549817399827e-01	8.666371570743161556e-02	-3.046292157975877268e-02	-2.372148441045514485e-03
1.644676177994662829e-09	1.985009645192438610e+00	9.761456182511802027e+00	3.002743580893559305e-01	1.404077110323057216e-02	2.882859043154425115e-03	4.709180163474962488e-01	8.612569801422759186e-02	-3.030119681492005057e-02	-2.341982164781152963e-03
1.722585965398783835e-09	1.979541197761986338e+00	9.707975125821267426e+00	3.010967894760696040e-01	1.370490511979933525e-02	2.812597947797684100e-03	4.686429053759951779e-01	8.561383731464261571e-02	-3.013629034148705005e-02	-2.312510590216556878e-03
1.804186409392068039e-09	1.973797086552448565e+00	9.654805113489114632e+00	3.018764449277988593e-01	1.338281454939948927e-02	2.745660670894567359e-03	4.664629620364815210e-01	8.512768467808823347e-02	-2.996842056007973862e-02	-2.283731712035686704e-03
1.889652339691211477e-09	1.967788988957581919e+00	9.601969960424296957e+00	3.026135833195717217e-01	1.307404168769079646e-02	2.681913671445576835e-03	4.643765163326997736e-01	8.466680720651086067e-02	-2.979780210322483316e-02	-2.255642717899721851e-03
1.979166867853557524e-09	1.961528553277639197e+00	9.549493031173385660e+00	3.033084804581159255e-01	1.277813847155235757e-02	2.621228014320428710e-03	4.623818926909524785e-01	8.423077635725276235e-02	-2.962464559728131969e-02	-2.228240061818624693e-03
2.072921779595369695e-09	1.955027383810653774e+00	9.497397227446954915e+00	3.039614287506436363e-01	1.249466719231640509e-02	2.563479705039609178e-03	4.604774147412456498e-01	8.381916912111214701e-02	-2.944915762031182979e-02	-2.201519539135343012e-03
2.171117945694509622e-09	1.948297027968402428e+00	9.445704970432668546e+00	3.045727372984590176e-01	1.222321530733683909e-02	2.508552881800652726e-03	4.586614765393159932e-01	8.343157592049584015e-02	-2.927154062422641229e-02	-2.175476340207664529e-03
2.273965752357932151e-09	1.942499592740514647e+00	9.402818272691554569e+00	3.050514746987560422e-01	1.200527483483493016e-02	2.464736190806610452e-03	4.572109494940911345e-01	8.312597544279708150e-02	-2.912152488260860012e-02	-2.154225899620270269e-03
2.381685551976160644e-09	1.937836054685295739e+00	9.369662630516593538e+00	3.053959780709898375e-01	1.184211901749817296e-02	2.432194437678079479e-03	4.561354011199099667e-01	8.290353640187483886e-02	-2.900327987835503094e-02	-2.138078701792254371e-03
2.494508135230316413e-09	1.933073205376204085e+00	9.337234321992250230e+00	3.057034066142277351e-01	1.168784291026519866e-02	2.401729077631931282e-03	4.551330492420389562e-01	8.270151061290542671e-02	-2.888510169661235097e-02	-2.122582414689650702e-03
2.612675225563326382e-09	1.928190417707208226e+00	9.305467893733617046e+00	3.059721796325902132e-01	1.154214904617152648e-02	2.373295697096123105e-03	4.542041584042675328e-01	8.252045242977254502e-02	-2.876661272005286152e-02	-2.107714935844539131e-03
2.736439997074666368e-09	1.923176047498840635e+00	9.274310865034449236e+00	3.062017211366548364e-01	1.140468299058177912e-02	2.346825465885549189e-03	4.533478305272261588e-01	8.236043980706707346e-02	-2.864757209554757642e-02	-2.093451711808290341e-03
2.866067616948244470e-09	1.918023705540105928e+00	9.243720261303527863e+00	3.063919928240387280e-01	1.127508400148757167e-02	2.322242008389528625e-03	4.525626522819430342e-01	8.222131078534027082e-02	-2.852782170225180020e-02	-2.079768089162976116e-03
3.001835813575592210e-09	1.912730508329885337e+00	9.213660614267618953e+00	3.065432863827782239e-01	1.115300224850119745e-02	2.299468042797246040e-03	4.518469587926108866e-01	8.210276664152622861e-02	-2.840726009761908311e-02	-2.066640161580731664e-03
3.144035471591500167e-09	1.907296063076244552e+00	9.184102582013153437e+00	3.066561094137365551e-01	1.103809853395228482e-02	2.278425739421327707e-03	4.511989327399562044e-01	8.200442048042572152e-02	-2.828582718196487669e-02	-2.054045114375034620e-03
3.292971255097148186e-09	1.901721811513804816e+00	9.155021963446310806e+00	3.067311141265730567e-01	1.093004451118759907e-02	2.259038488808092198e-03	4.506166686013354239e-01	8.192583127359406858e-02	-2.816349398249112443e-02	-2.041961369673281259e-03
3.448962260405766611e-09	1.896010568467516366e+00	9.126398864122815979e+00	3.067690513827113774e-01	1.082856294661601639e-02	2.241241177883365309e-03	4.500984060346345239e-01	8.186654803604898056e-02	-2.804025550569988479e-02	-2.030368610946464702e-03
3.612342699709437910e-09	1.890166195270261751e+00	9.098217086466885206e+00	3.067707384458331354e-01	1.073333357529044491e-02	2.224956469313435058e-03	4.496421094163055576e-01	8.182606519208945883e-02	-2.791612550680709279e-02	-2.019247773121781060e-03
3.783462617131932968e-09	1.884193349866171152e+00	9.070463577916587639e+00	3.067370368718714269e-01	1.064412883280645150e-02	2.210130406701408482e-03	4.492461361422537269e-01	8.180391856664943895e-02	-2.779113255978733418e-02	-2.008580993197748264e-03
3.962688638701478467e-09	1.878097294856396759e+00	9.043128015563377531e+00	3.066688350058109913e-01	1.056067456434370451e-02	2.196696062887138357e-03	4.489085874664334730e-01	8.179960367595932869e-02	-2.766531678021129023e-02	-1.998351551224232699e-03
4.150404757850472502e-09	1.871883755000116389e+00	9.016202403387994835e+00	3.065670379838372761e-01	1.048274440613401054e-02	2.184598762943458245e-03	4.486277685831023820e-01	8.181264127743088921e-02	-2.753872776762871649e-02	-1.988543809296079972e-03
4.347013158125017173e-09	1.865558796184416002e+00	8.989680791594659937e+00	3.064325570431229440e-01	1.041012052858925931e-02	2.173785544628700338e-03	4.484020110676737447e-01	8.184255584552146967e-02	-2.741142237746240981e-02	-1.979143148781945579e-03
4.552935074866938773e-09	1.859128734869519128e+00	8.963558972712780459e+00	3.062663045608343126e-01	1.034260330012573732e-02	2.164208090194094311e-03	4.482297237618935171e-01	8.188888455138974842e-02	-2.728346332305130531e-02	-1.970135890712907106e-03
4.768611697714474181e-09	1.852600060822003458e+00	8.937834256912362108e+00	3.060691885681239843e-01	1.028000098108421134e-02	2.155819762953155739e-03	4.481093488162776195e-01	8.195117208620997240e-02	-2.715491786194505416e-02	-1.961509242364404323e-03
4.994505115855140358e-09	1.845979382187106888e+00	8.912505281038409777e+00	3.058421097795034349e-01	1.022213613141788324e-02	2.148577750836282944e-03	4.480393951738790848e-01	8.202897688977855983e-02	-2.702585692002752726e-02	-1.953251242516568925e-03
5.231099308056257792e-09	1.839273370845627698e+00	8.887571815465115321e+00	3.055859587473532257e-01	1.016884286115585408e-02	2.142441992816155813e-03	4.480184282231663428e-01	8.212186949081044796e-02	-2.689635404234302918e-02	-1.945350688185145576e-03
5.478901179593956120e-09	1.832488727414151253e+00	8.863034616208008032e+00	3.053016147192879060e-01	1.011996802614549204e-02	2.137375908515052204e-03	4.480450766598506052e-01	8.222943452333490721e-02	-2.676648497053421213e-02	-1.937797101133711432e-03
5.738441648302404521e-09	1.825632147327440169e+00	8.838895288961138519e+00	3.049899442769080649e-01	1.007536163572449531e-02	2.133343588533877233e-03	4.481179883171779177e-01	8.235126427059392962e-02	-2.663632688326285358e-02	-1.930580659787388886e-03
6.010276782070388176e-09	1.818710293101510667e+00	8.815156161034954252e+00	3.046518007359934610e-01	1.003489351793637741e-02	2.130314232946782429e-03	4.482359099015414960e-01	8.248696944410555121e-02	-2.650595800444727895e-02	-1.923692161771419461e-03
6.294988990221888141e-09	1.811729776108827350e+00	8.791820196150913702e+00	3.042880236639233793e-01	9.998432203963776230e-03	2.128256732315359206e-03	4.483975873666208867e-01	8.263616607807106051e-02	-2.637545723327840153e-02	-1.917122984227249884e-03
6.593188271333541710e-09	1.804697136775315514e+00	8.768890875997714218e+00	3.038994392896285368e-01	9.965858584028507161e-03	2.127143247856587861e-03	4.486018303699070842e-01	8.279848381187518425e-02	-2.624490381801031919e-02	-1.910865034477635680e-03
6.905513520162316861e-09	1.797618831898051939e+00	8.746372133897063250e+00	3.034868603116373520e-01	9.937061013834343898e-03	2.126947841571710882e-03	4.488474892756047496e-01	8.297356246723176787e-02	-2.611437707296029864e-02	-1.904910718701283059e-03
7.232633896483518810e-09	1.790501225374260708e+00	8.724268284791969919e+00	3.030510864128488357e-01	9.911933253163208654e-03	2.127645981374563702e-03	4.491334450049340177e-01	8.316105046377077203e-02	-2.598395621020863425e-02	-1.899252906577822506e-03
7.575250258771920716e-09	1.783350573472518796e+00	8.702583940009626318e+00	3.025929043847822575e-01	9.890375563986890037e-03	2.129214701876832195e-03	4.494586141435072402e-01	8.336060498358900672e-02	-2.585372005020718233e-02	-1.893884897093531597e-03
7.934096665797492339e-09	1.776173023607837242e+00	8.681323962001172845e+00	3.021130891474788638e-01	9.872296146476090828e-03	2.131633427388834358e-03	4.498219547081943048e-01	8.357189332085161737e-02	-2.572374696701580296e-02	-1.888800386707717004e-03
8.309941949353386453e-09	1.768974608275802884e+00	8.660493419673619186e+00	3.016124039347128916e-01	9.857603707112892050e-03	2.134881273470046019e-03	4.502224311359269149e-01	8.379458622636160037e-02	-2.559411475551718815e-02	-1.883993450172029250e-03
8.703591361485183753e-09	1.761761238895018344e+00	8.640097525565739289e+00	3.010916010920083319e-01	9.846223882457054780e-03	2.138942162983286602e-03	4.506590903246130986e-01	8.402836952932636605e-02	-2.546490046333501830e-02	-1.879458500949725145e-03
9.115888299750837812e-09	1.754538703239479469e+00	8.620141602408811110e+00	3.005514224596796957e-01	9.838066224620854380e-03	2.143795382785181145e-03	4.511309070677341215e-01	8.427292150383929037e-02	-2.533618032785815363e-02	-1.875190280662709973e-03
9.547716114208065503e-09	1.747312665225446926e+00	8.600631045928405882e+00	2.999926002875213937e-01	9.833065970989046320e-03	2.149427260220045793e-03	4.516369780819431967e-01	8.452793989190758583e-02	-2.520802970510230973e-02	-1.871183826512956604e-03
1.000000000000000021e-08	1.740088662419590371e+00	8.581571281860442824e+00	2.994158579590351921e-01	9.831150944477996118e-03	2.155821927217703264e-03	4.521763668948301507e-01	8.479311966652360033e-02	-2.508052303068115940e-02	-1.867434453306381211e-03
