# Pressure Mass Radius Compactness k2 k3 h2 h3 j2 j3
9.999999999999999799e-13	9.896752934656799505e-02	6.023331949366100702e+01	2.426197581785643695e-03	2.035551488761113206e-04	4.426165106701623311e-05	9.931507916675540448e-01	3.301462974944801010e-01	-1.152137129548952160e-06	-1.435691208213876403e-07
1.047370897959448749e-12	9.996777289234340391e-02	5.592257714454853357e+01	2.639630115831177997e-03	2.188039839061077638e-04	7.175835044603685420e-05	9.925511695919129185e-01	3.298639198676107109e-01	-1.381803819761317059e-06	-1.588093647398661532e-07
1.096985797892381920e-12	1.010066596785189064e-01	5.217153633254164191e+01	2.858818726352914397e-03	2.385675652147947214e-04	4.322748858938848225e-05	9.919365404396837116e-01	3.295744049810223064e-01	-1.663624635116170511e-06	-1.764757900777757868e-07
1.148951000187311009e-12	1.020820559229510122e-01	4.888108501350331636e+01	3.083747467019186742e-03	2.633943249416641447e-04	8.228217591086818398e-05	9.913181812715281538e-01	3.292777827091294407e-01	-2.007434954654030979e-06	-1.970681470413980524e-07
1.203377840777590522e-12	1.031923079609287086e-01	4.597358256938579757e+01	3.314432758189320757e-03	2.939444724707000181e-04	4.122474687234653810e-05	9.906924182980758609e-01	3.289740691018445129e-01	-2.424243841016526584e-06	-2.212055131976848201e-07
1.260382929679727463e-12	1.043361884012089374e-01	4.338742862401604583e+01	3.550923285630785183e-03	3.308637282100554953e-04	6.180772902451359477e-05	9.900635718387450490e-01	3.286632194355399994e-01	-2.926292665458812985e-06	-2.496430488867333777e-07
1.320088400831416649e-12	1.055128545142734325e-01	4.107318869797412475e+01	3.793299965624621906e-03	3.749254139446643185e-04	6.045206327192109876e-05	9.894331570674115284e-01	3.283451910685069586e-01	-3.527099201932374943e-06	-2.832918243765686038e-07
1.382622173764653478e-12	1.067218309646124214e-01	3.899076073782746477e+01	4.041678777722615412e-03	4.269356348183311802e-04	6.708189632014521103e-05	9.888007824769152743e-01	3.280199005806851420e-01	-4.241543458594128238e-06	-3.232417180968614598e-07
1.448118227674535917e-12	1.079629900310995760e-01	3.710731148468406104e+01	4.296211458216327161e-03	4.877038755449684786e-04	7.208015264167245550e-05	9.881692808756766810e-01	3.276872132224523115e-01	-5.085950034646815430e-06	-3.707830688198263556e-07
1.516716888470924089e-12	1.092365433685697773e-01	3.539572623925487704e+01	4.557087385887794405e-03	5.581152750730110053e-04	6.876989925564599971e-05	9.875377097845704499e-01	3.273469695641312849e-01	-6.078204698971217706e-06	-4.274337157924611419e-07
1.588565129428052692e-12	1.105430377191216756e-01	3.383343938183705291e+01	4.824535218476260108e-03	6.390903548851243612e-04	7.511308772049910183e-05	9.869099459281811537e-01	3.269989700565487101e-01	-7.237891461433410693e-06	-4.949680416214684228e-07
1.663816886076127415e-12	1.118833553116064805e-01	3.240153774828642241e+01	5.098824867220888915e-03	7.315922990827791435e-04	8.209916101937868565e-05	9.862854356979914305e-01	3.266429727455930077e-01	-8.586465973261941546e-06	-5.754509577532154839e-07
1.742633386009647278e-12	1.132587184648179840e-01	3.108406624823642161e+01	5.380269774621661109e-03	8.366582947539056344e-04	9.036783076891923114e-05	9.856662137738699814e-01	3.262787020860676845e-01	-1.014745222818536445e-05	-6.712708255489529242e-07
1.825183494319046040e-12	1.146706979174540592e-01	2.986748695484718397e+01	5.669229105537277290e-03	9.553270094287141670e-04	9.917583765250239964e-05	9.850530589829515904e-01	3.259058195768091970e-01	-1.194672400483717237e-05	-7.852049928754732628e-07
1.911644075385703708e-12	1.161211696549361294e-01	2.874028490333409991e+01	5.966100539671692106e-03	1.088755065047570690e-03	1.099182248021458251e-04	9.844475542975712479e-01	3.255239761829031853e-01	-1.401267113580194762e-05	-9.204287367052486958e-07
2.002200371815584363e-12	1.176121199606604689e-01	2.769272425084049161e+01	6.271286359758205912e-03	1.238054303210530836e-03	1.219800725821671724e-04	9.838505866227322816e-01	3.251327982233970237e-01	-1.637624944818944720e-05	-1.080587010977234375e-06
2.097046401323230665e-12	1.191455290256545202e-01	2.671655684130589492e+01	6.585177691819549782e-03	1.404489170306084641e-03	1.357500684474512046e-04	9.832637571204392302e-01	3.247319929441349062e-01	-1.907097412993559923e-05	-1.269814612860799100e-06
2.196385372416542332e-12	1.207233292010042314e-01	2.580474816388182191e+01	6.908150866743060191e-03	1.589254716247553902e-03	1.522656734746475303e-04	9.826888032765292991e-01	3.243212670213315718e-01	-2.213296889777114455e-05	-1.492779201074050549e-06
2.300430119772921506e-12	1.223473740121163028e-01	2.495125824935479386e+01	7.240564658417997755e-03	1.793591742415296319e-03	1.713855858773516514e-04	9.821270638547638931e-01	3.239003818119379208e-01	-2.560098901930839141e-05	-1.754720756258363917e-06
2.409403560239526876e-12	1.240194083985984991e-01	2.415086779359625879e+01	7.582757195603000676e-03	2.018752644746048611e-03	1.938200562495740473e-04	9.815804490758635037e-01	3.234691438766796323e-01	-2.951639845078375037e-05	-2.061485593563647719e-06
2.523539170434765862e-12	1.257410427803792030e-01	2.339903791642871056e+01	7.935043127833028148e-03	2.265940937624202380e-03	2.182136996100927104e-04	9.810506000919936298e-01	3.230273958784711241e-01	-3.392311854248308091e-05	-2.419559629208426511e-06
2.643081486974102692e-12	1.275137268067246255e-01	2.269179694876591924e+01	8.297710626489433056e-03	2.536359381043252689e-03	2.457750390344575755e-04	9.805393077139731295e-01	3.225750373851538622e-01	-3.886750076743629911e-05	-2.836088404321851887e-06
2.768286630392061017e-12	1.293387249897952895e-01	2.202564822160769609e+01	8.671018478479775721e-03	2.831146447496412852e-03	2.782753454853373071e-04	9.800484473549363473e-01	3.221120152971403416e-01	-4.439817106512039297e-05	-3.318895046076256817e-06
2.899422853882880921e-12	1.312170907577263623e-01	2.139749505958371856e+01	9.055192869909542072e-03	3.151407147180752995e-03	3.142559273065367257e-04	9.795797896502868030e-01	3.216383406567738801e-01	-5.056578538296301815e-05	-3.876480802620500436e-06
3.036771118035460378e-12	1.331496414603567657e-01	2.080457905498645488e+01	9.450424206025079613e-03	3.498119196604271980e-03	3.551553064769393778e-04	9.791350830014806661e-01	3.211540635394890542e-01	-5.742274260201729315e-05	-4.518020816104561878e-06
3.180625692794118977e-12	1.351369540172821515e-01	2.024442342444595155e+01	9.856868177477755982e-03	3.872191923887773231e-03	4.007714064767667578e-04	9.787159434083985143e-01	3.206592966628640240e-01	-6.502288356833452057e-05	-5.253344956440900324e-06
3.331294787934670055e-12	1.371796785231093607e-01	1.971471506152424524e+01	1.027470854082915795e-02	4.274463900412593491e-03	4.518781595529186871e-04	9.783239482647276830e-01	3.201541203837410809e-01	-7.342246731691387410e-05	-6.093043365977528129e-06
3.489101213406766494e-12	1.392788374291556164e-01	1.921324950954680943e+01	1.070420814391673248e-02	4.705754733191858281e-03	5.082122710670259952e-04	9.779602337614591301e-01	3.196385191767167622e-01	-8.268143903492719104e-05	-7.048618242569823255e-06
3.654383070957261569e-12	1.414358585834198656e-01	1.873795372750961974e+01	1.114570653779273224e-02	5.166925448471893466e-03	5.704778198726070948e-04	9.776260007911040661e-01	3.191124036402923636e-01	-9.286392824277764075e-05	-8.132572541972443047e-06
3.827494478516314936e-12	1.436526378160605799e-01	1.828688876080305192e+01	1.159962680971463392e-02	5.658850401983118658e-03	6.391391438418770428e-04	9.773221308384708594e-01	3.185755886868271158e-01	-1.040390301836540901e-04	-9.358542564210909595e-06
4.008806328898464320e-12	1.459315965684682692e-01	1.785824915664480272e+01	1.206648260160563500e-02	6.182456548543467829e-03	7.146515615659670799e-04	9.770494504926805490e-01	3.180277920108564582e-01	-1.162817095195117946e-04	-1.074145147853408217e-05
4.198707084443905621e-12	1.482757391765259780e-01	1.745036036681565150e+01	1.254688544327816312e-02	6.738739922036962073e-03	7.974931101902949611e-04	9.768086756643822310e-01	3.174686277924275157e-01	-1.296738612951973979e-04	-1.229769646119469623e-05
4.397603609302712498e-12	1.506887120734223540e-01	1.706167480909195433e+01	1.304155255613192316e-02	7.328831031869736945e-03	8.879605621606842438e-04	9.766005143044071968e-01	3.168976151271247210e-01	-1.443055505041322781e-04	-1.404537690147671881e-05
4.605922041145112927e-12	1.531748668101425570e-01	1.669076694393109150e+01	1.355131539904566411e-02	7.953956937388718604e-03	9.865357080854181802e-04	9.764255989251334755e-01	3.163141465213321069e-01	-1.602764312409157474e-04	-1.600455930264238556e-05
4.824108704165373984e-12	1.557393287411736882e-01	1.633632792757928698e+01	1.407712901485757249e-02	8.615529868105457553e-03	1.093834348636587390e-03	9.762846460676226634e-01	3.157175104498174401e-01	-1.776974059017544716e-04	-1.819759794378450826e-05
5.052631065335679604e-12	1.583880721780269174e-01	1.599716005413562137e+01	1.462008231549699090e-02	9.315159665033352979e-03	1.210565890927921750e-03	9.761784639832761235e-01	3.151068722264921407e-01	-1.966925207700811042e-04	-2.064950657694703150e-05
5.291978735958436557e-12	1.611280047150241423e-01	1.567217120472100511e+01	1.518140956657362470e-02	1.005466473547835492e-02	1.337102271571019097e-03	9.761079368741981677e-01	3.144812632020517196e-01	-2.174011705024368095e-04	-2.338840286756353854e-05
5.542664520663095602e-12	1.639673364293386948e-01	1.536034016655852064e+01	1.576255965674851212e-02	1.083622100049738690e-02	1.474471479210644892e-03	9.760741778504874455e-01	3.138395236019821399e-01	-2.399828872551072149e-04	-2.644633474786813455e-05
5.805225516094907684e-12	1.669163441290960059e-01	1.506065371457552260e+01	1.636534917873667602e-02	1.166258411125701416e-02	1.623371471720513751e-03	9.760785509190134102e-01	3.131801457416614753e-01	-2.646266197863250832e-04	-2.986081628873376288e-05
6.080224261649427052e-12	1.699864540411213654e-01	1.477222118313501475e+01	1.699177496902060450e-02	1.253683611585887196e-02	1.784738664979156932e-03	9.761227140009143266e-01	3.125014844507714162e-01	-2.915471272072149957e-04	-3.367467661125221129e-05
6.368249944718585906e-12	1.731900378940574026e-01	1.449428670971403221e+01	1.764396934197472525e-02	1.346234569112798179e-02	1.959568582774310220e-03	9.762086881004710115e-01	3.118018273883354508e-01	-3.209859384876412010e-04	-3.793649219709943366e-05
6.669919663030115058e-12	1.765405077377136811e-01	1.422621161369368536e+01	1.832421344187537895e-02	1.444277983412617719e-02	2.149111149750076045e-03	9.763388722462618130e-01	3.110793845448286965e-01	-3.532148067220087714e-04	-4.270138741931511084e-05
6.985879746785234820e-12	1.800524259516385894e-01	1.396745994119506662e+01	1.903495164090274888e-02	1.548211588458275542e-02	2.354481786108025311e-03	9.765160305548944430e-01	3.103322800600570308e-01	-3.885396329300065568e-04	-4.803194428771397534e-05
7.316807143427207274e-12	1.837416323494070469e-01	1.371758641920225763e+01	1.977880735423951514e-02	1.658463288492089197e-02	2.577016587310372760e-03	9.767432886638288680e-01	3.095585385098570397e-01	-4.273049825565134602e-04	-5.399925117464246174e-05
7.663410868007462274e-12	1.876253882964669106e-01	1.347622634002470221e+01	2.055860027309646884e-02	1.775497145522723572e-02	2.818228166450758871e-03	9.770242368716516301e-01	3.087560903682289859e-01	-4.698992307768209606e-04	-6.068409403507209123e-05
8.026433522257174683e-12	1.917225394710509179e-01	1.324308708951429026e+01	2.137736501357396721e-02	1.899811270560275434e-02	3.079631922271106048e-03	9.773628692567614129e-01	3.079227515208800003e-01	-5.167604539596600162e-04	-6.817832063297294125e-05
8.406652885618316356e-12	1.960536997658329228e-01	1.301794096281087576e+01	2.223837143541803479e-02	2.031943231377938627e-02	3.362878709452612677e-03	9.777636932623126054e-01	3.070562286922097761e-01	-5.683831613646767164e-04	-7.658639468084628855e-05
8.804883581643446547e-12	2.006414590252270647e-01	1.280061909451936408e+01	2.314514669687300560e-02	2.172465394145149317e-02	3.669872206550957566e-03	9.782316286232134450e-01	3.061540915385314587e-01	-6.253260110373618300e-04	-8.602717772200217574e-05
9.221978823334340144e-12	2.055106086338616689e-01	1.259100664364067157e+01	2.410149749595694516e-02	2.321992430262448392e-02	4.002498219448735392e-03	9.787721618448209648e-01	3.052137843957727914e-01	-6.882204890457253778e-04	-9.663592531139754394e-05
9.658832241158709141e-12	2.106877674717300974e-01	1.238906099460609234e+01	2.511141382834426033e-02	2.481158776153025505e-02	4.362858852610672876e-03	9.793912134124661550e-01	3.042327248564081765e-01	-7.577722872736564501e-04	-1.085650895749983399e-04
1.011637979766206976e-11	2.162004194401300483e-01	1.219483202687260714e+01	2.617887289697786932e-02	2.650576278911645142e-02	4.752982295746967061e-03	9.800948299400127350e-01	3.032084868605783856e-01	-8.347537292491880902e-04	-1.219834739710287669e-04
1.059560179277614774e-11	2.220770112195157020e-01	1.200842884803979338e+01	2.730785887798364495e-02	2.830834611640014112e-02	5.174928993888339331e-03	9.808891986747879654e-01	3.021388032945465651e-01	-9.200088510000537824e-04	-1.370773981659364625e-04
1.109752496412069864e-11	2.283468536199041721e-01	1.183000034185380045e+01	2.850233956081288378e-02	3.022474219722977654e-02	5.630682924029332785e-03	9.817801862684785164e-01	3.010215436643131626e-01	-1.014455388900096199e-03	-1.540512723788200935e-04
1.162322468679854125e-11	2.350399472599350448e-01	1.165971965881014327e+01	2.976622823800076714e-02	3.225974532824796293e-02	6.122124567125979480e-03	9.827732435045938297e-01	2.998547615781369524e-01	-1.119084671879254280e-03	-1.731276615280193728e-04
1.217382727739662020e-11	2.421867656241502020e-01	1.149777011132376003e+01	3.110333953441524191e-02	3.441725225900472279e-02	6.650935163708719504e-03	9.838729511378953019e-01	2.986366984721045559e-01	-1.234959618936729443e-03	-1.945468463674164224e-04
1.275051240713012859e-11	2.498179846247316205e-01	1.134433237501950487e+01	3.251733858739711686e-02	3.670007652844110152e-02	7.218583971824820041e-03	9.850827867336493515e-01	2.973658152692291723e-01	-1.363210258936959013e-03	-2.185657173988407099e-04
1.335451562929897339e-11	2.579641488525453719e-01	1.119957289200061901e+01	3.401168337514551970e-02	3.910965011680043318e-02	7.826187208942035622e-03	9.864046509097877946e-01	2.960408096216060603e-01	-1.505026203541015659e-03	-2.454558436919458426e-04
1.398713102647241439e-11	2.666552648111526480e-01	1.106363350909652965e+01	3.558955983600683992e-02	4.164569000162785667e-02	8.474439045471127141e-03	9.878383077829971937e-01	2.946606115905823775e-01	-1.661645494077601320e-03	-2.755005750871737658e-04
1.464971398307287854e-11	2.759203082374862559e-01	1.093662225755965345e+01	3.725380949427434946e-02	4.430603506915917894e-02	9.163551247675642830e-03	9.893811815572972623e-01	2.932244390987858162e-01	-1.834339037228760591e-03	-3.089909415306752913e-04
1.534368408930013065e-11	2.857866374499104523e-01	1.081860535034108750e+01	3.900684953442706132e-02	4.708617522972476793e-02	9.893092249993924031e-03	9.910274672103265292e-01	2.917317558682386291e-01	-2.024390176732498905e-03	-3.462202764656027460e-04
1.607052818261638620e-11	2.962785614641975651e-01	1.070960737127792584e+01	4.085045640312284093e-02	4.997892732197344728e-02	1.066190150725831835e-02	9.927678416267072814e-01	2.901824366228064611e-01	-2.233053690201825849e-03	-3.874743605205604102e-04
1.683180353330955093e-11	3.074090673027098930e-01	1.060966383062897123e+01	4.278438413588264017e-02	5.297212965075315944e-02	1.146741260028386923e-02	9.945875797451324551e-01	2.885778010280007910e-01	-2.461365758958882367e-03	-4.329912518980461793e-04
1.762914118095944293e-11	3.191819990852064470e-01	1.051875047171132849e+01	4.480685612478194774e-02	5.604962750254918746e-02	1.230586336604178911e-02	9.964669947902502489e-01	2.869200856488132723e-01	-2.710146080120258601e-03	-4.829581909828149235e-04
1.846424942895546448e-11	3.315964638326174274e-01	1.043673418972597311e+01	4.691540858158613908e-02	5.919283132503859457e-02	1.317267223657246980e-02	9.983823898448761502e-01	2.852116728340652330e-01	-2.980058018905199727e-03	-5.375207906897046728e-04
1.933891750455232057e-11	3.446464097192564191e-01	1.036338544061030476e+01	4.910688006646395792e-02	6.238097248574613063e-02	1.406247201561098246e-02	1.000306318397937932e+00	2.834550612900652022e-01	-3.271577463183420343e-03	-5.967745328764222437e-04
2.025501939230666486e-11	3.583201418378337277e-01	1.029839088053579843e+01	5.137739551562699181e-02	6.559142027819435394e-02	1.496917593093867634e-02	1.002207979521443137e+00	2.816528505945137817e-01	-3.584961152915592739e-03	-6.607564140390305733e-04
2.121451784910627571e-11	3.725998585334108215e-01	1.024136537174270067e+01	5.372235722634309540e-02	6.880009595697410274e-02	1.588608076958612433e-02	1.004053807759744066e+00	2.798077456728020884e-01	-3.920216778639719346e-03	-7.294373192092950533e-04
2.221946860939528424e-11	3.874612292767795618e-01	1.019186322386243049e+01	5.613644423064798744e-02	7.198190614093248618e-02	1.680597024011438317e-02	1.005808096719716493e+00	2.779225546622329790e-01	-4.277076324824174818e-03	-8.027156084081148646e-04
2.327202478960412005e-11	4.028730260740366331e-01	1.014938862560100041e+01	5.861361987502222010e-02	7.511129666047701436e-02	1.772127851114414440e-02	1.007433896138715701e+00	2.760002203830049239e-01	-4.654973585163944827e-03	-8.804122228231066587e-04
2.437444150122221807e-11	4.187968289794312127e-01	1.011340525830417292e+01	6.114714851360758541e-02	7.816261412031456912e-02	1.862419483906126855e-02	1.008893492212914689e+00	2.740437998266079256e-01	-5.053027067699711154e-03	-9.622676937302366076e-04
2.552908068239516723e-11	4.351868235301423748e-01	1.008334510898985847e+01	6.372962177450124110e-02	8.111095989970684705e-02	1.950694282614743452e-02	1.010150030142771937e+00	2.720565846372676733e-01	-5.470029251929403070e-03	-1.047941321132999032e-03
2.673841615839943880e-11	4.519897068292700881e-01	1.005861656294789697e+01	6.635299441272654586e-02	8.393240727631962050e-02	2.036185708449119586e-02	1.011167738231788293e+00	2.700420546895586082e-01	-5.904442923547141737e-03	-1.137012704780527303e-03
2.800503894183625342e-11	4.691463749222282709e-01	1.003861049384599191e+01	6.900888276340487459e-02	8.660485533031876682e-02	2.118167732190958177e-02	1.011913142842540747e+00	2.680037582754306036e-01	-6.354448878677673544e-03	-1.228994638544885984e-03
2.933166278390048099e-11	4.866008268319010899e-01	1.002270807248169149e+01	7.168990362724361742e-02	8.910979662750381780e-02	2.196010650509515327e-02	1.012356512735929526e+00	2.659444060854371239e-01	-6.818193167757669905e-03	-1.323387105032744525e-03
3.072112998861759207e-11	5.043024765064046955e-01	1.001030687049765788e+01	7.438989483254132562e-02	9.143256323244854100e-02	2.269189468585406863e-02	1.012472398321581091e+00	2.638658065825730814e-01	-7.293874029698163737e-03	-1.419697913962819635e-03
3.217641750250735458e-11	5.222059197112203233e-01	1.000083971332915489e+01	7.710376032041831029e-02	9.356234060003981723e-02	2.337286539806424784e-02	1.012240437241497260e+00	2.617691456689326124e-01	-7.779762061565441075e-03	-1.517449250013608265e-03
3.370064329271925032e-11	5.402712665123790003e-01	9.993784910158513668e+00	7.982742266927131403e-02	9.549161483390873617e-02	2.399977999391907091e-02	1.011644598328274025e+00	2.596550166269115389e-01	-8.274232750342194048e-03	-1.616186258224623900e-03
3.529707302730657668e-11	5.584644167354206878e-01	9.988671864684199875e+00	8.255777793340536574e-02	9.721621387010437321e-02	2.457037120400788061e-02	1.010673791169095281e+00	2.575235894756144894e-01	-8.775794666281016426e-03	-1.715484201770574400e-03
3.696912707195032437e-11	5.767572699138098224e-01	9.985083578089948730e+00	8.529265002556651876e-02	9.873476104178038892e-02	2.508320694289321515e-02	1.009321063203065361e+00	2.553746308797817388e-01	-9.283112706790689825e-03	-1.814954045761177533e-03
3.872038781812557004e-11	5.951278699133381034e-01	9.982657038491526080e+00	8.803074412613427768e-02	1.000484245317925930e-01	2.553762908804076137e-02	1.007583455944528694e+00	2.532075824648987727e-01	-9.795026316785408749e-03	-1.914246473070835416e-03
4.055460735840827506e-11	6.135604885002473585e-01	9.981082194716007550e+00	9.077159934488675253e-02	1.011605111755618375e-01	2.593364707492431392e-02	1.005461448792575707e+00	2.510215929970644466e-01	-1.031056291072984105e-02	-2.013054420570601580e-03
4.247571552536894126e-11	6.320456518187014261e-01	9.980100012266836629e+00	9.351554075411988576e-02	1.020760948578249422e-01	2.627183352456943441e-02	1.002958437263055558e+00	2.488155440185403910e-01	-1.082894680614803970e-02	-2.111114253556595297e-03
4.448782831127576069e-11	6.505801142426481665e-01	9.979499969552763972e+00	9.626363085055920921e-02	1.028017694943583610e-01	2.655325398447430651e-02	1.000080470174534941e+00	2.465880971533965793e-01	-1.134960405288657978e-02	-2.208205717448559306e-03
4.659525668664686662e-11	6.691668393410600268e-01	9.979117239192881073e+00	9.901762866871247071e-02	1.033452920164735778e-01	2.677937079646097382e-02	9.968356632414926422e-01	2.443377037650595329e-01	-1.187216527335561295e-02	-2.304151153476493175e-03
4.880251583654433574e-11	6.878168108687022775e-01	9.978828743643138210e+00	1.017802356044190532e-01	1.037151728991924649e-01	2.695191966808614670e-02	9.932329695873527431e-01	2.420623283749407384e-01	-1.239651775967021141e-02	-2.398823096419398088e-03
5.111433483440165318e-11	7.065451275787159036e-01	9.978543277539792200e+00	1.045545640659187731e-01	1.039202256220561060e-01	2.707280297634662852e-02	9.892820830464263970e-01	2.397598696421530673e-01	-1.292269401162573703e-02	-2.492121326084974046e-03
5.353566677410718816e-11	7.253640340225661065e-01	9.978190437529704582e+00	1.073431819110946261e-01	1.039689596599222554e-01	2.714391741722927201e-02	9.849934719244251013e-01	2.374288398135547817e-01	-1.345067199028165440e-02	-2.583936079793657577e-03
5.607169938205469661e-11	7.442825391728417062e-01	9.977713735998962719e+00	1.101481039833091535e-01	1.038695634208928603e-01	2.716716514126748735e-02	9.803782420826842037e-01	2.350683508527215693e-01	-1.398036103898116743e-02	-2.674146571814358091e-03
5.872786613189488850e-11	7.633065058905120770e-01	9.977065956483349041e+00	1.129708394278697015e-01	1.036299351787045298e-01	2.714446936715362094e-02	9.754480424547261608e-01	2.326780598561404567e-01	-1.451160180640418546e-02	-2.762622232967181738e-03
6.150985788580503926e-11	7.824387297486584680e-01	9.976205787100500544e+00	1.158124302983415954e-01	1.032576050244888854e-01	2.707775530360514993e-02	9.702147181903941764e-01	2.302580926060114053e-01	-1.504416660380719639e-02	-2.849224129580837841e-03
6.442363508721370414e-11	8.016790075023499940e-01	9.975095318434126668e+00	1.186734839006835240e-01	1.027599624805018569e-01	2.696901302847374768e-02	9.646907712923885603e-01	2.278090558704214674e-01	-1.557775997874380133e-02	-2.933806467427451086e-03
6.747544053110686101e-11	8.210242012778022902e-01	9.973698159148860043e+00	1.215542010878337686e-01	1.021440175567452646e-01	2.682022889397108270e-02	9.588886368694145013e-01	2.253319280606454755e-01	-1.611201973440589547e-02	-3.016218222344695804e-03
7.067181273927477085e-11	8.404683000690713612e-01	9.971978016296571212e+00	1.244544014407145543e-01	1.014166418293529354e-01	2.663344741001146682e-02	9.528212132420444958e-01	2.228280828467713304e-01	-1.664651824403377139e-02	-3.096304822458787950e-03
7.401959996915652408e-11	8.600024830065957637e-01	9.969897628999692785e+00	1.273735465030224334e-01	1.005844880742208097e-01	2.641074229786082375e-02	9.465015728658615624e-01	2.202992277455537995e-01	-1.718076421085096631e-02	-3.173909895550325235e-03
7.752597488629464062e-11	8.796151860635254005e-01	9.967417981110246572e+00	1.303107615828947297e-01	9.965404486095481851e-02	2.615422329535381507e-02	9.399430339734390349e-01	2.177473812032253431e-01	-1.771420481481650669e-02	-3.248877036356412947e-03
8.119844993184008328e-11	8.992920596546136736e-01	9.964497769544964356e+00	1.332648391840473012e-01	9.863158940600415259e-02	2.586602144190910252e-02	9.331589939382256560e-01	2.151748438427936450e-01	-1.824622515169241690e-02	-3.321051158946380141e-03
8.504489341802668113e-11	9.190154253410112162e-01	9.961093835500811622e+00	1.362341557349422416e-01	9.752340568128566034e-02	2.554832451724042830e-02	9.261635977776849771e-01	2.125842883479447387e-01	-1.877613508523675451e-02	-3.390278415988611221e-03
8.907354638610458163e-11	9.387665162040881306e-01	9.957163068187842470e+00	1.392169792883359569e-01	9.633564513054987399e-02	2.520333522300878190e-02	9.189709320572725382e-01	2.099784739008418166e-01	-1.930323210799405817e-02	-3.456416363885641153e-03
9.329304026284695888e-11	9.585268619934805834e-01	9.952663859795551460e+00	1.422116537228460265e-01	9.507441607647842963e-02	2.483327124322053450e-02	9.115950338733855851e-01	2.073601120257712038e-01	-1.982683975318699082e-02	-3.519339437200167363e-03
9.771241535346501225e-11	9.782783613429639757e-01	9.947556887575327522e+00	1.452165955635963956e-01	9.374565136807636034e-02	2.444031752894518933e-02	9.040495536122108433e-01	2.047318269012664282e-01	-2.034630978638124824e-02	-3.578939020066691529e-03
1.023411402105452712e-10	9.980033166883677254e-01	9.941805576217920049e+00	1.482302885013391802e-01	9.235522945260982164e-02	2.402664954462425950e-02	8.963481145543603645e-01	2.020961922839265845e-01	-2.086102322473324180e-02	-3.635123239440952395e-03
1.071891319205126445e-10	1.017684459022089483e+00	9.935376385549435696e+00	1.512512781075628365e-01	9.090891290899212607e-02	2.359440877039751042e-02	8.885041696465377781e-01	1.994557162117906179e-01	-2.137039092104356733e-02	-3.687816608757585150e-03
1.122667773510811312e-10	1.037304968452343878e+00	9.928238983592683198e+00	1.542781670815520367e-01	8.941229627412548842e-02	2.314568003487650627e-02	8.805308746340378967e-01	1.968128251658248229e-01	-2.187385400880255404e-02	-3.736959602463786525e-03
1.175849554052158201e-10	1.056848489502534960e+00	9.920366343601440207e+00	1.573096105179267457e-01	8.787087221869485654e-02	2.268250568726168023e-02	8.724412935246126377e-01	1.941698884210047715e-01	-2.237088400821238277e-02	-3.782508114003551355e-03
1.231550603292826197e-10	1.076299145622202413e+00	9.911734784795182662e+00	1.603443117174767896e-01	8.628993596419715084e-02	2.220685355594335247e-02	8.642481414854250588e-01	1.915291889947743353e-01	-2.286098292233309723e-02	-3.824432889641899216e-03
1.289890261253308184e-10	1.095641549699679418e+00	9.902323974499386949e+00	1.633810179074215718e-01	8.467468128995397914e-02	2.172063793778820570e-02	8.559640741155671861e-01	1.888929541297405812e-01	-2.334368304980427578e-02	-3.862718879852367407e-03
1.350993521198024986e-10	1.114860816504352536e+00	9.892116893423960278e+00	1.664185168214856181e-01	8.303004982771164388e-02	2.122568177837273057e-02	8.476012595604898170e-01	1.862633163527888103e-01	-2.381854695167730240e-02	-3.897364604198044844e-03
1.414991297434578731e-10	1.133942693388216627e+00	9.881099690656421686e+00	1.694556528801193229e-01	8.136082594880410246e-02	2.072373271836138245e-02	8.391716364326852196e-01	1.836423230342506818e-01	-2.428516999187495945e-02	-3.928381606183053293e-03
1.482020705798860072e-10	1.152873672166756291e+00	9.869261121775016576e+00	1.724913482326491665e-01	7.967157240706987387e-02	2.021644844443751948e-02	8.306867022613966256e-01	1.810319070808756592e-01	-2.474318196768359943e-02	-3.955793578108291256e-03
1.552225357427047968e-10	1.171640194314022887e+00	9.856592182751349185e+00	1.755244857244535328e-01	7.796663721523205970e-02	1.970540023092807319e-02	8.221576616568483376e-01	1.784339685262995301e-01	-2.519222638697084585e-02	-3.979634021398626050e-03
1.625755666443793407e-10	1.190228492038400310e+00	9.843085770373162902e+00	1.785538865699771716e-01	7.625019050481893212e-02	1.919208402580531436e-02	8.135955523409441614e-01	1.758503999194917511e-01	-2.563195609640030528e-02	-3.999945462061457215e-03
1.702769172225897821e-10	1.208624625683836884e+00	9.828736431592956180e+00	1.815783162501917736e-01	7.452619790992169591e-02	1.867791044682376791e-02	8.050111482924438011e-01	1.732830669970945869e-01	-2.606203390162868672e-02	-4.016779067425717623e-03
1.783430876931905687e-10	1.226814529806639520e+00	9.813540191031385973e+00	1.845964906796244698e-01	7.279843494848591001e-02	1.816421088643558127e-02	7.964149858689330008e-01	1.707338091504847222e-01	-2.648213340877820371e-02	-4.030194255305956895e-03
1.867913599020784805e-10	1.244784063612006442e+00	9.797494426064275785e+00	1.876070824267850878e-01	7.107046636259795047e-02	1.765222982269552474e-02	7.878172820677227239e-01	1.682044225400807225e-01	-2.689193997103339617e-02	-4.040258283980433483e-03
1.956398343517064725e-10	1.262519064032239458e+00	9.780597775419344941e+00	1.906087269161025888e-01	6.934565359520337979e-02	1.714312731031172876e-02	7.792279382340394633e-01	1.656966560202491334e-01	-2.729115166919069205e-02	-4.047045811346344259e-03
2.049074689815846066e-10	1.280005399809337030e+00	9.762850068415037441e+00	1.936000285620071981e-01	6.762715100415830904e-02	1.663797835502194358e-02	7.706565086961176814e-01	1.632122032069733553e-01	-2.767948030720163849e-02	-4.050638429429690227e-03
2.146141197858401440e-10	1.297229026436865329e+00	9.744252273724654856e+00	1.965795668061084411e-01	6.591791874707673971e-02	1.613777560932014299e-02	7.621122221027371024e-01	1.607526990665429645e-01	-2.805665238140885032e-02	-4.051124168084872107e-03
2.247805833548729991e-10	1.314176040845033588e+00	9.724806458233773654e+00	1.995459020540507611e-01	6.422071352929205335e-02	1.564342855996439519e-02	7.536039325122108057e-01	1.583197119886876891e-01	-2.842241002953550116e-02	-4.048596978407094718e-03
2.354286414322420067e-10	1.330832734443323284e+00	9.704515757886461813e+00	2.024975812543454712e-01	6.253809164630300121e-02	1.515576399567397127e-02	7.451401089474966044e-01	1.559147377095246034e-01	-2.877651189875992874e-02	-4.043156193764988436e-03
2.465811075822603842e-10	1.347185583926984620e+00	9.683384430694498946e+00	2.054331323750790139e-01	6.087243077540784725e-02	1.467553375647000051e-02	7.367288978120438703e-01	1.535392099012615197e-01	-2.911873269138034320e-02	-4.034906011063502107e-03
2.582618760682674929e-10	1.363221247908089184e+00	9.661417895454606608e+00	2.083510599254217721e-01	5.922592973891480789e-02	1.420341519892871773e-02	7.283781131567744760e-01	1.511945000576608023e-01	-2.944886283247655570e-02	-4.023954984636939416e-03
2.704959730463131364e-10	1.378926686268691304e+00	9.638622608636845612e+00	2.112498627095829584e-01	5.760060037852621911e-02	1.374001044690115018e-02	7.200951774723005627e-01	1.488819026792571609e-01	-2.976671073893816938e-02	-4.010415464570235393e-03
2.833096101839318258e-10	1.394289217395038527e+00	9.615006029210045213e+00	2.141280405854244784e-01	5.599828452730781086e-02	1.328585214870207573e-02	7.118871569097791063e-01	1.466026364318195052e-01	-3.007210360554754894e-02	-3.994403009412680373e-03
2.967302408188872501e-10	1.409296569143211331e+00	9.590576600328152068e+00	2.169841000881274073e-01	5.442064756145499616e-02	1.284140301887772354e-02	7.037607195486057510e-01	1.443578372225422235e-01	-3.036488811631556095e-02	-3.976035827476356692e-03
3.107866187782014063e-10	1.423936927296116650e+00	9.565343734789738761e+00	2.198165597601699772e-01	5.286919255609087015e-02	1.240706120443117039e-02	6.957221632941288370e-01	1.421485600626712920e-01	-3.064493102910215844e-02	-3.955434211359860897e-03
3.255088599835056406e-10	1.438198981894771356e+00	9.539317806421863111e+00	2.226239551975939812e-01	5.134524900740432274e-02	1.198315976614089916e-02	6.877773569222558336e-01	1.399757725277058773e-01	-3.091211966408538223e-02	-3.932719979735489237e-03
3.409285069746807543e-10	1.452071971231646330e+00	9.512510136164680219e+00	2.254048440413436438e-01	4.985000909068779823e-02	1.156997587407860260e-02	6.799318458221350614e-01	1.378403631269894958e-01	-3.116636236973455154e-02	-3.908015940699688211e-03
3.570785964900469852e-10	1.465545722293784880e+00	9.484932985642341663e+00	2.281578104399043794e-01	4.838449785922227520e-02	1.116772658013753111e-02	6.721907291382966942e-01	1.357431297343420495e-01	-3.140758880122724445e-02	-3.881445358040805631e-03
3.739937302478801677e-10	1.478610688436919007e+00	9.456599544691822956e+00	2.308814694212462659e-01	4.694961606177032454e-02	1.077658041288291624e-02	6.645587911939659920e-01	1.336847926380668183e-01	-3.163575016037079718e-02	-3.853131443720472782e-03
3.917101490809260641e-10	1.491257983609648008e+00	9.427523920430415316e+00	2.335744709006515318e-01	4.554611330868135050e-02	1.039665328694412694e-02	6.570403882430639886e-01	1.316659836365479952e-01	-3.185081931691247092e-02	-3.823196870981882163e-03
4.102658105827190344e-10	1.503479419677809181e+00	9.397721106215300324e+00	2.362355048964048521e-01	4.417460816646924526e-02	1.002801437031197035e-02	6.496394996485583828e-01	1.296872501378705522e-01	-3.205279093558726505e-02	-3.791763293042006103e-03
4.297004704320835313e-10	1.515267574709538767e+00	9.367206790102413194e+00	2.388633160008933887e-01	4.283560431964424098e-02	9.670692172785049986e-03	6.423597593646936943e-01	1.277490554948852719e-01	-3.224168192514286629e-02	-3.758950730747379326e-03
4.500557675700488183e-10	1.526615699903503431e+00	9.335997397693821753e+00	2.414566870132327514e-01	4.152947611393101313e-02	9.324673040058326784e-03	6.352044036846876685e-01	1.258517830325988907e-01	-3.241752894823610870e-02	-3.724877282870717871e-03
4.713753134116729086e-10	1.537517665336023187e+00	9.304110138333660629e+00	2.440144283797299751e-01	4.025650168684465069e-02	8.989911024760351491e-03	6.281763881711746045e-01	1.239957556473076095e-01	-3.258038682933055846e-02	-3.689658883978251015e-03
4.937047852839003559e-10	1.547967980568997870e+00	9.271562945420305013e+00	2.465353822021112973e-01	3.901686139472785447e-02	8.666329031703463165e-03	6.212783657524352243e-01	1.221812338422367666e-01	-3.273032834196544505e-02	-3.653408967135154430e-03
5.170920242896755486e-10	1.557961817287981887e+00	9.238374434183288741e+00	2.490184264026684968e-01	3.781064079474082823e-02	8.353820819201232539e-03	6.145126812101642244e-01	1.204084152278517977e-01	-3.286744403912275625e-02	-3.616238159487083180e-03
5.415871378079465267e-10	1.567495030369363107e+00	9.204563870323626773e+00	2.514624786224948227e-01	3.663783615817864381e-02	8.052253781894929546e-03	6.078813757135878015e-01	1.186774357061953361e-01	-3.299184204397501152e-02	-3.578254010790656026e-03
5.672426068491988835e-10	1.576564174972687526e+00	9.170151139568753607e+00	2.538664997169167714e-01	3.549836989724473174e-02	7.761473742516941665e-03	6.013862308087115638e-01	1.169883747364720838e-01	-3.310364776584166779e-02	-3.539560753902340918e-03
5.941133984965039838e-10	1.585166522765896424e+00	9.135156728601224074e+00	2.562294970470850863e-01	3.439208575264166706e-02	7.481305011148861941e-03	5.950287358631186629e-01	1.153412526296360291e-01	-3.320300358724634360e-02	-3.500259096301169218e-03
6.222570836730231313e-10	1.593300072557551017e+00	9.099601700594901033e+00	2.585505272524745712e-01	3.331875637317038147e-02	7.211553275562060904e-03	5.888101035326581689e-01	1.137360332202018431e-01	-3.329006843698137375e-02	-3.460446040166431647e-03
6.517339604882420571e-10	1.600963558735654990e+00	9.063507676190727835e+00	2.608286987426274295e-01	3.227809566247846762e-02	6.952009363956434748e-03	5.827313055513572149e-01	1.121726285918315108e-01	-3.336501732224624039e-02	-3.420214734786184568e-03
6.826071834272379248e-10	1.608156454825451220e+00	9.026896809868471649e+00	2.630631737430391137e-01	3.126975259901347559e-02	6.702449062931337305e-03	5.767930365542258686e-01	1.106508969788268376e-01	-3.342804074963682398e-02	-3.379654351357791551e-03
7.149428986597561750e-10	1.614879020386991382e+00	8.989791526827348278e+00	2.652531847400445009e-01	3.029332514571298277e-02	6.462636630508522897e-03	5.709957454926999354e-01	1.091706408991380134e-01	-3.347934448941510682e-02	-3.338849723996283134e-03
7.488103857590030225e-10	1.621132407415514676e+00	8.952213740282639165e+00	2.673980771787765609e-01	2.934833263930379868e-02	6.232319372607048567e-03	5.653394781197207397e-01	1.077315765355769117e-01	-3.351914928331697213e-02	-3.297880457646721296e-03
7.842822061337681836e-10	1.626918501844730525e+00	8.914185529773146044e+00	2.694972664258618034e-01	2.843424787784120528e-02	6.011236373023060020e-03	5.598240322734681085e-01	1.063333701666200892e-01	-3.354768857449819813e-02	-3.256821680374039248e-03
8.214343584919422200e-10	1.632239870916334157e+00	8.875729374837529662e+00	2.715502239682773267e-01	2.755052251159268231e-02	5.799124113877986153e-03	5.544490660543545113e-01	1.049756552911103730e-01	-3.356520741049156403e-02	-3.215744311550206621e-03
8.603464416684491388e-10	1.637099750932054620e+00	8.836868147341418123e+00	2.735564772427722113e-01	2.669656564945491195e-02	5.595713116772781971e-03	5.492140036518158297e-01	1.036580260007643195e-01	-3.357196173217187607e-02	-3.174715104862783216e-03
9.011018251665036851e-10	1.641502032336070727e+00	8.797625102300127509e+00	2.755156091682499642e-01	2.587176845511198961e-02	5.400733475529643016e-03	5.441181307397167100e-01	1.023800479551002368e-01	-3.356821759034188390e-02	-3.133796703085093508e-03
9.437878277775391497e-10	1.645451238567876784e+00	8.758023852152611255e+00	2.774272572449610341e-01	2.507549870654850882e-02	5.213914027063584929e-03	5.391605674631780865e-01	1.011412572024730921e-01	-3.355425024329718175e-02	-3.093047701117934787e-03
9.884959046625586031e-10	1.648952511119158748e+00	8.718088362919640844e+00	2.792911131000797575e-01	2.430710664004139335e-02	5.034984103647218573e-03	5.343402881401076998e-01	9.994116395960020438e-02	-3.353034346160664592e-02	-3.052522741342429940e-03
1.035321843295661502e-09	1.652011581921871031e+00	8.677842915015293812e+00	2.811069210962175990e-01	2.356593192387246641e-02	4.863675342169912659e-03	5.296561476493819587e-01	9.877925710394878933e-02	-3.349678852988412919e-02	-3.012272597070873512e-03
1.084365968689608688e-09	1.654634752471324965e+00	8.637312086545097856e+00	2.828744774403005868e-01	2.285130267963355125e-02	4.699721446046685285e-03	5.251068742241663534e-01	9.765500429682275052e-02	-3.345388347434529591e-02	-2.972344286506219384e-03
1.135733358343102889e-09	1.656828869010369631e+00	8.596520726713860583e+00	2.845936290058416196e-01	2.216253592261003755e-02	4.542858978957723358e-03	5.206910685018397711e-01	9.656785435583538357e-02	-3.340193220891625459e-02	-2.932781185955672925e-03
1.189534067370320724e-09	1.658601290205532042e+00	8.555493892717167981e+00	2.862642721398456214e-01	2.149894942776771692e-02	4.392829300340897122e-03	5.164072528454538569e-01	9.551724215273259266e-02	-3.334124354673823759e-02	-2.893623136207802531e-03
1.245883364295008068e-09	1.659959885659946899e+00	8.514256306467190782e+00	2.878863731445408525e-01	2.085985063176240550e-02	4.249376880672615583e-03	5.122538034703167931e-01	9.450257645857254585e-02	-3.327212959768403172e-02	-2.854906073570238380e-03
1.304901978014401580e-09	1.660912928509714170e+00	8.472831982771964476e+00	2.894599656921392206e-01	2.024453071132932894e-02	4.112247854139037574e-03	5.082289228731401431e-01	9.352323828271086326e-02	-3.319490289704502689e-02	-2.816661992916101153e-03
1.366716356462010101e-09	1.661469002603129130e+00	8.431245059227098437e+00	2.909851096435417950e-01	1.965229413584647367e-02	3.981196521390586301e-03	5.043308018364642820e-01	9.257861313462834030e-02	-3.310987639790819587e-02	-2.778919954568312336e-03
1.431458937523481393e-09	1.661636963524728783e+00	8.389519763624265991e+00	2.924618872626599253e-01	1.908245541789785338e-02	3.855984841859234468e-03	5.005576079266375045e-01	9.166809192472932799e-02	-3.301736267838663308e-02	-2.741706257009902080e-03
1.499268432786047049e-09	1.661425915554302524e+00	8.347680351999240855e+00	2.938904032168757063e-01	1.853433308992588624e-02	3.736380862439432019e-03	4.969074578715273471e-01	9.079106776181262994e-02	-3.291767330766116884e-02	-2.705044549560535298e-03
1.570290124729377524e-09	1.660845191344360261e+00	8.305751055494370760e+00	2.952707848172448357e-01	1.800726180217458033e-02	3.622161086612744364e-03	4.933784713798528565e-01	8.994694144173258354e-02	-3.281111831267404660e-02	-2.668955949742641935e-03
1.644676177994662829e-09	1.659904331921170373e+00	8.263756024499439690e+00	2.966031824732397459e-01	1.750058372145448654e-02	3.513108588493052496e-03	4.899687320711980654e-01	8.913511737964945059e-02	-3.269800570932322736e-02	-2.633459159355098448e-03
1.722585965398783835e-09	1.658613086719058494e+00	8.221719387063540552e+00	2.978877696649070983e-01	1.701365758973667416e-02	3.409014810720918925e-03	4.866763288396548925e-01	8.835500806044954691e-02	-3.257864143368101317e-02	-2.598570632736529537e-03
1.804186409392068039e-09	1.656981361544672238e+00	8.179665033919008010e+00	2.991247434450245435e-01	1.654584773763384184e-02	3.309676810161289295e-03	4.834993055443583820e-01	8.760602787481271136e-02	-3.245332824596158100e-02	-2.564304605745800630e-03
1.889652339691211477e-09	1.655019239285433486e+00	8.137616779063051808e+00	3.003143244743835538e-01	1.609653848218364422e-02	3.214900529948168818e-03	4.804357275757681345e-01	8.688760100463353842e-02	-3.232236619437160036e-02	-2.530673316112574261e-03
1.979166867853557524e-09	1.652736947159591185e+00	8.095598264024520319e+00	3.014567566834826517e-01	1.566512278521993429e-02	3.124497824164564237e-03	4.774836306629051119e-01	8.619915505370583098e-02	-3.218605193226886652e-02	-2.497687088137601121e-03
2.072921779595369695e-09	1.650144829084593923e+00	8.053632852654308394e+00	3.025523082754555948e-01	1.525100799401760479e-02	3.038287620474383437e-03	4.746410472506069067e-01	8.554012366294136416e-02	-3.204467819556807567e-02	-2.465354402739781525e-03
2.171117945694509622e-09	1.647253327483265473e+00	8.011743734978749032e+00	3.036012666286863060e-01	1.485361881307767362e-02	2.956096589610043585e-03	4.719060257350434773e-01	8.490995059442715820e-02	-3.189853356705574239e-02	-2.433682118228274772e-03
2.273965752357932151e-09	1.644072883369373184e+00	7.969954067265567765e+00	3.046039163926999027e-01	1.447239633537357288e-02	2.877758580568021401e-03	4.692766454266247833e-01	8.430809779212709854e-02	-3.174790156283427423e-02	-2.402675863603845070e-03
2.381685551976160644e-09	1.640613895433009173e+00	7.928287058445714131e+00	3.055605298126045088e-01	1.410680328422174966e-02	2.803115827879092224e-03	4.667510509457995505e-01	8.373405251927283632e-02	-3.159306019171516378e-02	-2.372340270341400867e-03
2.494508135230316413e-09	1.636886696858981249e+00	7.886765842438301810e+00	3.064713683086319751e-01	1.375632157322021799e-02	2.732018073781712197e-03	4.643274413692639602e-01	8.318732486311128382e-02	-3.143428142604117598e-02	-2.342678992072982740e-03
2.612675225563326382e-09	1.632901530112609967e+00	7.845413293947704148e+00	3.073366860137720646e-01	1.342045176769841863e-02	2.664322489880587702e-03	4.620040666049201605e-01	8.266744635266248808e-02	-3.127183062998816626e-02	-2.313694674585445483e-03
2.736439997074666368e-09	1.628668558841638747e+00	7.804252052925338745e+00	3.081567323041410345e-01	1.309871210204461775e-02	2.599893007404872110e-03	4.597792224278305917e-01	8.217396755940389874e-02	-3.110596679405204512e-02	-2.285389039158785239e-03
2.866067616948244470e-09	1.624197866012685898e+00	7.763304456313018242e+00	3.089317554310254121e-01	1.279063595663912541e-02	2.538599633574523898e-03	4.576512370844009747e-01	8.170645518661685813e-02	-3.093694250100454540e-02	-2.257762903075599507e-03
3.001835813575592210e-09	1.619499447275622783e+00	7.722592445721817356e+00	3.096620063257323752e-01	1.249576930644944253e-02	2.480317731930364086e-03	4.556184573775294844e-01	8.126448897503497915e-02	-3.076500382134557399e-02	-2.230816189056978455e-03
3.144035471591500167e-09	1.614583223483011309e+00	7.682137605992525486e+00	3.103477409280916421e-01	1.221367847800037577e-02	2.424929613531701285e-03	4.536792857728965678e-01	8.084766495852423185e-02	-3.059039062467726680e-02	-2.204548006839677447e-03
3.292971255097148186e-09	1.609459044205005407e+00	7.641961139979138729e+00	3.109892233741419210e-01	1.194394624618575276e-02	2.372323465364474786e-03	4.518321607414786389e-01	8.045559180205187622e-02	-3.041333667548395264e-02	-2.178956683161949875e-03
3.448962260405766611e-09	1.604136689458721010e+00	7.602083845391278238e+00	3.115867288163957083e-01	1.168615586506478905e-02	2.322389384004954361e-03	4.500754781828903983e-01	8.008787992728809424e-02	-3.023406985970496924e-02	-2.154039821704110524e-03
3.612342699709437910e-09	1.598625836825611879e+00	7.562525856391401291e+00	3.121405492413176774e-01	1.143992053430372899e-02	2.275026483040741392e-03	4.484077312676765237e-01	7.974415720986129108e-02	-3.005281111450295792e-02	-2.129794181394997505e-03
3.783462617131932968e-09	1.592935978577892930e+00	7.523306045935573394e+00	3.126510038033084582e-01	1.120484634422747386e-02	2.230133755236976285e-03	4.468273225959066841e-01	7.942404202900855970e-02	-2.986977173861108878e-02	-2.106215373575591725e-03
3.962688638701478467e-09	1.587076505298881779e+00	7.484442637655365438e+00	3.131184318656206611e-01	1.098055992616571094e-02	2.187616602812227518e-03	4.453327060746385402e-01	7.912716271490921605e-02	-2.968515644349252816e-02	-2.083298304963810202e-03
4.150404757850472502e-09	1.581056755055658902e+00	7.445953477200805359e+00	3.135431929794929018e-01	1.076669768428251128e-02	2.147384137802202386e-03	4.439223357959901084e-01	7.885315093052208679e-02	-2.949916488147413807e-02	-2.061037373233368195e-03
4.347013158125017173e-09	1.574886011583170653e+00	7.407856044592757705e+00	3.139256675022451537e-01	1.056291051316832728e-02	2.109349941703138158e-03	4.425946900205805501e-01	7.860164350433931912e-02	-2.931199178995495119e-02	-2.039426523338720883e-03
4.552935074866938773e-09	1.568573521762924416e+00	7.370167559077070329e+00	3.142662570864170335e-01	1.036885757002749958e-02	2.073430682367748482e-03	4.413482414740108606e-01	7.837227883425068597e-02	-2.912382749637822815e-02	-2.018459343533167850e-03
4.768611697714474181e-09	1.562128472382259714e+00	7.332904831094765541e+00	3.145653877399401388e-01	1.018421669952041322e-02	2.039548374506635741e-03	4.401815074297686925e-01	7.816470155103494299e-02	-2.893485773704946099e-02	-1.998129038123288778e-03
4.994505115855140358e-09	1.555560007351153740e+00	7.296084425563791775e+00	3.148235077057814357e-01	1.000867326460668123e-02	2.007627759699540798e-03	4.390929977247179927e-01	7.797855675703369016e-02	-2.874526408411199815e-02	-1.978428551756203184e-03
5.231099308056257792e-09	1.548877212106603452e+00	7.259722574303038023e+00	3.150410893841555926e-01	9.841926041474047260e-03	1.977597472613235215e-03	4.380812433819180063e-01	7.781349229600185990e-02	-2.855522387304839510e-02	-1.959350566523318168e-03
5.478901179593956120e-09	1.542089114079165935e+00	7.223835202563567925e+00	3.152186295668131244e-01	9.683684471530651025e-03	1.949389488682258878e-03	4.371447839709844962e-01	7.766915727611437004e-02	-2.836491041808782490e-02	-1.940887554734297424e-03
5.738441648302404521e-09	1.535204673092084748e+00	7.188437907617445610e+00	3.153566496374813899e-01	9.533667367452014138e-03	1.922938690208800391e-03	4.362821620747018292e-01	7.754520087585481392e-02	-2.817449297917241913e-02	-1.923031805910229569e-03
6.010276782070388176e-09	1.528232781171703136e+00	7.153546005710452960e+00	3.154556946354813984e-01	9.391608790652200903e-03	1.898184005621143334e-03	4.354919542463208670e-01	7.744127564557320986e-02	-2.798413693737929198e-02	-1.905775490630561746e-03
6.294988990221888141e-09	1.521182067117742731e+00	7.119173545147932991e+00	3.155163375384064106e-01	9.257245640135440198e-03	1.875066087083670672e-03	4.347727066985800914e-01	7.735702973736792443e-02	-2.779399882947063138e-02	-1.889110200444928719e-03
6.593188271333541710e-09	1.514060788221957221e+00	7.085332843018402826e+00	3.155391784567448954e-01	9.130318588457938742e-03	1.853526946124080645e-03	4.341229414348224958e-01	7.729210620777456076e-02	-2.760422352651636935e-02	-1.873026773561962607e-03
6.905513520162316861e-09	1.506877056911229973e+00	7.052035520679095448e+00	3.155248467149709968e-01	9.010581292457933017e-03	1.833512483185620020e-03	4.335412009574374781e-01	7.724614862200970822e-02	-2.741495057592419071e-02	-1.857515805647032931e-03
7.232633896483518810e-09	1.499638885585464765e+00	7.019292728048219132e+00	3.154740010576781994e-01	8.897793927967370675e-03	1.814970161539591767e-03	4.330260167453903186e-01	7.721879483505604547e-02	-2.722631552041260630e-02	-1.842567782042096479e-03
7.575250258771920716e-09	1.492354188003040205e+00	6.987115200828189820e+00	3.153873281259588213e-01	8.791722580029727452e-03	1.797849326755704760e-03	4.325759082454571636e-01	7.720967828933965327e-02	-2.703845012911251441e-02	-1.828173133945304061e-03
7.934096665797492339e-09	1.485030776471912617e+00	6.955513247020127743e+00	3.152655431193496782e-01	8.692148162092613872e-03	1.782103055113976259e-03	4.321894271590595582e-01	7.721843235365523361e-02	-2.685148263514256298e-02	-1.814322256744342089e-03
8.309941949353386453e-09	1.477676359461683964e+00	6.924496774244988551e+00	3.151093886189612614e-01	8.598856042445323505e-03	1.767685594678881618e-03	4.318651075474177481e-01	7.724468399176845357e-02	-2.666553794689532214e-02	-1.801005546516652083e-03
8.703591361485183753e-09	1.470298529284655320e+00	6.894075288362690124e+00	3.149196324781856071e-01	8.511639389268417510e-03	1.754553273144337285e-03	4.316014847925717657e-01	7.728805675466816905e-02	-2.648073757333242739e-02	-1.788213431304793181e-03
9.115888299750837812e-09	1.462904767271311579e+00	6.864257991901562050e+00	3.146970647591785797e-01	8.430302247705537266e-03	1.742665071143904799e-03	4.313971139860507398e-01	7.734817327380702490e-02	-2.629719993515507170e-02	-1.775936446916321319e-03
9.547716114208065503e-09	1.455502418991607927e+00	6.835053604997552767e+00	3.144425008234984498e-01	8.354653823998038284e-03	1.731981316855563547e-03	4.312505392634201073e-01	7.742465039255584658e-02	-2.611504014732912021e-02	-1.764165156864749753e-03
1.000000000000000021e-08	1.448098697793608336e+00	6.806470506916628693e+00	3.141567757292967333e-01	8.284512234380314588e-03	1.722464514930271539e-03	4.311603176726435671e-01	7.751710332453222441e-02	-2.593437017342550485e-02	-1.752890254975522253e-03
