# Pressure Mass Radius Compactness k2 k3 h2 h3 j2 j3
9.999999999999999799e-13	9.544094127746735601e-02	1.143133392042701075e+02	1.232843749954015949e-03	3.568411312712434626e-05	-3.266665158769825603e-07	9.964119553400799800e-01	3.316963250137384689e-01	-1.336510043762331339e-07	-1.022647579123820799e-08
1.047370897959448749e-12	9.638907899882029340e-02	9.660613343135359798e+01	1.473307383702587370e-03	4.724529525501477907e-05	1.807079710929932392e-07	9.957125169317311286e-01	3.313782821739741924e-01	-2.097553787326003670e-07	-1.618645679083894842e-08
1.096985797892381920e-12	9.746711796216817048e-02	8.327663656611839826e+01	1.728244499062495413e-03	6.108849994835149823e-05	7.561572575380252879e-07	9.949471741644025924e-01	3.310414733658520459e-01	-3.164713521805178172e-07	-2.431854455640557134e-08
1.148951000187311009e-12	9.866994385831349967e-02	7.292399379203017418e+01	1.997950253850452017e-03	7.788234256487128302e-05	2.007382633572718404e-06	9.941831588269586240e-01	3.306855625637556417e-01	-4.642381088937192318e-07	-3.514604856953534316e-08
1.203377840777590522e-12	9.999421821798666621e-02	6.468256812401058653e+01	2.282747468114741749e-03	9.855518962561190545e-05	7.807984267869435419e-04	9.933750911047961596e-01	3.303101896519445857e-01	-6.669587653402608159e-07	-4.932946583708656745e-08
1.260382929679727463e-12	1.014378760740912433e-01	5.798965840533816873e+01	2.582972793867567389e-03	1.243297967871128328e-04	5.053059220987849294e-05	9.925266302538392482e-01	3.299149924270003975e-01	-9.427967753555716722e-07	-6.773645416073148743e-08
1.320088400831416649e-12	1.029998998950727440e-01	5.246387756663168034e+01	2.898989563134558335e-03	1.567562196578879902e-04	2.965347189064411628e-05	9.916528744891131009e-01	3.294995943774217118e-01	-1.315042387592977093e-06	-9.153729678003208138e-08
1.382622173764653478e-12	1.046800101381858417e-01	4.783817587838088770e+01	3.231166815204443606e-03	1.977352528512979404e-04	1.976554510546861795e-05	9.907453766780512927e-01	3.290636380266802608e-01	-1.812970894961325142e-06	-1.222832457971002219e-07
1.448118227674535917e-12	1.064785730754117671e-01	4.392004099668694295e+01	3.579890317443458741e-03	2.495382647036349286e-04	4.421049529031239689e-05	9.898143334541144034e-01	3.286067763395892349e-01	-2.472775087345044175e-06	-1.620719981070837478e-07
1.516716888470924089e-12	1.083964906696179842e-01	4.056735838199794131e+01	3.945560693991388528e-03	3.148174890175976879e-04	4.239597164027572780e-05	9.888600404282125167e-01	3.281286820206293364e-01	-3.338462328601725878e-06	-2.136789570179870557e-07
1.588565129428052692e-12	1.104351120430364513e-01	3.767305251903268015e+01	4.328591478468418220e-03	3.966121803561319559e-04	4.380471260266349852e-05	9.878889978756895118e-01	3.276290578952450461e-01	-4.462765906306819537e-06	-2.807618078858051635e-07
1.663816886076127415e-12	1.125961051034242433e-01	3.515505888140534552e+01	4.729397017173243498e-03	4.983385443382039315e-04	5.231291680524446393e-05	9.869069835793462531e-01	3.271076595147439092e-01	-5.907974317287576075e-06	-3.680664881060078196e-07
1.742633386009647278e-12	1.148815150665790097e-01	3.294937223855543351e+01	5.148411417712751847e-03	6.237772519604056114e-04	6.273139034154750267e-05	9.859209520625126233e-01	3.265642780830877445e-01	-7.746815994209388544e-06	-4.816581101262345504e-07
1.825183494319046040e-12	1.172936547233106030e-01	3.100545015489718281e+01	5.586074359279323207e-03	7.770501696195880647e-04	7.609868168092431622e-05	9.849377668614673897e-01	3.259987665078049046e-01	-1.006319940358766649e-05	-6.291920480705549881e-07
1.911644075385703708e-12	1.198350792458998115e-01	2.928287246817466638e+01	6.042832083574553245e-03	9.625838096295487702e-04	9.030615115900492195e-05	9.839658814509179008e-01	3.254110436408075846e-01	-1.295290599173038415e-05	-8.201727125970474873e-07
2.002200371815584363e-12	1.225086063355182719e-01	2.774892801411606769e+01	6.519144748970411019e-03	1.185074051580996355e-03	1.115047151843401844e-04	9.830134286401106536e-01	3.248010914695906304e-01	-1.652427792785634734e-05	-1.066274275044921996e-06
2.097046401323230665e-12	1.253172734306462199e-01	2.637689661622367865e+01	7.015481361092885254e-03	1.449433831346635167e-03	1.348340012036569830e-04	9.820897882724052286e-01	3.241689652598180871e-01	-2.089874121662264452e-05	-1.381633312135056401e-06
2.196385372416542332e-12	1.282643011994389903e-01	2.514476013358215667e+01	7.532316101981607025e-03	1.760739937084455919e-03	1.630545041825035956e-04	9.812043894517659126e-01	3.235148023561240649e-01	-2.621122822061725002e-05	-1.783157790154293527e-06
2.300430119772921506e-12	1.313530883343492495e-01	2.403421828802476412e+01	8.070129837509236112e-03	2.124173197088393382e-03	1.992087918775334158e-04	9.803669905519251104e-01	3.228388214954032165e-01	-3.261052945786042896e-05	-2.290838463737512885e-06
2.409403560239526876e-12	1.345872487328371447e-01	2.302993286757829949e+01	8.629417444120683275e-03	2.544956274792878684e-03	2.418627018758986785e-04	9.795874946741878198e-01	3.221413137415253258e-01	-4.025963294617102250e-05	-2.928069100280239267e-06
2.523539170434765862e-12	1.379705591102614315e-01	2.211897307751891617e+01	9.210680107264548541e-03	3.028274022210370332e-03	2.939457124960022393e-04	9.788757542477487528e-01	3.214226500845881462e-01	-4.933579411989329184e-05	-3.721913595181903897e-06
2.643081486974102692e-12	1.415069593026709316e-01	2.129036464603906609e+01	9.814426664052744442e-03	3.579233048093954407e-03	3.559373093787317980e-04	9.782416649119390906e-01	3.206832784806727399e-01	-6.003058449178330788e-05	-4.703415555327658107e-06
2.768286630392061017e-12	1.452005770023188647e-01	2.053473330026129773e+01	1.044117826109343047e-02	4.202766282093132848e-03	4.294569896850650094e-04	9.776947328401810466e-01	3.199237104964747780e-01	-7.254990826484613176e-05	-5.907840407058044773e-06
2.899422853882880921e-12	1.490556942349040570e-01	1.984403369272180839e+01	1.109146341215161424e-02	4.903577749944766119e-03	5.157956572130066629e-04	9.772441486854321901e-01	3.191445231441237818e-01	-8.711375861368157508e-05	-7.374908767336351319e-06
3.036771118035460378e-12	1.530767261790462186e-01	1.921132736492217319e+01	1.176581533905231639e-02	5.686068792399330031e-03	6.168775641085202542e-04	9.768986405191604216e-01	3.183463515071415229e-01	-1.039558506126873319e-04	-9.148966315349611029e-06
3.180625692794118977e-12	1.572682653643261430e-01	1.863059528836663858e+01	1.246477948805039399e-02	6.554267948446321386e-03	7.338999755896219879e-04	9.766661850514544163e-01	3.175298711352773640e-01	-1.233234117446490620e-04	-1.127916738686619326e-05
3.331294787934670055e-12	1.616350256699451149e-01	1.809659905931507851e+01	1.318890521488175031e-02	7.511820626032080991e-03	8.688285022761355969e-04	9.765541705381325377e-01	3.166957995042351537e-01	-1.454764779837075333e-04	-1.381955653670812599e-05
3.489101213406766494e-12	1.661818988009136910e-01	1.760475465109562876e+01	1.393875469352074889e-02	8.561850763939617484e-03	1.023124126003680618e-03	9.765689749764613348e-01	3.158448649608374126e-01	-1.706875705056385133e-04	-1.682915653241059671e-05
3.654383070957261569e-12	1.709139069397860866e-01	1.715103934520386630e+01	1.471489588766203629e-02	9.706942452817078626e-03	1.198485747166254433e-03	9.767160155034868563e-01	3.149778082700753767e-01	-1.992408288526119212e-04	-2.037196009340140628e-05
3.827494478516314936e-12	1.758362007578925523e-01	1.673190934986829959e+01	1.551790266801362193e-02	1.094924079185964627e-02	1.396477558935513459e-03	9.769999196433971633e-01	3.140953765333551750e-01	-2.314312278388254570e-04	-2.451686730052873514e-05
4.008806328898464320e-12	1.809540802729964759e-01	1.634423028524400578e+01	1.634835811973180467e-02	1.229009371529912568e-02	1.618545345794361124e-03	9.774237986993434824e-01	3.131982790355193336e-01	-2.675638787694399872e-04	-2.933761803787682417e-05
4.198707084443905621e-12	1.862729790645188122e-01	1.598522143217416591e+01	1.720685261172272273e-02	1.373033154647098318e-02	1.866131653999564613e-03	9.779898089430297814e-01	3.122872002819176984e-01	-3.079530634840525120e-04	-3.491260551616081281e-05
4.397603609302712498e-12	1.917984872473841584e-01	1.565240712838001436e+01	1.809398712198585085e-02	1.527014318955470691e-02	2.140503606401435773e-03	9.786988902129314383e-01	3.113627743889292865e-01	-3.529214674645158450e-04	-4.132468385165572893e-05
4.605922041145112927e-12	1.975362464713937838e-01	1.534358163089954452e+01	1.901035749619596135e-02	1.690898790367201254e-02	2.442877923189241181e-03	9.795506230043382612e-01	3.104255804663486606e-01	-4.027983479329611980e-04	-4.866077232298165550e-05
4.824108704165373984e-12	2.034920699334868133e-01	1.505676747095136037e+01	1.995657373606954735e-02	1.864568405480416732e-02	2.774243999369680781e-03	9.805433489027324256e-01	3.094761142349247707e-01	-4.579194256226946317e-04	-5.701164159206152920e-05
5.052631065335679604e-12	2.096719064135044996e-01	1.479018952649687080e+01	2.093325383883724161e-02	2.047838970647260226e-02	3.135465116408570757e-03	9.816741402857386278e-01	3.085147823141466406e-01	-5.186255748935591787e-04	-6.647149411135432485e-05
5.291978735958436557e-12	2.160817660193872225e-01	1.454225233075922397e+01	2.194101324606465703e-02	2.240454898872869596e-02	3.527186306773317983e-03	9.829387005433368740e-01	3.075418924315757030e-01	-5.852610221947890899e-04	-7.713739402922036123e-05
5.542664520663095602e-12	2.227277622973796722e-01	1.431151641300443877e+01	2.298047154388477634e-02	2.442098061771718134e-02	3.949753888572085127e-03	9.843315318056352625e-01	3.065576465576071441e-01	-6.581725536508517809e-04	-8.910881353520435960e-05
5.805225516094907684e-12	2.296161630573705648e-01	1.409667829805434458e+01	2.405226066064706722e-02	2.652384424070098820e-02	4.403495824633512842e-03	9.858458223988481040e-01	3.055621084851022906e-01	-7.377089900573386349e-04	-1.024871775409826307e-04
6.080224261649427052e-12	2.367532491589331989e-01	1.389655895576153988e+01	2.515700341285688479e-02	2.870878598832067585e-02	4.888365225166501314e-03	9.874737958200043852e-01	3.045552459308868976e-01	-8.242184827106727998e-04	-1.173750057772538180e-04
6.368249944718585906e-12	2.441453713707457396e-01	1.371008710814549758e+01	2.629532337382450846e-02	3.097072618054194301e-02	5.404050925744838078e-03	9.892062272759395425e-01	3.035368667534636411e-01	-9.180479286206178619e-04	-1.338753552248197619e-04
6.669919663030115058e-12	2.517990052071867879e-01	1.353628622547340044e+01	2.746785309740216313e-02	3.330410432613548771e-02	5.950079961712611068e-03	9.910329191087561274e-01	3.025066421367387792e-01	-1.019542548703666722e-03	-1.520912705389082021e-04
6.985879746785234820e-12	2.597207047270841951e-01	1.337426539787405488e+01	2.867522739803350304e-02	3.570291111804196199e-02	6.525715872148053071e-03	9.929427733105447018e-01	3.014641058196000922e-01	-1.129044293239641391e-03	-1.721250028228021823e-04
7.316807143427207274e-12	2.679170052597405483e-01	1.322321153886846901e+01	2.991806968981360060e-02	3.816060245714732180e-02	7.129905937650750196e-03	9.949236272030080874e-01	3.004086481040860734e-01	-1.246889421644360642e-03	-1.940770387807224946e-04
7.663410868007462274e-12	2.763945418164173717e-01	1.308237883724024542e+01	3.119701029600159201e-02	4.067031138382078831e-02	7.761434015859524846e-03	9.969626379449542108e-01	2.993395249847899953e-01	-1.373409049922675500e-03	-2.180456506585926957e-04
8.026433522257174683e-12	2.851598963788607999e-01	1.295108397366830921e+01	3.251266460449891982e-02	4.322471574021696794e-02	8.418776539628931160e-03	9.990460411450591272e-01	2.982558474357693279e-01	-1.508925937875873037e-03	-2.441257352916239047e-04
8.406652885618316356e-12	2.942196917283443347e-01	1.282869810224471507e+01	3.386564769879531200e-02	4.581618305024322962e-02	9.100210871049552869e-03	1.001159400995420112e+00	2.971565909810767181e-01	-1.653754816506525054e-03	-2.724083018735604079e-04
8.804883581643446547e-12	3.035806059036197935e-01	1.271464134445750815e+01	3.525657694065452430e-02	4.843686040400980997e-02	9.803784896532623597e-03	1.003287780402086549e+00	2.960406005788937533e-01	-1.808201770287332566e-03	-3.029797933006524234e-04
9.221978823334340144e-12	3.132491756794279492e-01	1.260837982969871796e+01	3.668604448154890590e-02	5.107863345599218674e-02	1.052733902201463158e-02	1.005415703455905918e+00	2.949066084788149467e-01	-1.972560148288358961e-03	-3.359207173716578679e-04
9.658832241158709141e-12	3.232320661466747125e-01	1.250941836030945886e+01	3.815465721701052221e-02	5.373326525052789238e-02	1.126852123813248431e-02	1.007527334043787359e+00	2.937532186748916807e-01	-2.147114161074784033e-03	-3.713058070515409901e-04
1.011637979766206976e-11	3.335357376638824478e-01	1.241729986671865049e+01	3.966298908739518403e-02	5.639245264356443355e-02	1.202482045097658277e-02	1.009606701716157184e+00	2.925789634912319137e-01	-2.332132452897812784e-03	-4.092021956595982813e-04
1.059560179277614774e-11	3.441666958650899666e-01	1.233159917349096624e+01	4.121161913109404329e-02	5.904784902348900882e-02	1.279356885264452785e-02	1.011637637995872918e+00	2.913822700255031539e-01	-2.527871678487709703e-03	-4.496696208700915387e-04
1.109752496412069864e-11	3.551312134871933979e-01	1.225192213829168608e+01	4.280109226970261332e-02	6.169087354815861596e-02	1.357191421097435520e-02	1.013603438988391892e+00	2.901614713642262644e-01	-2.734570797176883502e-03	-4.927587649127487422e-04
1.162322468679854125e-11	3.664355947442909933e-01	1.217790085061654359e+01	4.443195828472718684e-02	6.431318026416711631e-02	1.435693770700091458e-02	1.015487772595131011e+00	2.889148520416868204e-01	-2.952455262697955066e-03	-5.385116602148765650e-04
1.217382727739662020e-11	3.780859304805918031e-01	1.210919270557334393e+01	4.610473826675335479e-02	6.690646906426302165e-02	1.514561217089690527e-02	1.017274334677924275e+00	2.876406419393213731e-01	-3.181731925215302084e-03	-5.869602116945557427e-04
1.275051240713012859e-11	3.900881391214203742e-01	1.204547772353492618e+01	4.781993172906328499e-02	6.946262257649812866e-02	1.593486307929567469e-02	1.018947115281257032e+00	2.863370552970121996e-01	-3.422589178174002215e-03	-6.381258399834097801e-04
1.335451562929897339e-11	4.024479315019046655e-01	1.198645640082049724e+01	4.957801385950025980e-02	7.197361253974891848e-02	1.672154700238480396e-02	1.020490183347302571e+00	2.850022738322385285e-01	-3.675195794498169535e-03	-6.920189015740501985e-04
1.398713102647241439e-11	4.151709124560736264e-01	1.193184768204788249e+01	5.137945022724720034e-02	7.443160961208383775e-02	1.750249557393647459e-02	1.021887880510092383e+00	2.836344533415472435e-01	-3.939702579189543336e-03	-7.486387577622134748e-04
1.464971398307287854e-11	4.282624192058320789e-01	1.188138791971046082e+01	5.322467588218651041e-02	7.682911625643239206e-02	1.827456923751183751e-02	1.023125151654163734e+00	2.822317874939896942e-01	-4.216238811555638420e-03	-8.079727903154789760e-04
1.534368408930013065e-11	4.417274850775211315e-01	1.183482932425994960e+01	5.511409221928117996e-02	7.915892590515161142e-02	1.903464595871965162e-02	1.024187450859332937e+00	2.807924970023110700e-01	-4.504911135391849106e-03	-8.699959878534578150e-04
1.607052818261638620e-11	4.555709421931591341e-01	1.179193826035916892e+01	5.704808282041137768e-02	8.141400865939868448e-02	1.977962165508427919e-02	1.025060437784696354e+00	2.793148072955991545e-01	-4.805805536041647501e-03	-9.346712591227242370e-04
1.683180353330955093e-11	4.697971832583918705e-01	1.175249469069522590e+01	5.902698217135864123e-02	8.358779274154269634e-02	2.050648887743063142e-02	1.025730666572068017e+00	2.777970409888050884e-01	-5.118982054561305346e-03	-1.001948248029280826e-03
1.762914118095944293e-11	4.844103151128114071e-01	1.171629034859298102e+01	6.105109979494498240e-02	8.567415013464779738e-02	2.121234822454295954e-02	1.026185497036758543e+00	2.762375953662298267e-01	-5.444478010792503167e-03	-1.071764044913472470e-03
1.846424942895546448e-11	4.994140825152367791e-01	1.168312832567514370e+01	6.312070959965190853e-02	8.766725103064892943e-02	2.189438155476278874e-02	1.026412781703744503e+00	2.746349294584533030e-01	-5.782306292099768930e-03	-1.144042900501847848e-03
1.933891750455232057e-11	5.148118612831236174e-01	1.165282186214570892e+01	6.523605228605602879e-02	8.956141224667482637e-02	2.254984334559322762e-02	1.026400502444111407e+00	2.729875492230772194e-01	-6.132455315124980995e-03	-1.218696370576353039e-03
2.025501939230666486e-11	5.306064493663142922e-01	1.162519389815174087e+01	6.739730861622915403e-02	9.135196265967285290e-02	2.317625937450087242e-02	1.026138802403501860e+00	2.712941943812172130e-01	-6.494884345426206983e-03	-1.295622538663155493e-03
2.121451784910627571e-11	5.468003149346335467e-01	1.160007590316986281e+01	6.960463494862113853e-02	9.303424960207716532e-02	2.377121762716613226e-02	1.025617638561088896e+00	2.695536279893011589e-01	-6.869529299754682967e-03	-1.374707546197804402e-03
2.221946860939528424e-11	5.633953179638894193e-01	1.157730755201205852e+01	7.185812782860186154e-02	9.460444048462157696e-02	2.433256511758207646e-02	1.024828696210848822e+00	2.677648316057328892e-01	-7.256296613461094176e-03	-1.455824651205348203e-03
2.327202478960412005e-11	5.803928744234627679e-01	1.155673594668830972e+01	7.415784766458685673e-02	9.605831889611261831e-02	2.485813707299229167e-02	1.023762542916275109e+00	2.659267524311856867e-01	-7.655067312388228774e-03	-1.538835519970462419e-03
2.437444150122221807e-11	5.977937767732692809e-01	1.153821514254500435e+01	7.650379728839443172e-02	9.739332756272597869e-02	2.534623799129031782e-02	1.022413432052694304e+00	2.640387266787536102e-01	-8.065693207202533424e-03	-1.623589924296654991e-03
2.552908068239516723e-11	6.155982240752079226e-01	1.152160569907198173e+01	7.889592728371740138e-02	9.860658800994087647e-02	2.579518186352714945e-02	1.020774679757235015e+00	2.621000856514671407e-01	-8.487997977672743707e-03	-1.709926537913528241e-03
2.673841615839943880e-11	6.338057541820751872e-01	1.150677409612783642e+01	8.133413004107432898e-02	9.969604667289368172e-02	2.620358989737973585e-02	1.018841359567322025e+00	2.601104125133100187e-01	-8.921776074662657319e-03	-1.797673342639481090e-03
2.800503894183625342e-11	6.524153310262835737e-01	1.149359239880742933e+01	8.381825236276692348e-02	1.006599062968509678e-01	2.657023666549219662e-02	1.016608946768866151e+00	2.580693975855276601e-01	-9.366795331395179336e-03	-1.886648847686009378e-03
2.933166278390048099e-11	6.714250746539234260e-01	1.148193790677906279e+01	8.634806250816877415e-02	1.014970265047147879e-01	2.689416264435782328e-02	1.014074337164212691e+00	2.559769670961675181e-01	-9.822791121517947602e-03	-1.976661663174771391e-03
3.072112998861759207e-11	6.908325441602418682e-01	1.147169275655093834e+01	8.892328879348834758e-02	1.022068187192149008e-01	2.717464794445263038e-02	1.011235544776977635e+00	2.538332241036778125e-01	-1.028947379471292257e-02	-2.067512793183580097e-03
3.217641750250735458e-11	7.106344774531324626e-01	1.146274372911517325e+01	9.154358709426481389e-02	1.027884783880901598e-01	2.741103412842007744e-02	1.008089906123921686e+00	2.516383214969339366e-01	-1.076652315518567340e-02	-2.158995382308182432e-03
3.370064329271925032e-11	7.308268125134509408e-01	1.145498184619335902e+01	9.420854623723884380e-02	1.032427164577639223e-01	2.760313064135604122e-02	1.004638281675831246e+00	2.493928190894176000e-01	-1.125358976734488689e-02	-2.250895884656746882e-03
3.529707302730657668e-11	7.514047528001610576e-01	1.144830223421377902e+01	9.691769718721808535e-02	1.035700305008650651e-01	2.775081297574699679e-02	1.000880865533987585e+00	2.470973196872747191e-01	-1.175029733733811386e-02	-2.342995451947845528e-03
3.696912707195032437e-11	7.723625352720613346e-01	1.144260377719060529e+01	9.967048569366543376e-02	1.037713512199334998e-01	2.785416803718129483e-02	9.968188045537664799e-01	2.447526234533115852e-01	-1.225623800920308711e-02	-2.435070024090626312e-03
3.872038781812557004e-11	7.936936051591160224e-01	1.143778895318419231e+01	1.024662959993054290e-01	1.038481678469328900e-01	2.791351854159748042e-02	9.924544891284674542e-01	2.423597315585229173e-01	-1.277097750484661697e-02	-2.526892301979150653e-03
4.055460735840827506e-11	8.153905556181548775e-01	1.143376367447937270e+01	1.053044442352665255e-01	1.038024140284688202e-01	2.792940547679869170e-02	9.877913080286002678e-01	2.399198396631980479e-01	-1.329405469001983253e-02	-2.618232677916373496e-03
4.247571552536894126e-11	8.374450929632366591e-01	1.143043718003665532e+01	1.081841746157863049e-01	1.036362822628579261e-01	2.790252271948153243e-02	9.828332081525512631e-01	2.374342832612090781e-01	-1.382498173797375683e-02	-2.708860294348565054e-03
4.448782831127576069e-11	8.598479944931890495e-01	1.142772179642973285e+01	1.111046558784659355e-01	1.033522979861083019e-01	2.783374079897484032e-02	9.775849001722606291e-01	2.349045651174963001e-01	-1.436324419183791085e-02	-2.798544097231105577e-03
4.659525668664686662e-11	8.825890612254039258e-01	1.142553281336513749e+01	1.140649760510547006e-01	1.029535429884925468e-01	2.772415669798660581e-02	9.720524611665354309e-01	2.323324115978937787e-01	-1.490830095010079598e-02	-2.887053894335403145e-03
4.880251583654433574e-11	9.056572476328663690e-01	1.142378842431479136e+01	1.170641593861329322e-01	1.024434017424803584e-01	2.757502630784866571e-02	9.662426941708295303e-01	2.297196988182222399e-01	-1.545958853989881296e-02	-2.974162099834773941e-03
5.111433483440165318e-11	9.290405580859004697e-01	1.142240962388914838e+01	1.201011534608151521e-01	1.018249264425285100e-01	2.738757641621538536e-02	9.601615114984186627e-01	2.270682809727701257e-01	-1.601651981061508190e-02	-3.059644522731799505e-03
5.353566677410718816e-11	9.527259871171409600e-01	1.142132004678176749e+01	1.231748224781651774e-01	1.011024095008290213e-01	2.716343329294525905e-02	9.538180493155452577e-01	2.243804217010744451e-01	-1.657848373796033323e-02	-3.143281346169611145e-03
5.607169938205469661e-11	9.766997244331392380e-01	1.142044600509542995e+01	1.262839726155631226e-01	1.002796769418145967e-01	2.690414726633610573e-02	9.472202220094748659e-01	2.216583091129092631e-01	-1.714485153218674174e-02	-3.224859019558586146e-03
5.872786613189488850e-11	1.000946931458890354e+00	1.141971635948561925e+01	1.294273235517431064e-01	9.936108155706159517e-02	2.661146031780690230e-02	9.403773743729048062e-01	2.189043478927907849e-01	-1.771497260306795912e-02	-3.304170565938171263e-03
6.150985788580503926e-11	1.025451875912027688e+00	1.141906242481864631e+01	1.326035258328276401e-01	9.835109945268585840e-02	2.628718606681394038e-02	9.332992253743069844e-01	2.161210300273141149e-01	-1.828817900869945251e-02	-3.381017109339667578e-03
6.442363508721370414e-11	1.050197895066713238e+00	1.141841797962793770e+01	1.358111547551221487e-01	9.725443010412643252e-02	2.593322583181116928e-02	9.259961670792512534e-01	2.133109600847151732e-01	-1.886378588742794807e-02	-3.455208757711584859e-03
6.747544053110686101e-11	1.075167442268114781e+00	1.141771919283361925e+01	1.390487157413987651e-01	9.607564889209406489e-02	2.555148663254329724e-02	9.184783353022020203e-01	2.104767686975030916e-01	-1.944109385348080643e-02	-3.526565685977266478e-03
7.067181273927477085e-11	1.100342137394720199e+00	1.141690460847678956e+01	1.423146493656634870e-01	9.482014726398693694e-02	2.514408441474965880e-02	9.107581993754738647e-01	2.076213300016558627e-01	-2.001939146612902523e-02	-3.594919133057457653e-03
7.401959996915652408e-11	1.125702696502738132e+00	1.141591512100384698e+01	1.456073206333166337e-01	9.349253675349676607e-02	2.471297075177279756e-02	9.028462278872680935e-01	2.047473751643412443e-01	-2.059795483755621701e-02	-3.660111967768794536e-03
7.752597488629464062e-11	1.151229038801201199e+00	1.141469389987227956e+01	1.489250316322245082e-01	9.209794364064417815e-02	2.426021917519484081e-02	8.947544376378784303e-01	2.018577918891053535e-01	-2.117605145812049075e-02	-3.721999696982445423e-03
8.119844993184008328e-11	1.176900410924307305e+00	1.141318651699024400e+01	1.522660335885359650e-01	9.064169042372494101e-02	2.378795738682121588e-02	8.864955513068414339e-01	1.989555508466760991e-01	-2.175294422673792333e-02	-3.780451357664344966e-03
8.504489341802668113e-11	1.202695065873936597e+00	1.141134068620336173e+01	1.556284861115679874e-01	8.912881126810637267e-02	2.329822312273085658e-02	8.780817005670658038e-01	1.960435771953706607e-01	-2.232788556198769120e-02	-3.835349256765573697e-03
8.907354638610458163e-11	1.228590925418610480e+00	1.140910653038484490e+01	1.590105365267595883e-01	8.756448669147494368e-02	2.279309007082924027e-02	8.695255684259273199e-01	1.931248376341996309e-01	-2.290013322931826537e-02	-3.886590858978027693e-03
9.329304026284695888e-11	1.254564986015298089e+00	1.140643642898821319e+01	1.624102418879028731e-01	8.595386369044177854e-02	2.227459484835211598e-02	8.608399988484238818e-01	1.902023168389343211e-01	-2.346893855988765876e-02	-3.934087817671692681e-03
9.771241535346501225e-11	1.280593844782976110e+00	1.140328503720975206e+01	1.658256334483219352e-01	8.430203897910901190e-02	2.174474049299336686e-02	8.520378873650129581e-01	1.872789790524967135e-01	-2.403355907772267500e-02	-3.977767219658415697e-03
1.023411402105452712e-10	1.306653246447396555e+00	1.139960915711981748e+01	1.692546563374858481e-01	8.261383792140464255e-02	2.120543145985444994e-02	8.431316099708251466e-01	1.843577332870828533e-01	-2.459324964173811509e-02	-4.017570823472533040e-03
1.071891319205126445e-10	1.332718869244194915e+00	1.139536795120038271e+01	1.726952644759087441e-01	8.089463278693237447e-02	2.065867200421712263e-02	8.341353602492987962e-01	1.814416110604341603e-01	-2.514728073002829231e-02	-4.053456456170207063e-03
1.122667773510811312e-10	1.358765723256271540e+00	1.139052289216481029e+01	1.761453392906094650e-01	7.914918171193674468e-02	2.010627959797743614e-02	8.250618237824620671e-01	1.785334796205582941e-01	-2.569492638544347909e-02	-4.085396886485650331e-03
1.175849554052158201e-10	1.384768544257529932e+00	1.138503762860330326e+01	1.796027385590953929e-01	7.738187530611734255e-02	1.954994248599403739e-02	8.159228163258082089e-01	1.756360728527797954e-01	-2.623547344841281256e-02	-4.113380153360522012e-03
1.231550603292826197e-10	1.410701933587449552e+00	1.137887810751461259e+01	1.830653083392782265e-01	7.559755800551927474e-02	1.899141228607883689e-02	8.067317875290629381e-01	1.727522267825369329e-01	-2.676822546195303104e-02	-4.137409444798300501e-03
1.289890261253308184e-10	1.436539803158986883e+00	1.137201258235330137e+01	1.865308061953356300e-01	7.380065422986735457e-02	1.843229903622998697e-02	7.975012669480425753e-01	1.698846745673785741e-01	-2.729249196241406022e-02	-4.157502146743375683e-03
1.350993521198024986e-10	1.462256555537293501e+00	1.136441128812394652e+01	1.899970549610451309e-01	7.199543833958446659e-02	1.787412315307204333e-02	7.882435187092892148e-01	1.670360138792994775e-01	-2.780761328665142321e-02	-4.173690368013531840e-03
1.414991297434578731e-10	1.487826309961629345e+00	1.135604719460592449e+01	1.934618251102453723e-01	7.018607904922986862e-02	1.731833266145618028e-02	7.789708147264003957e-01	1.642088034802645646e-01	-2.831294592060941417e-02	-4.186019951251319926e-03
1.482020705798860072e-10	1.513223064573362642e+00	1.134689518833990363e+01	1.969228642334436008e-01	6.837634804093935259e-02	1.676623736699526385e-02	7.696944751841772181e-01	1.614054557903897014e-01	-2.880786563711878329e-02	-4.194549627018224341e-03
1.552225357427047968e-10	1.538420892467728063e+00	1.133693233891646202e+01	2.003779132568653532e-01	6.657034286012988855e-02	1.621916955739909419e-02	7.604271724571617375e-01	1.586284437329051056e-01	-2.929177224160535095e-02	-4.199350622515704914e-03
1.625755666443793407e-10	1.563394346569918714e+00	1.132613806467696982e+01	2.038247511923941546e-01	6.477134415333882234e-02	1.567822057865090116e-02	7.511792083016735067e-01	1.558799157593768192e-01	-2.976409808124752532e-02	-4.200506135660363703e-03
1.702769172225897821e-10	1.588118054033391235e+00	1.131449408034457704e+01	2.072611380060460640e-01	6.298276940114141964e-02	1.514446717967670580e-02	7.419616359889298352e-01	1.531620356698124019e-01	-3.022430021957987420e-02	-4.198110294481666172e-03
1.783430876931905687e-10	1.612566617734813246e+00	1.130198395322601357e+01	2.106848046136257646e-01	6.120778760003359187e-02	1.461888114017480776e-02	7.327850237558393154e-01	1.504768630805753682e-01	-3.067185839040295625e-02	-4.192267136511012952e-03
1.867913599020784805e-10	1.636715722284901364e+00	1.128859373234137742e+01	2.140935807616866082e-01	5.944938042542998596e-02	1.410234323039658878e-02	7.236595266213168287e-01	1.478262987058911460e-01	-3.110629702381718237e-02	-4.183090258920296213e-03
1.956398343517064725e-10	1.660540782119545922e+00	1.127431129752957162e+01	2.174852254522615935e-01	5.771028888606256207e-02	1.359563771913383824e-02	7.145948572717799596e-01	1.452121695331961559e-01	-3.152715870344057619e-02	-4.170701387059045154e-03
2.049074689815846066e-10	1.684018519448879481e+00	1.125912689844831327e+01	2.208576181897790314e-01	5.599300236775706791e-02	1.309944325828190856e-02	7.056000529119282882e-01	1.426361056624844137e-01	-3.193403440975960822e-02	-4.155229786298808049e-03
2.146141197858401440e-10	1.707125744183125571e+00	1.124303270279114741e+01	2.242086030937245344e-01	5.429990828296764327e-02	1.261437943510552474e-02	6.966841243368684378e-01	1.400996937591224567e-01	-3.232653995208415593e-02	-4.136811125953633594e-03
2.247805833548729991e-10	1.729840424811819544e+00	1.122602309109921848e+01	2.275361187821934306e-01	5.263292273355647116e-02	1.214091872001699449e-02	6.878546318482997579e-01	1.376042686690560624e-01	-3.270433573693698470e-02	-4.115586554427346118e-03
2.354286414322420067e-10	1.752140997723878657e+00	1.120809439390298046e+01	2.308381083729139915e-01	5.099436099573820963e-02	1.167958610475429426e-02	6.791208249888310844e-01	1.351512701029523866e-01	-3.306711342944466253e-02	-4.091701788366142872e-03
2.465811075822603842e-10	1.774006720252863989e+00	1.118924502959557366e+01	2.341125585593085701e-01	4.938560231595794103e-02	1.123066806856851986e-02	6.704888608323148480e-01	1.327417625786944666e-01	-3.341460208795106468e-02	-4.065306232163931610e-03
2.582618760682674929e-10	1.795417695176915185e+00	1.116947513438301520e+01	2.373575062830427518e-01	4.780828953177525958e-02	1.079447725768686341e-02	6.619660374460809571e-01	1.303768448541829661e-01	-3.374656752485792610e-02	-4.036551857307346843e-03
2.704959730463131364e-10	1.816354894077371718e+00	1.114878682238019181e+01	2.405710325015461282e-01	4.626374589043296542e-02	1.037122761136120147e-02	6.535587070870979565e-01	1.280574533165928230e-01	-3.406281246896300519e-02	-4.005592546517424725e-03
2.833096101839318258e-10	1.836800181711984781e+00	1.112718383147092283e+01	2.437512691609761417e-01	4.475321369601758387e-02	9.961091556938366995e-03	6.452731189929743483e-01	1.257844486412813823e-01	-3.436317576632415965e-02	-3.972583048466276148e-03
2.967302408188872501e-10	1.856736756013759093e+00	1.110467185143247981e+01	2.468964471027941532e-01	4.327756855187109286e-02	9.564135450750077538e-03	6.371142966562439724e-01	1.235584803518544744e-01	-3.464753942341892989e-02	-3.937678110468707110e-03
3.107866187782014063e-10	1.876148690868080005e+00	1.108125818522688100e+01	2.500048396625829117e-01	4.183769384996290086e-02	9.180409718399168764e-03	6.290874602780472946e-01	1.213801644196170482e-01	-3.491581937188333040e-02	-3.901031836096157269e-03
3.255088599835056406e-10	1.895021273066889167e+00	1.105695185401306446e+01	2.530748022286003485e-01	4.043421924793395156e-02	8.809890284108386899e-03	6.211969957519002383e-01	1.192499614840437927e-01	-3.516797037702008855e-02	-3.862796851079415214e-03
3.409285069746807543e-10	1.913340713222446698e+00	1.103176354820480931e+01	2.561047321042216884e-01	3.906767087069128175e-02	8.452518382245604103e-03	6.134470345355016452e-01	1.171682623947511853e-01	-3.540398028174551737e-02	-3.823123930490968016e-03
3.570785964900469852e-10	1.931094495284106038e+00	1.100570525697287572e+01	2.590931213490793583e-01	3.773843847348221092e-02	8.108192163891546345e-03	6.058412695326957920e-01	1.151353462918803805e-01	-3.562387383749785613e-02	-3.782160814619605835e-03
3.739937302478801677e-10	1.948271041003141191e+00	1.097879082290742581e+01	2.620384969491846294e-01	3.644672607786827306e-02	7.776759858604004143e-03	5.983827854793367651e-01	1.131513932574941955e-01	-3.582770750915838937e-02	-3.740052520763355402e-03
3.917101490809260641e-10	1.964860157155405407e+00	1.095103486843399132e+01	2.649395043544452988e-01	3.519266184571358952e-02	7.458045533988154861e-03	5.910744051209221306e-01	1.112164901728023847e-01	-3.601557304570585094e-02	-3.696939532404143122e-03
4.102658105827190344e-10	1.980852772200241363e+00	1.092245390107197700e+01	2.677948447186104808e-01	3.397621960063874208e-02	7.151834295088259526e-03	5.839184082850096269e-01	1.093306306298708758e-01	-3.618759447385506284e-02	-3.652958593202422499e-03
4.297004704320835313e-10	1.996241035250335027e+00	1.089306526626684146e+01	2.706033122176648709e-01	3.279733909290285382e-02	6.857900240180452890e-03	5.769169711770955056e-01	1.074937493367436464e-01	-3.634392619795070306e-02	-3.608241398065395629e-03
4.500557675700488183e-10	2.011018105594690297e+00	1.086288785081881336e+01	2.733637476921744192e-01	3.165576144223293531e-02	6.575972625514278636e-03	5.700715117729518999e-01	1.057056757572363281e-01	-3.648475040009236531e-02	-3.562915189899740730e-03
4.713753134116729086e-10	2.025178479762941297e+00	1.083194137310911032e+01	2.760750999316921028e-01	3.055119765573540563e-02	6.305773732552836727e-03	5.633833129886345326e-01	1.039661783047808319e-01	-3.661027869596086837e-02	-3.517101468161621790e-03
4.937047852839003559e-10	2.038717880794063131e+00	1.080024656807466954e+01	2.787364063347444465e-01	2.948326096714610003e-02	6.047005800249772092e-03	5.568532448013751024e-01	1.022749467965246434e-01	-3.672074982903533735e-02	-3.470916125871578457e-03
5.170920242896755486e-10	2.051632906031719106e+00	1.076782557261367934e+01	2.813467348091093223e-01	2.845154795255131971e-02	5.799370348516805565e-03	5.504821363489542652e-01	1.006316561339071630e-01	-3.681642449419579577e-02	-3.424470137100969671e-03
5.415871378079465267e-10	2.063921437779813406e+00	1.073470084886703191e+01	2.839052678508172112e-01	2.745536803404129145e-02	5.562510069465799109e-03	5.442695328998645721e-01	9.903580681544464637e-02	-3.689758719069403947e-02	-3.377867963450415043e-03
5.672426068491988835e-10	2.075582415210033282e+00	1.070089601637991983e+01	2.864112506670967173e-01	2.649434746483878000e-02	5.336140926174889887e-03	5.382163233160042193e-01	9.748702378599624629e-02	-3.696454393513028819e-02	-3.331208551139986079e-03
5.941133984965039838e-10	2.086615906789668795e+00	1.066643534262598791e+01	2.888640152514775905e-01	2.556774144334615986e-02	5.119903192251275097e-03	5.323217394115237200e-01	9.598473218126106488e-02	-3.701762070398528781e-02	-3.284584757043781510e-03
6.222570836730231313e-10	2.097022838177148074e+00	1.063134389213534803e+01	2.912629399074340153e-01	2.467490459222680330e-02	4.913465811974839469e-03	5.265854094032161870e-01	9.452839421877520798e-02	-3.705715927859386943e-02	-3.238083932761919893e-03
6.517339604882420571e-10	2.106805320606506271e+00	1.059564705035050025e+01	2.936075089255936188e-01	2.381504502847194005e-02	4.716474297573013119e-03	5.210062212842231366e-01	9.311737139699027832e-02	-3.708351868166669119e-02	-3.191786999697403260e-03
6.826071834272379248e-10	2.115966510585125526e+00	1.055937092409940448e+01	2.958972841357427885e-01	2.298750115690480558e-02	4.528604466954621981e-03	5.155835722152017908e-01	9.175105552170759182e-02	-3.709707388164409925e-02	-3.145769189067790586e-03
7.149428986597561750e-10	2.124510233723039487e+00	1.052254230318910722e+01	2.981318548251704059e-01	2.219145997285165359e-02	4.349511269899995931e-03	5.103161320482524355e-01	9.042877524081072149e-02	-3.709820948409015690e-02	-3.100100609299649528e-03
7.488103857590030225e-10	2.132441483421196882e+00	1.048518799078326502e+01	3.003109280602820896e-01	2.142612088004156382e-02	4.178858441870317818e-03	5.052025029715414561e-01	8.914982487544498291e-02	-3.708732316399632190e-02	-3.054845036342974680e-03
7.842822061337681836e-10	2.139765854781574550e+00	1.044733561470015459e+01	3.024342285187607837e-01	2.069067351853063133e-02	4.016316220022786258e-03	5.002411868977887366e-01	8.791350073695687606e-02	-3.706482017837188503e-02	-3.010061670454403440e-03
8.214343584919422200e-10	2.146489919974286398e+00	1.040901272291658763e+01	3.045015789930157757e-01	1.998427878805931687e-02	3.861555845610210782e-03	4.954304313974667306e-01	8.671905567584739516e-02	-3.703111426732679651e-02	-2.965803887293783515e-03
8.603464416684491388e-10	2.152620982248716341e+00	1.037024709161130431e+01	3.065128595311090165e-01	1.930610351699988889e-02	3.714258503328652424e-03	4.907684146265648417e-01	8.556573704013727133e-02	-3.698662474347023249e-02	-2.922120080032969674e-03
9.011018251665036851e-10	2.158167085937759744e+00	1.033106705764904021e+01	3.084680012249900183e-01	1.865530472365270129e-02	3.574111085156323874e-03	4.862531711187633721e-01	8.445277946343077158e-02	-3.693177670531038598e-02	-2.879054098338454382e-03
9.437878277775391497e-10	2.163136848598608442e+00	1.029150084603839410e+01	3.103669843371903991e-01	1.803104472671359509e-02	3.440809433475471198e-03	4.818826603192530866e-01	8.337941377486803030e-02	-3.686699658845600525e-02	-2.836645145072742499e-03
9.884959046625586031e-10	2.167539618452567929e+00	1.025157668322913729e+01	3.122098601116218841e-01	1.743248258926994101e-02	3.314056503150239474e-03	4.776547062749491590e-01	8.234485445574458995e-02	-3.679271336617423449e-02	-2.794927788966515819e-03
1.035321843295661502e-09	2.171385329092899941e+00	1.021132301731161007e+01	3.139967259354315976e-01	1.685878046764031912e-02	3.193563344676726787e-03	4.735670421995540891e-01	8.134831225168695501e-02	-3.670935692244593068e-02	-2.753932585810487527e-03
1.084365968689608688e-09	2.174684359242436749e+00	1.017076825067681689e+01	3.157277155821935355e-01	1.630910935195506450e-02	3.079050886008182029e-03	4.696173428369531111e-01	8.038900292049741547e-02	-3.661735531028351837e-02	-2.713686290201746624e-03
1.135733358343102889e-09	2.177447730240356982e+00	1.012994058423194765e+01	3.174030352533764865e-01	1.578266981810551306e-02	2.970251846944584485e-03	4.658033009414561110e-01	7.946613910462221875e-02	-3.651713560861537949e-02	-2.674211567353762184e-03
1.189534067370320724e-09	2.179686775571770596e+00	1.008886842944471596e+01	3.190229054259473562e-01	1.527864092166371542e-02	2.866903493279275138e-03	4.621224131861887408e-01	7.857893442247779192e-02	-3.640912139012818932e-02	-2.635528098675891506e-03
1.245883364295008068e-09	2.181413327693713100e+00	1.004757980319440946e+01	3.205876093594759446e-01	1.479623534923266495e-02	2.768755416383480560e-03	4.585722187752050982e-01	7.772660563946602597e-02	-3.629373225531116326e-02	-2.597651934449997282e-03
1.304901978014401580e-09	2.182639523366853407e+00	1.000610276686547984e+01	3.220974534549394530e-01	1.433468140253984016e-02	2.675567143287067330e-03	4.551502388140162281e-01	7.690838232821554932e-02	-3.617138293570597296e-02	-2.560596382779633130e-03
1.366716356462010101e-09	2.183377897229007658e+00	9.964464994192143266e+00	3.235527972093319993e-01	1.389322165219837590e-02	2.587107284441886226e-03	4.518539483689829606e-01	7.612349391882361482e-02	-3.604248237980354347e-02	-2.524371650867308480e-03
1.431458937523481393e-09	2.183641205287012887e+00	9.922694135732939458e+00	3.249540180051601057e-01	1.347111433452667477e-02	2.503153534764859280e-03	4.486808088809307593e-01	7.537118352301334923e-02	-3.590743305758609810e-02	-2.488985633404129042e-03
1.499268432786047049e-09	2.183442496163520374e+00	9.880817454151916479e+00	3.263015357718406784e-01	1.306762979524387670e-02	2.423491452917756958e-03	4.456282328202625376e-01	7.465069587338060697e-02	-3.576663014144476627e-02	-2.454443639978300985e-03
1.570290124729377524e-09	2.182795010140750058e+00	9.838862097536297924e+00	3.275957914574233465e-01	1.268209014159685580e-02	2.347922916481353164e-03	4.426938072740794206e-01	7.396130952776018563e-02	-3.562046132195406667e-02	-2.420748956457779207e-03
1.644676177994662829e-09	2.181712154574862783e+00	9.796854798350414839e+00	3.288372554790566227e-01	1.231379036759629002e-02	2.276248651937580556e-03	4.398748785520320559e-01	7.330228575093110377e-02	-3.546930543302924399e-02	-2.387902782074016999e-03
1.722585965398783835e-09	2.180207519007500316e+00	9.754821962270673552e+00	3.300264293988146025e-01	1.196209015440215240e-02	2.208288012332971974e-03	4.371690327368100148e-01	7.267292373655007132e-02	-3.531353270308820735e-02	-2.355904413682765805e-03
1.804186409392068039e-09	2.178294766270836291e+00	9.712789803504472630e+00	3.311638270851434696e-01	1.162630023264824355e-02	2.143853378445862139e-03	4.345735116068517034e-01	7.207249560026010582e-02	-3.515350432469484254e-02	-2.324751685441844677e-03
1.889652339691211477e-09	2.175987670570073806e+00	9.670784073221268429e+00	3.322499916597795311e-01	1.130585173909913650e-02	2.082787564960266510e-03	4.320861012228393028e-01	7.150034741712908704e-02	-3.498957173825671674e-02	-2.294440798166721106e-03
1.979166867853557524e-09	2.173300037558742126e+00	9.628830266957324469e+00	3.332854783434648915e-01	1.100012537218987216e-02	2.024925978398791140e-03	4.297042397108094547e-01	7.095579792621387050e-02	-3.482207673634378498e-02	-2.264966745218982645e-03
2.072921779595369695e-09	2.170245707769651311e+00	9.586953423805043784e+00	3.342708637283253736e-01	1.070857000687716609e-02	1.970122101817385184e-03	4.274256458887408239e-01	7.043820893375463132e-02	-3.465135078775838373e-02	-2.236323247241028562e-03
2.171117945694509622e-09	2.166838524327854731e+00	9.545178260400808412e+00	3.352067380777470351e-01	1.043055143653606048e-02	1.918214191802544233e-03	4.252475106649336034e-01	6.994689099664412602e-02	-3.447771538513819817e-02	-2.208503025476698557e-03
2.273965752357932151e-09	2.163092309731913687e+00	9.503529103864295280e+00	3.360937057985171617e-01	1.016560893229528917e-02	1.869081504182508544e-03	4.231678886959244767e-01	6.948126909055934997e-02	-3.430148166552789840e-02	-2.181497873495237636e-03
2.381685551976160644e-09	2.159020835714779096e+00	9.462029902493512168e+00	3.369323820537818981e-01	9.913205783489014572e-03	1.822589176656743380e-03	4.211843531063222401e-01	6.904072214181908307e-02	-3.412295039081063297e-02	-2.155298808805500808e-03
2.494508135230316413e-09	2.154637815918440058e+00	9.420704079558916533e+00	3.377233984176170600e-01	9.672833385416022486e-03	1.778610766443458309e-03	4.192945564082723453e-01	6.862464739977870709e-02	-3.394241147971873568e-02	-2.129896045785753273e-03
2.612675225563326382e-09	2.149956892869730130e+00	9.379574818151628079e+00	3.384673922326820183e-01	9.444019294536355053e-03	1.737030140193662970e-03	4.174962865643900845e-01	6.823247053362474501e-02	-3.376014513029720887e-02	-2.105279321711368314e-03
2.736439997074666368e-09	2.144991601842577200e+00	9.338664847065057728e+00	3.391650099509334604e-01	9.226308910270321698e-03	1.697736806784902810e-03	4.157873675467221308e-01	6.786363085239924264e-02	-3.357642097022692923e-02	-2.081437852771273519e-03
2.866067616948244470e-09	2.139755359398428425e+00	9.297996476482754957e+00	3.398169053896922809e-01	9.019257091455786662e-03	1.660624436352389419e-03	4.141656165736798956e-01	6.751757764639387815e-02	-3.339149832955052438e-02	-2.058360445830865679e-03
3.001835813575592210e-09	2.134261460376928099e+00	9.257591623585607721e+00	3.404237395775330244e-01	8.822447226732066036e-03	1.625594348779908988e-03	4.126289526246811890e-01	6.719378112714502471e-02	-3.320562650799412097e-02	-2.036035577129317702e-03
3.144035471591500167e-09	2.128523055649595097e+00	9.217471801782281204e+00	3.409861787851699022e-01	8.635462895449056916e-03	1.592549608229837767e-03	4.111752428160952988e-01	6.689171527006090856e-02	-3.301904483446091443e-02	-2.014451472671336969e-03
3.292971255097148186e-09	2.122553144555013205e+00	9.177658024128238168e+00	3.415048980004775081e-01	8.457971749930315655e-03	1.561412774620445565e-03	4.098027719913981404e-01	6.661091164185167779e-02	-3.283198258218657239e-02	-1.993596103990891676e-03
3.448962260405766611e-09	2.116364577954156445e+00	9.138171054612580946e+00	3.419805731584295017e-01	8.289504034150177100e-03	1.532078106715086723e-03	4.085090095198171678e-01	6.635081438867555803e-02	-3.264465993448431580e-02	-1.973457387824602369e-03
3.612342699709437910e-09	2.109970023437796716e+00	9.099031191362790594e+00	3.424138844999571885e-01	8.129808218939077458e-03	1.504488106252669863e-03	4.072926044794422662e-01	6.611101648474651538e-02	-3.245728757141167625e-02	-1.954023157801886620e-03
3.783462617131932968e-09	2.103381974003920352e+00	9.060258289383421371e+00	3.428055180458147722e-01	7.978495166929250315e-03	1.478556431528975324e-03	4.061513891030609780e-01	6.589102010586554703e-02	-3.227006678825852792e-02	-1.935281165554508537e-03
3.962688638701478467e-09	2.096612746272307426e+00	9.021871870068892463e+00	3.431561620241095345e-01	7.835254522150546588e-03	1.454214924727135908e-03	4.050835995483406671e-01	6.569038414065402065e-02	-3.208319032793763292e-02	-1.917219216944781972e-03
4.150404757850472502e-09	2.089674468673181629e+00	8.983891099107189859e+00	3.434665065037258991e-01	7.699780790001329797e-03	1.431397173445254738e-03	4.040874628138099722e-01	6.550867329760073909e-02	-3.189684246717897076e-02	-1.899825196203323505e-03
4.347013158125017173e-09	2.082579068041765957e+00	8.946334727444243740e+00	3.437372441245241106e-01	7.571778274882525958e-03	1.410039698312619619e-03	4.031612258590744902e-01	6.534546158230357393e-02	-3.171119897488161588e-02	-1.883087064116039820e-03
4.552935074866938773e-09	2.075338272953696883e+00	8.909221019541558206e+00	3.439690740653958967e-01	7.450972960149449681e-03	1.390084359514450960e-03	4.023032220467433473e-01	6.520033853611564845e-02	-3.152642718254524551e-02	-1.866992825493210507e-03
4.768611697714474181e-09	2.067963637620823469e+00	8.872568032263787430e+00	3.441626958824591243e-01	7.337108994724536419e-03	1.371477220454848673e-03	4.015118578903776325e-01	6.507290791607954483e-02	-3.134268750023648520e-02	-1.851530720555729119e-03
4.994505115855140358e-09	2.060466506707621104e+00	8.836393487185741691e+00	3.443188090708674820e-01	7.229902309455001411e-03	1.354159943802484695e-03	4.007853512177195210e-01	6.496276062674731511e-02	-3.116013278753314297e-02	-1.836689178471522790e-03
5.231099308056257792e-09	2.052858006510172473e+00	8.800714546183154852e+00	3.444381207924504529e-01	7.129134908430397391e-03	1.338086996013359295e-03	4.001222634757501950e-01	6.486952642256278712e-02	-3.097890817811434563e-02	-1.822456727610877007e-03
5.478901179593956120e-09	2.045149093615757252e+00	8.765548194640336632e+00	3.445213395539310497e-01	7.034580047942085544e-03	1.323212914384147435e-03	3.995210806083960842e-01	6.479283588981947506e-02	-3.079915266088336864e-02	-1.808822165467943895e-03
5.738441648302404521e-09	2.037350517165957609e+00	8.730911057045446455e+00	3.445691764418253866e-01	6.946016270482469925e-03	1.309493089133092949e-03	3.989802932821240877e-01	6.473232242147947124e-02	-3.062099867154506605e-02	-1.795774519334530873e-03
6.010276782070388176e-09	2.029472826272788577e+00	8.696819393768238982e+00	3.445823468360719177e-01	6.863235143002096791e-03	1.296886095145332284e-03	3.984984410945359157e-01	6.468762896385109318e-02	-3.044457234599481574e-02	-1.783303034871156064e-03
6.294988990221888141e-09	2.021526382960640689e+00	8.663289156740317409e+00	3.445615707110411541e-01	6.786026649180885821e-03	1.285350631933953507e-03	3.980740304140095720e-01	6.465839815242464816e-02	-3.026999409108293085e-02	-1.771397205720081020e-03
6.593188271333541710e-09	2.013521355641376243e+00	8.630335975501987278e+00	3.445075723417108104e-01	6.714260167791303094e-03	1.274862236656020822e-03	3.977059973947624227e-01	6.464432539152714652e-02	-3.009737875727021283e-02	-1.760046779773804040e-03
6.905513520162316861e-09	2.005467739018201634e+00	8.597975231846310962e+00	3.444210809429009146e-01	6.647690323220485469e-03	1.265372331567911433e-03	3.973926019387086783e-01	6.464502858092817383e-02	-2.992683631186827259e-02	-1.749241788363563570e-03
7.232633896483518810e-09	1.997375335952652931e+00	8.566221960601996699e+00	3.443028317108828285e-01	6.586161773814377257e-03	1.256851488713250876e-03	3.971325953564135425e-01	6.466018498233508383e-02	-2.975847157475907528e-02	-1.738972503249031076e-03
7.575250258771920716e-09	1.989253781068073268e+00	8.535090945712216381e+00	3.441535661778426514e-01	6.529544957088744168e-03	1.249276671922833030e-03	3.969248543749152591e-01	6.468949042555477424e-02	-2.959238508544641266e-02	-1.729229485920480165e-03
7.934096665797492339e-09	1.981112542832280443e+00	8.504596719366784185e+00	3.439740327189843572e-01	6.477670490752873711e-03	1.242615561452307471e-03	3.967680082056275759e-01	6.473260936571670343e-02	-2.942867323238013838e-02	-1.720003571192548668e-03
8.309941949353386453e-09	1.972960919166966143e+00	8.474753508635112453e+00	3.437649880253679791e-01	6.430396730640729891e-03	1.236842208554956224e-03	3.966608228982597684e-01	6.478922384307753135e-02	-2.926742834417409012e-02	-1.711285847636192028e-03
8.703591361485183753e-09	1.964808070518417882e+00	8.445575382290861910e+00	3.435271969582061047e-01	6.387585587183755055e-03	1.231931351180356625e-03	3.966020644558392316e-01	6.485901539124623583e-02	-2.910873966165732768e-02	-1.703067711341171462e-03
9.115888299750837812e-09	1.956662985293022405e+00	8.417076018836304740e+00	3.432614359595585474e-01	6.349111033405387128e-03	1.227860405592023398e-03	3.965905450865578885e-01	6.494166994728900466e-02	-2.895269249010521892e-02	-1.695340755560220767e-03
9.547716114208065503e-09	1.948534579601945760e+00	8.389269214101140903e+00	3.429684898438541962e-01	6.314847869129043209e-03	1.224606946482940896e-03	3.966250624682594594e-01	6.503687089940934918e-02	-2.879937094349698315e-02	-1.688096981039562995e-03
1.000000000000000021e-08	1.940431596052673013e+00	8.362168361083051948e+00	3.426491552128583806e-01	6.284680676498521218e-03	1.222150515714964195e-03	3.967044483380796627e-01	6.514430339050217289e-02	-2.864885559594439884e-02	-1.681328581347374482e-03
