# Pressure Mass Radius Compactness k2 k3 h2 h3 j2 j3
9.999999999999999799e-13	9.105459176374183783e-02	1.088837898104761024e+02	1.234834793942617788e-03	1.772482192393718228e-04	9.972399318161485008e-07	9.966651058119587736e-01	3.317322349813427995e-01	-4.115710626297641919e-07	-7.845948145958363857e-08
1.047370897959448749e-12	9.156143006051874200e-02	9.602208874119102688e+01	1.408029173889578612e-03	1.698628250171174833e-04	1.176994340160867783e-06	9.961339321640164668e-01	3.314991090714092259e-01	-4.653463529871760007e-07	-8.400380939984843847e-08
1.096985797892381920e-12	9.216106661125313126e-02	8.546866547784834722e+01	1.592248339003614777e-03	1.661087965505198417e-04	-2.682502146079462294e-05	9.955663707387046868e-01	3.312523024782591530e-01	-5.337412085961025616e-07	-9.068715866304941123e-08
1.148951000187311009e-12	9.284962568173341091e-02	7.668829812638485066e+01	1.787809712477075180e-03	1.656807037479054632e-04	-6.267654172494823443e-06	9.949840807271059795e-01	3.309912350452818841e-01	-6.211536394611717919e-07	-9.865491107490739879e-08
1.203377840777590522e-12	9.362469202228936027e-02	6.929606060041696480e+01	1.995042220416964884e-03	1.685859656829954143e-04	1.332410539910067647e-05	9.943808001650272788e-01	3.307153692391875399e-01	-7.334554074895474229e-07	-1.081023925727738467e-07
1.260382929679727463e-12	9.448489425701257771e-02	6.300842718589692737e+01	2.214287342428716571e-03	1.750594061047258080e-04	1.924858637755150469e-05	9.937309124264150917e-01	3.304241890885499244e-01	-8.783391229026965184e-07	-1.193166613483698779e-07
1.320088400831416649e-12	9.542963553996593185e-02	5.761225956338502385e+01	2.445899405906691148e-03	1.856291543341510712e-04	-3.278913408156500432e-05	9.930577516892945544e-01	3.301172147652866595e-01	-1.065709014238453435e-06	-1.326703142251638669e-07
1.382622173764653478e-12	9.645891543554586944e-02	5.294446897624556669e+01	2.690246114130336996e-03	2.010048454179187922e-04	3.970945544355121529e-05	9.923602780095364118e-01	3.297939601595712977e-01	-1.308109531500973585e-06	-1.486871646495548117e-07
1.448118227674535917e-12	9.757320974370951860e-02	4.887831300475752982e+01	2.947709075295417216e-03	2.221837305836776855e-04	5.058572209089318047e-05	9.916391361042271591e-01	3.294539700748176370e-01	-1.621221141959919322e-06	-1.680758069812481104e-07
1.516716888470924089e-12	9.877338915502860417e-02	4.531393447050758994e+01	3.218684573089017949e-03	2.502987983911396396e-04	3.219183595185290322e-05	9.908897436225405642e-01	3.290967513051338278e-01	-2.024360315733244005e-06	-1.917929717553389072e-07
1.588565129428052692e-12	1.000606076881300904e-01	4.217181276481160523e+01	3.503572440569989281e-03	2.868759944630244274e-04	5.870227123113245805e-05	9.901154401618991185e-01	3.287218994664030669e-01	-2.541018245612103183e-06	-2.211199318699003737e-07
1.663816886076127415e-12	1.014359049768419341e-01	3.938851316050516260e+01	3.802702549464408686e-03	3.335649745129536299e-04	4.473468480579161782e-05	9.893219680778571057e-01	3.283290814024458770e-01	-3.199240332352170451e-06	-2.577236268087539190e-07
1.742633386009647278e-12	1.029001578400298572e-01	3.691260983110432647e+01	4.116342696555856662e-03	3.922968786303756357e-04	6.063719405236321733e-05	9.885091605242041224e-01	3.279180995711481472e-01	-4.032031646357870066e-06	-3.037727225354943886e-07
1.825183494319046040e-12	1.044540780577309924e-01	3.470180960747926235e+01	4.444710842765960471e-03	4.651932500936941566e-04	6.204156807266910279e-05	9.876835745957526225e-01	3.274888447954923398e-01	-5.077741532684730414e-06	-3.620274927669854497e-07
1.911644075385703708e-12	1.060981319727041378e-01	3.272101591777389018e+01	4.787967495655048866e-03	5.546097306255171880e-04	6.575059500763876668e-05	9.868474094777743844e-01	3.270413338355664390e-01	-6.380278761994184659e-06	-4.359584399837733367e-07
2.002200371815584363e-12	1.078324682372767268e-01	3.094086307236762678e+01	5.146208257341263956e-03	6.630224039927624024e-04	7.839928901457182957e-05	9.860069888093885293e-01	3.265756910440332783e-01	-7.989225671686749053e-06	-5.298449750880384665e-07
2.097046401323230665e-12	1.096568470902156284e-01	2.933659407593729540e+01	5.519456285514853788e-03	7.930615267250946000e-04	8.538462863687838668e-05	9.851669524323749538e-01	3.260921867289903742e-01	-9.959746855966247691e-06	-6.488883971287249644e-07
2.196385372416542332e-12	1.115705739962649934e-01	2.788719069548093188e+01	5.907655148099369945e-03	9.474029181898266545e-04	9.570359337899916343e-05	9.843335907372183780e-01	3.255912250989660972e-01	-1.235231996343592379e-05	-7.993005547823452678e-07
2.300430119772921506e-12	1.135728148097170931e-01	2.657446585475849332e+01	6.310736989367099481e-03	1.128786467424789091e-03	1.107962606818266847e-04	9.835130182372817664e-01	3.250732725618682983e-01	-1.523279363097863228e-05	-9.884089627194073576e-07
2.409403560239526876e-12	1.156635290801159288e-01	2.538218540901653952e+01	6.728800652032670970e-03	1.340043591541063275e-03	1.277973078702615887e-04	9.827106441557822425e-01	3.245386203857609231e-01	-1.867370409194513646e-05	-1.224851959916047523e-06
2.523539170434765862e-12	1.178433926031447060e-01	2.429609634279197294e+01	7.162076754374378795e-03	1.584051587745034448e-03	1.485987554052521880e-04	9.819322791917611815e-01	3.239874188740613503e-01	-2.275468219137973704e-05	-1.518722325694494542e-06
2.643081486974102692e-12	1.201138643963910596e-01	2.330374584393177528e+01	7.610928456639323020e-03	1.863823001609139817e-03	1.742345914267397753e-04	9.811832387085448470e-01	3.234197134107872906e-01	-2.756322117199482542e-05	-1.881755586403976442e-06
2.768286630392061017e-12	1.224773169076399382e-01	2.239425977208187746e+01	8.075867541059945573e-03	2.182445984382879768e-03	2.047517965479773766e-04	9.804686892055947123e-01	3.228353954814960347e-01	-3.319578400730580260e-05	-2.327548172929101539e-06
2.899422853882880921e-12	1.249371705437463398e-01	2.155814355203113664e+01	8.557571605394612840e-03	2.543167596708597288e-03	2.414138853588252624e-04	9.797937296230669890e-01	3.222342069070127102e-01	-3.975930178277063790e-05	-2.871841479834252051e-06
3.036771118035460378e-12	1.274979996883985889e-01	2.078711621525578934e+01	9.056895611170992857e-03	2.949403601500928240e-03	2.849750982366478489e-04	9.791633996429548459e-01	3.216157206339363972e-01	-4.737296435828312240e-05	-3.532859879740906842e-06
3.180625692794118977e-12	1.301651074704875399e-01	2.007408918745084847e+01	9.574783593743663515e-03	3.404728034216915854e-03	3.353854521453961037e-04	9.785827707445141632e-01	3.209794699618254143e-01	-5.616861455558034286e-05	-4.331556818973511922e-06
3.331294787934670055e-12	1.329441247055510034e-01	1.941305322836957359e+01	1.011219739612329027e-02	3.912762523227092913e-03	3.948524495131583651e-04	9.780571306397194409e-01	3.203250216962700292e-01	-6.629072427510627010e-05	-5.291829324805786633e-06
3.489101213406766494e-12	1.358410553276876986e-01	1.879885874534322099e+01	1.067013212779247683e-02	4.477229513143041184e-03	4.638860342237770208e-04	9.775919228534852845e-01	3.196519846402327558e-01	-7.789751276624031927e-05	-6.440838136325109539e-06
3.654383070957261569e-12	1.388622574825287004e-01	1.822706699073724224e+01	1.124961517868616236e-02	5.101882563900548076e-03	5.436356653349205077e-04	9.771926792041791821e-01	3.189599884369054839e-01	-9.116186698662645613e-05	-7.809327274704470917e-06
3.827494478516314936e-12	1.420144292843890099e-01	1.769383146413217034e+01	1.185170469084110417e-02	5.790507293302081700e-03	6.351231485495471450e-04	9.768649830034593640e-01	3.182487007228834153e-01	-1.062722499754630332e-04	-9.431952319245122876e-06
4.008806328898464320e-12	1.453045979560747269e-01	1.719580192905455363e+01	1.247748792202234454e-02	6.546860116844729037e-03	7.400105662665655776e-04	9.766144784156188807e-01	3.175178118162041985e-01	-1.234336015320677772e-04	-1.134762286997865281e-05
4.198707084443905621e-12	1.487401107290994007e-01	1.673004608680431105e+01	1.312807950433112110e-02	7.374720298847337908e-03	8.592841723626988559e-04	9.764468129209328273e-01	3.167670707223432247e-01	-1.428681839418447354e-04	-1.359983550704705348e-05
4.397603609302712498e-12	1.523286248222550099e-01	1.629398554791134401e+01	1.380461915351834795e-02	8.277746937438762789e-03	9.945527063861577931e-04	9.763675121228436726e-01	3.159962443540933474e-01	-1.648163979603145795e-04	-1.623702243026319344e-05
4.605922041145112927e-12	1.560781010282999426e-01	1.588534239917521163e+01	1.450826993359618892e-02	9.259495409072691918e-03	1.147187613353679294e-03	9.763819719797128815e-01	3.152051359287160182e-01	-1.895375374833159498e-04	-1.931288070997707495e-05
4.824108704165373984e-12	1.599967900868119186e-01	1.550209555626111424e+01	1.524021504893025361e-02	1.032341008067137744e-02	1.318609277012473173e-03	9.764954366810535413e-01	3.143935996066137273e-01	-2.173103949186369274e-04	-2.288667906948210401e-05
5.052631065335679604e-12	1.640932225379959364e-01	1.514244381646719795e+01	1.600165519800394662e-02	1.147270492137964469e-02	1.510329399887469200e-03	9.767128297242565482e-01	3.135615107504800547e-01	-2.484338239326141910e-04	-2.702355878732567445e-05
5.291978735958436557e-12	1.683761931605574913e-01	1.480477509340396125e+01	1.679380503899460808e-02	1.271035075874758953e-02	1.723804645515524285e-03	9.770386945908698939e-01	3.127087760973320529e-01	-2.832270961839742415e-04	-3.179478068755807783e-05
5.542664520663095602e-12	1.728546358751268108e-01	1.448764763948172352e+01	1.761786962692297662e-02	1.403900332002578667e-02	1.960481628121566941e-03	9.774771576003296047e-01	3.118353570409884146e-01	-3.220291444825894018e-04	-3.727779342741327745e-05
5.805225516094907684e-12	1.775373746284161780e-01	1.418977803177864772e+01	1.847499912438339831e-02	1.546085128066768295e-02	2.221895514050707589e-03	9.780317245484981825e-01	3.109412958891850098e-01	-3.651960894777410037e-04	-4.355599677068047932e-05
6.080224261649427052e-12	1.824333049778633364e-01	1.391000162051266997e+01	1.936632342069145168e-02	1.697761451057877222e-02	2.509381379475220542e-03	9.787051983489705176e-01	3.100266669672907538e-01	-4.131021179145549544e-04	-5.071891798154816900e-05
6.368249944718585906e-12	1.875514043114410723e-01	1.364725366643399695e+01	2.029295495467071941e-02	1.859050942781443824e-02	2.824121799551662908e-03	9.794995787050779779e-01	3.090915629590692548e-01	-4.661389566686469717e-04	-5.886214958967089106e-05
6.669919663030115058e-12	1.929006879877600278e-01	1.340055664048312067e+01	2.125598196304896714e-02	2.030017656223758252e-02	3.167387433865642438e-03	9.804159557636104028e-01	3.081360837138831799e-01	-5.247146459215151857e-04	-6.808713008813920876e-05
6.985879746785234820e-12	1.984901576279337609e-01	1.316900933694032005e+01	2.225646088452571877e-02	2.210663863554724468e-02	3.540181207669831735e-03	9.814544266512386095e-01	3.071603327604534028e-01	-5.892518960347822334e-04	-7.850078533157864129e-05
7.316807143427207274e-12	2.043287429130545563e-01	1.295177742195241599e+01	2.329540824561527126e-02	2.400923545448281973e-02	3.943365686777342352e-03	9.826139778308811135e-01	3.061644088181212364e-01	-6.601860443860997196e-04	-9.021502923882151754e-05
7.663410868007462274e-12	2.104252349337876749e-01	1.274808524408865118e+01	2.437379178957671186e-02	2.600652039759574624e-02	4.377628463338716948e-03	9.838922849652784741e-01	3.051483781947508800e-01	-7.379625536909503953e-04	-1.033461047903342836e-04
8.026433522257174683e-12	2.167882103267143312e-01	1.255720869222832725e+01	2.549252084849144492e-02	2.809633605404378287e-02	4.843383408678445835e-03	9.852858799821601066e-01	3.041123063924802139e-01	-8.230339914828681703e-04	-1.180137393706074870e-04
8.406652885618316356e-12	2.234259465721417093e-01	1.237846893769484247e+01	2.665243607566209622e-02	3.027563731953153772e-02	5.340884283363445291e-03	9.867897936347698185e-01	3.030562097719660675e-01	-9.158565349551605131e-04	-1.343401316998378212e-04
8.804883581643446547e-12	2.303463262722518501e-01	1.221122693887238064e+01	2.785429833371914909e-02	3.254051634911054453e-02	5.870024712562243313e-03	9.883976125490444575e-01	3.019800634487906366e-01	-1.016885889935010808e-03	-1.524487286905920396e-04
9.221978823334340144e-12	2.375567306176852855e-01	1.205487858995993378e+01	2.909877684106922102e-02	3.488617631549476711e-02	6.430455977321938507e-03	9.901014219128979610e-01	3.008837989436385363e-01	-1.126572659790999126e-03	-1.724628078636912976e-04
9.658832241158709141e-12	2.450639163357510864e-01	1.190885050523051092e+01	3.038643573100575576e-02	3.730688508311773982e-02	7.021470241898243765e-03	9.918917118652457177e-01	2.997672879884443198e-01	-1.245357047175943378e-03	-1.945038384007489497e-04
1.011637979766206976e-11	2.528733397193161370e-01	1.177260544329978487e+01	3.171762721421611531e-02	3.979580954346269989e-02	7.641993182130361710e-03	9.937572567005519275e-01	2.986304258719300608e-01	-1.373653870246235170e-03	-2.186879105222892545e-04
1.059560179277614774e-11	2.609889289165474024e-01	1.164563802304267881e+01	3.309245851749741812e-02	4.234500357819371424e-02	8.290552476358318754e-03	9.956851085473754637e-01	2.974731360274166514e-01	-1.511842726516420595e-03	-2.451229153670956683e-04
1.109752496412069864e-11	2.694144956545298508e-01	1.152745026861865796e+01	3.451103122710277860e-02	4.494596354645507413e-02	8.965356742663068909e-03	9.976611116218880859e-01	2.962951650460708963e-01	-1.660286750922550670e-03	-2.739111992452096327e-04
1.162322468679854125e-11	2.781539137218153046e-01	1.141755447454029948e+01	3.597346882340635155e-02	4.758976637080346295e-02	9.664386258433244059e-03	9.996701004977179839e-01	2.950960648674692544e-01	-1.819333911491758174e-03	-3.051491085203296059e-04
1.217382727739662020e-11	2.872111307752807652e-01	1.131547746971151724e+01	3.747991675582029725e-02	5.026713727683346927e-02	1.038534625917700467e-02	1.001696014596940021e+00	2.938751947840181344e-01	-1.989315997614905795e-03	-3.389261323437387516e-04
1.275051240713012859e-11	2.965901770435273588e-01	1.122076355005980730e+01	3.903054247913281122e-02	5.296856241234711160e-02	1.112575448534435484e-02	1.003722118651784623e+00	2.926317426172593827e-01	-2.170547772392942675e-03	-3.753240909879374128e-04
1.335451562929897339e-11	3.062951702752957361e-01	1.113297643281840621e+01	4.062553507994867696e-02	5.568437643135866477e-02	1.188291717818375573e-02	1.005731167926523506e+00	2.913647329778557560e-01	-2.363326253755718490e-03	-4.144163782579267960e-04
1.398713102647241439e-11	3.163303183527398366e-01	1.105170044042478317e+01	4.226510465785057041e-02	5.840480633977576663e-02	1.265396073846433191e-02	1.007705483049812001e+00	2.900730384786032734e-01	-2.567930140792949734e-03	-4.562672643474402056e-04
1.464971398307287854e-11	3.266999185700261155e-01	1.097654109955447943e+01	4.394948125679948303e-02	6.112007064949914747e-02	1.343587168473381159e-02	1.009627148713683642e+00	2.887553944794667982e-01	-2.784619321910344631e-03	-5.009312491760053825e-04
1.534368408930013065e-11	3.374083549744475441e-01	1.090712528734780307e+01	4.567891353192064102e-02	6.382047632490674138e-02	1.422552438415263659e-02	1.011478209733087219e+00	2.874104263211408328e-01	-3.013634502379647275e-03	-5.484524838505637273e-04
1.607052818261638620e-11	3.484600925872442523e-01	1.084310103561741911e+01	4.745366698359926999e-02	6.649645822806792006e-02	1.501969601397561659e-02	1.013240746167621831e+00	2.860366607296575547e-01	-3.255196875009203680e-03	-5.988642416147770724e-04
1.683180353330955093e-11	3.598602890378984620e-01	1.078413405594534247e+01	4.927412054051110574e-02	6.913880944954721441e-02	1.581515091725294725e-02	1.014897147736116612e+00	2.846324727857246217e-01	-3.509521824083607598e-03	-6.521913881281548231e-04
1.762914118095944293e-11	3.716177613385637235e-01	1.072989580433759116e+01	5.114123283786085189e-02	7.173920999666119624e-02	1.660880595275145144e-02	1.016430246817391581e+00	2.831957046312300053e-01	-3.776888342585226193e-03	-7.084647082323899557e-04
1.846424942895546448e-11	3.837430544982077807e-01	1.068007848439213525e+01	5.305622165980503763e-02	7.429000764348359098e-02	1.739770636361736081e-02	1.017823644668179206e+00	2.817240300105239847e-01	-4.057601064253447271e-03	-7.677127437483784612e-04
1.933891750455232057e-11	3.962473254991271121e-01	1.063439971025913167e+01	5.502038171295323132e-02	7.678360835411048024e-02	1.817882696889314142e-02	1.019060794558396710e+00	2.802149965260001818e-01	-4.351966289069707054e-03	-8.299563507426342300e-04
2.025501939230666486e-11	4.091423572261287389e-01	1.059260041199190283e+01	5.703508438572988531e-02	7.921268096258554658e-02	1.894915897555403059e-02	1.020125458965490450e+00	2.786660975805415608e-01	-4.660292307008011801e-03	-8.952082866794974000e-04
2.121451784910627571e-11	4.224405751428587652e-01	1.055444290284400033e+01	5.910177789128535225e-02	8.157011300404858056e-02	1.970569683937690303e-02	1.021001613331121938e+00	2.770747652356800872e-01	-4.982889724357719534e-03	-9.634727932393407973e-04
2.221946860939528424e-11	4.361550652271395379e-01	1.051970910900909040e+01	6.122198753779412028e-02	8.384904654722893924e-02	2.044546241335195441e-02	1.021673529923355250e+00	2.754383871426563934e-01	-5.320071731455247935e-03	-1.034745155132855022e-03
2.327202478960412005e-11	4.502995933543411655e-01	1.048819895349852693e+01	6.339731612981516773e-02	8.604284674466425309e-02	2.116550139740195138e-02	1.022125708139412170e+00	2.737543053524067460e-01	-5.672154325493208339e-03	-1.109011241951470385e-03
2.437444150122221807e-11	4.648886256581568066e-01	1.045972888487504804e+01	6.562944441145515673e-02	8.814518070973555164e-02	2.186291850988874783e-02	1.022343056878322276e+00	2.720198462051108823e-01	-6.039456444931343843e-03	-1.186247016500026038e-03
2.552908068239516723e-11	4.799373502496936394e-01	1.043413053998321871e+01	6.792013158807752582e-02	9.014991785092323073e-02	2.253485346937026887e-02	1.022310668812208334e+00	2.702323008057409548e-01	-6.422300045208931794e-03	-1.266418024810494211e-03
2.673841615839943880e-11	4.954609036913863451e-01	1.041125061093970494e+01	7.027109563265640513e-02	9.205116043896144351e-02	2.317850099682065151e-02	1.022014128586852033e+00	2.683890629370033754e-01	-6.820989555505325291e-03	-1.349474596607384402e-03
2.800503894183625342e-11	5.114681266903687851e-01	1.039095594967326086e+01	7.268307724896430622e-02	9.384254919062132161e-02	2.379087632515724735e-02	1.021439699746971241e+00	2.664883588311039442e-01	-7.235647950563745337e-03	-1.435317627053939562e-03
2.933166278390048099e-11	5.279637078668751871e-01	1.037312322745038173e+01	7.515619215679272824e-02	9.551777212147434526e-02	2.436900196352357120e-02	1.020574629278087508e+00	2.645289920599038780e-01	-7.666265585792355827e-03	-1.523809560234878988e-03
3.072112998861759207e-11	5.449510428791083383e-01	1.035763213052139342e+01	7.769037913430738851e-02	9.707108782016987680e-02	2.491009640168464698e-02	1.019407406504429181e+00	2.625100258045784951e-01	-8.112771966790641859e-03	-1.614790058014808948e-03
3.217641750250735458e-11	5.624321285431524986e-01	1.034436440080507680e+01	8.028539445897173166e-02	9.849729158584086264e-02	2.541158065434673610e-02	1.017927667753178333e+00	2.604307817083786336e-01	-8.575032670373400681e-03	-1.708076175112969693e-03
3.370064329271925032e-11	5.804074349117802623e-01	1.033320311858136442e+01	8.294080299991096750e-02	9.979180671029756755e-02	2.587111959321409041e-02	1.016126403968479641e+00	2.582908718612287879e-01	-9.052845892072487397e-03	-1.803462671118111421e-03
3.529707302730657668e-11	5.988757804156791265e-01	1.032403213195469860e+01	8.565596994733760960e-02	1.009506693998334509e-01	2.628663797478283243e-02	1.013995919871099272e+00	2.560902086289018609e-01	-9.545939320627886901e-03	-1.900722611824868418e-03
3.696912707195032437e-11	6.178342107881601430e-01	1.031673560474982843e+01	8.843005330319141100e-02	1.019705723659048713e-01	2.665634020290994985e-02	1.011529933759230504e+00	2.538290185135915200e-01	-1.005396739117363041e-02	-1.999608267581247031e-03
3.872038781812557004e-11	6.372778835548539300e-01	1.031119766737573507e+01	9.126199732484682747e-02	1.028488928225553961e-01	2.697873201834647544e-02	1.008723643627669198e+00	2.515078570880164288e-01	-1.057650897342157087e-02	-2.099852307177116351e-03
4.055460735840827506e-11	6.571999596081887773e-01	1.030730215676535799e+01	9.415052706828942741e-02	1.035837189071070613e-01	2.725263782200641402e-02	1.005573793123909265e+00	2.491276211457525980e-01	-1.111306557203096089e-02	-2.201169292701866433e-03
4.247571552536894126e-11	6.775915036465995911e-01	1.030493243752579957e+01	9.709414416303141504e-02	1.041738261076896599e-01	2.747719959463369374e-02	1.002078618276803779e+00	2.466895432485853024e-01	-1.166306010100686026e-02	-2.303257467666007877e-03
4.448782831127576069e-11	6.984413950306351815e-01	1.030397129672399359e+01	1.000911239099200323e-01	1.046187280696700972e-01	2.765189738395865821e-02	9.982379791757204357e-01	2.441952071377126998e-01	-1.222583628012942868e-02	-2.405800822436100165e-03
4.659525668664686662e-11	7.197362508472083809e-01	1.030430090603101867e+01	1.031395138102357834e-01	1.049186406299082858e-01	2.777654009309203295e-02	9.940532825068506551e-01	2.416465354284694500e-01	-1.280065871085814440e-02	-2.508471419672039272e-03
4.880251583654433574e-11	7.414603630169631643e-01	1.030580284493311893e+01	1.062371336365441621e-01	1.050744991296593545e-01	2.785127184906521433e-02	9.895275384830882759e-01	2.390457921815596909e-01	-1.338671369258042851e-02	-2.610931959747426860e-03
5.111433483440165318e-11	7.635956507073287103e-01	1.030835818116989699e+01	1.093815770462554099e-01	1.050879435884910784e-01	2.787656504721474499e-02	9.846653422819166002e-01	2.363955733211110244e-01	-1.398311077953405535e-02	-2.712838543079710944e-03
5.353566677410718816e-11	7.861216301179924093e-01	1.031184760203314710e+01	1.125702148774611333e-01	1.049612949876793655e-01	2.785320982147718519e-02	9.794728360380643428e-01	2.336987939871043585e-01	-1.458888515035579141e-02	-2.813843607249278539e-03
5.607169938205469661e-11	8.090154026294991141e-01	1.031615159364016954e+01	1.158002000786379354e-01	1.046975067885687338e-01	2.778229191723579142e-02	9.739576095999883387e-01	2.309586646312242475e-01	-1.520300076890330511e-02	-2.913598986454771483e-03
5.872786613189488850e-11	8.322516631286536182e-01	1.032115066194567632e+01	1.190684743807238627e-01	1.043001989346824393e-01	2.766519643168832004e-02	9.681288164830867959e-01	2.281786923311957538e-01	-1.582435437799633443e-02	-3.011759058526009263e-03
6.150985788580503926e-11	8.558032949543056267e-01	1.032672574320764802e+01	1.223718557446338284e-01	1.037735664056012308e-01	2.750357133315157326e-02	9.619968581905959937e-01	2.253625803645916692e-01	-1.645179532344021728e-02	-3.107986192887847270e-03
6.442363508721370414e-11	8.796473530107279393e-01	1.033276063484718854e+01	1.257078696155350395e-01	1.031221661139425788e-01	2.729924548950610902e-02	9.555717182692879952e-01	2.225135021906125554e-01	-1.708428802244501762e-02	-3.201976582334935956e-03
6.747544053110686101e-11	9.037646246010401230e-01	1.033914435505680274e+01	1.290746553552234444e-01	1.023508460609340448e-01	2.705418402985746568e-02	9.488630583361342685e-01	2.196341831722685989e-01	-1.772090130473040481e-02	-3.293457049308675701e-03
7.067181273927477085e-11	9.281367794231049073e-01	1.034577203617516972e+01	1.324705419871433087e-01	1.014647689483752085e-01	2.677047741185753851e-02	9.418809859378077798e-01	2.167272604925437607e-01	-1.836073413401027171e-02	-3.382173282770515373e-03
7.401959996915652408e-11	9.527463379393718013e-01	1.035254560926853529e+01	1.358940276972304684e-01	1.004693531976019738e-01	2.645031186984839189e-02	9.346360007907755785e-01	2.137952904287931943e-01	-1.900291645584098812e-02	-3.467889973284303887e-03
7.752597488629464062e-11	9.775766735439962440e-01	1.035937415208141665e+01	1.393437667573406424e-01	9.937024805394113758e-02	2.609595198572814065e-02	9.271390151405118907e-01	2.108407599478342997e-01	-1.964661062809945971e-02	-3.550390921660978062e-03
8.119844993184008328e-11	1.002612009953654848e+00	1.036617402764153084e+01	1.428185574364399801e-01	9.817325876518971650e-02	2.570971094447924155e-02	9.194012303977069367e-01	2.078660824452707168e-01	-2.029101244217882197e-02	-3.629478994321587958e-03
8.504489341802668113e-11	1.027837415748650063e+00	1.037286888745256874e+01	1.463173306836793308e-01	9.688433637318064062e-02	2.529393931850652810e-02	9.114341818213018698e-01	2.048736104188966789e-01	-2.093535179650330216e-02	-3.704975952681090375e-03
8.907354638610458163e-11	1.053238796589899939e+00	1.037938958232633091e+01	1.498391394168812618e-01	9.550950411193076528e-02	2.485099873795443629e-02	9.032496013338908725e-01	2.018656295009109980e-01	-2.157889306344342242e-02	-3.776722179607143546e-03
9.329304026284695888e-11	1.078802885306056281e+00	1.038567400979617794e+01	1.533831482921570177e-01	9.405483057439256722e-02	2.438324884646875246e-02	8.948594008983303816e-01	1.988443643638017344e-01	-2.222093516670003641e-02	-3.844576318140004514e-03
9.771241535346501225e-11	1.104517230266711669e+00	1.039166692065003872e+01	1.569486238751630069e-01	9.252639489213582147e-02	2.389303318035292459e-02	8.862756273045129252e-01	1.958119814645579437e-01	-2.286081140068013662e-02	-3.908414839186032975e-03
1.023411402105452712e-10	1.130370181835360421e+00	1.039731969998401340e+01	1.605349250889332724e-01	9.093024349455279542e-02	2.338266283128451195e-02	8.775103856169932381e-01	1.927705871751529132e-01	-2.349788898559356312e-02	-3.968131545985698234e-03
1.071891319205126445e-10	1.156350879736139703e+00	1.040259012820852469e+01	1.641414943539405980e-01	8.927237964080324273e-02	2.285441069785225029e-02	8.685758497999750416e-01	1.897222358750385862e-01	-2.413156860878609353e-02	-4.023637077846300633e-03
1.122667773510811312e-10	1.182449232418520291e+00	1.040744214498506004e+01	1.677678478634852532e-01	8.755871407180823573e-02	2.231049632773170546e-02	8.594841562710765492e-01	1.866689261928057564e-01	-2.476128325270475147e-02	-4.074858267476937947e-03
1.175849554052158201e-10	1.208655857304111070e+00	1.041184559103781382e+01	1.714135610160231749e-01	8.579505916957402833e-02	2.175308062897848838e-02	8.502474231314789410e-01	1.836126102700980922e-01	-2.538649644604918862e-02	-4.121737548483292955e-03
1.231550603292826197e-10	1.234959791078852342e+00	1.041577541006342145e+01	1.750779472042187090e-01	8.398726195745016831e-02	2.118430858258130503e-02	8.408785120991184581e-01	1.805554568366668222e-01	-2.600664755126144700e-02	-4.164228747225997944e-03
1.289890261253308184e-10	1.261346129202247202e+00	1.041920973242199011e+01	1.787597479384677723e-01	8.214128009917549822e-02	2.060633890403108792e-02	8.313915916547155449e-01	1.775000772894720635e-01	-2.662109775478106385e-02	-4.202294347344500899e-03
1.350993521198024986e-10	1.287797667792325962e+00	1.042212841116067423e+01	1.824573863669017859e-01	8.026302568493597078e-02	2.002129671503957709e-02	8.218013897320916028e-01	1.744492912945279639e-01	-2.722917106318720193e-02	-4.235909495042010364e-03
1.414991297434578731e-10	1.314295102837414797e+00	1.042451208213728009e+01	1.861690093157081782e-01	7.835828797387357769e-02	1.943125016893205298e-02	8.121229098823330439e-01	1.714060627508727230e-01	-2.783016067153975745e-02	-4.265062998775825953e-03
1.482020705798860072e-10	1.340817107991558732e+00	1.042634157663428951e+01	1.898925073448018419e-01	7.643272119256135089e-02	1.883820279302822476e-02	8.023713669692433825e-01	1.683734700799529860e-01	-2.842333270278999888e-02	-4.289758024437892968e-03
1.552225357427047968e-10	1.367340438187366169e+00	1.042759754294857188e+01	1.936255355256605859e-01	7.449182152415441405e-02	1.824408509425180097e-02	7.925620895310937497e-01	1.653546759279081735e-01	-2.900793066421142666e-02	-4.310012669417305660e-03
1.625755666443793407e-10	1.393840053086743414e+00	1.042826020905168782e+01	1.973655348752211547e-01	7.254086105409332519e-02	1.765073132890974950e-02	7.827102816062981860e-01	1.623528768222424756e-01	-2.958318041841007107e-02	-4.325860374897088148e-03
1.702769172225897821e-10	1.420289257096867486e+00	1.042830924733866915e+01	2.011097543936228582e-01	7.058495324519997727e-02	1.705989497423558363e-02	7.728312028130813749e-01	1.593713046441299908e-01	-3.014829555396955976e-02	-4.337350156341557988e-03
1.783430876931905687e-10	1.446659853139856677e+00	1.042772371743438775e+01	2.048552735342187570e-01	6.862898520131871516e-02	1.647322687049876735e-02	7.629399250404848010e-01	1.564131786797739176e-01	-3.070248301437122906e-02	-4.344546632123367884e-03
1.867913599020784805e-10	1.472922308648220158e+00	1.042648207058996768e+01	2.085990250332717955e-01	6.667755128087898830e-02	1.589225338170308088e-02	7.530510807477850399e-01	1.534816557063284903e-01	-3.124494893103225285e-02	-4.347529854704208600e-03
1.956398343517064725e-10	1.499045932087027744e+00	1.042456220031619019e+01	2.123378180283924110e-01	6.473509756625968337e-02	1.531841688421588417e-02	7.431793105702393376e-01	1.505798689330100637e-01	-3.177490460279651374e-02	-4.346394950901310769e-03
2.049074689815846066e-10	1.524999057399299307e+00	1.042194153188088102e+01	2.160683611480474497e-01	6.280576154570743919e-02	1.475302783534677628e-02	7.333387031141661572e-01	1.477108423956316197e-01	-3.229157245914934804e-02	-4.341251561285086949e-03
2.146141197858401440e-10	1.550749234797381249e+00	1.041859713916412922e+01	2.197872855116087265e-01	6.089342878353536104e-02	1.419728248448130087e-02	7.235429492423145481e-01	1.448774983170053043e-01	-3.279419201583565896e-02	-4.332223112199039619e-03
2.247805833548729991e-10	1.576263264578232404e+00	1.041450592430609312e+01	2.234911436763916959e-01	5.900175146448278368e-02	1.365226544904963452e-02	7.138053968985069719e-01	1.420826571052316856e-01	-3.328202265191397557e-02	-4.319446021856351153e-03
2.354286414322420067e-10	1.601507244213049796e+00	1.040964493464148788e+01	2.271764068490325639e-01	5.713411546764375626e-02	1.311894568992201526e-02	7.041389276314635737e-01	1.393290277117700260e-01	-3.375434698814530621e-02	-4.303068976833524829e-03
2.465811075822603842e-10	1.626447221842945989e+00	1.040399164350708894e+01	2.308395480425133039e-01	5.529365364140455263e-02	1.259817671371547473e-02	6.945559183943706971e-01	1.366191594366840678e-01	-3.421048551481085942e-02	-4.283251747712174366e-03
2.582618760682674929e-10	1.651049464321580063e+00	1.039752418674271439e+01	2.344770709689231736e-01	5.348321905583185848e-02	1.209069357014663261e-02	6.850681089349943687e-01	1.339554187849059108e-01	-3.464980289477335995e-02	-4.260163849854844455e-03
2.704959730463131364e-10	1.675280646156792397e+00	1.039022157244697553e+01	2.380855277967575401e-01	5.170538452809984864e-02	1.159711592959181831e-02	6.756865667398233022e-01	1.313399816432695155e-01	-3.507171231991233762e-02	-4.233983136087505171e-03
2.833096101839318258e-10	1.699108031473668179e+00	1.038206387359023886e+01	2.416615358811422531e-01	4.996245916222129269e-02	1.111795456373295896e-02	6.664217137622879816e-01	1.287748318594984787e-01	-3.547567935656975591e-02	-4.204894340121921766e-03
2.967302408188872501e-10	1.722499648306327069e+00	1.037303240479838529e+01	2.452017934286259970e-01	4.825648367985314185e-02	1.065361465629775795e-02	6.572832759767506250e-01	1.262617555537464964e-01	-3.586122526832644791e-02	-4.173087596074685941e-03
3.107866187782014063e-10	1.745424454521697033e+00	1.036310988688215673e+01	2.487030940005495461e-01	4.658924271308385878e-02	1.020440241969085282e-02	6.482802945002634765e-01	1.238023417687622169e-01	-3.622792979994306217e-02	-4.138756959585201609e-03
3.255088599835056406e-10	1.767852493763617083e+00	1.035228059870717310e+01	2.521623397151798729e-01	4.496226276602791755e-02	9.770528596113934802e-03	6.394210827473252312e-01	1.213979787179387260e-01	-3.657543338067347632e-02	-4.102098950110363851e-03
3.409285069746807543e-10	1.789755043319727790e+00	1.034053051120420896e+01	2.555765536282438299e-01	4.337683393127818310e-02	9.352118564652569035e-03	6.307132733055333951e-01	1.190498622815358426e-01	-3.690343894395105295e-02	-4.063311157103426628e-03
3.570785964900469852e-10	1.811104745262571480e+00	1.032784741885486923e+01	2.589428897643532568e-01	4.183400905187246999e-02	8.949215675592914893e-03	6.221637801700555803e-01	1.167589942053067764e-01	-3.721171274432395759e-02	-4.022590849573022542e-03
3.739937302478801677e-10	1.831875847243291222e+00	1.031422097758350809e+01	2.622586612503492454e-01	4.033461432673745434e-02	8.561787849646420451e-03	6.137787900817742726e-01	1.145261779988602791e-01	-3.750008677468894686e-02	-3.980133508936972708e-03
3.917101490809260641e-10	1.852045052830992633e+00	1.029964245251864874e+01	2.655214637273147771e-01	3.887920445306708439e-02	8.189720349713462341e-03	6.055634613137709232e-01	1.123519467756428220e-01	-3.776846859698433645e-02	-3.936130108544745598e-03
4.102658105827190344e-10	1.871591431459896926e+00	1.028410530695292735e+01	2.687291436558347235e-01	3.746810761572623438e-02	7.832830631007587155e-03	5.975220895191085679e-01	1.102366038757476990e-01	-3.801683776118722907e-02	-3.890766533245612960e-03
4.297004704320835313e-10	1.890496234858663582e+00	1.026760570117703253e+01	2.718797546504363449e-01	3.610146785545411546e-02	7.490882620778393022e-03	5.896582783412028794e-01	1.081802680981318043e-01	-3.824524094556355086e-02	-3.844223300274327449e-03
4.500557675700488183e-10	1.908742913624882354e+00	1.025014266179095657e+01	2.749715506442101942e-01	3.477925348560631513e-02	7.163592352831472249e-03	5.819749486385470405e-01	1.061828859168605782e-01	-3.845378945800824455e-02	-3.796674857886599749e-03
4.713753134116729086e-10	1.926317111097534784e+00	1.023171816370390808e+01	2.780029782827331819e-01	3.350129347275751512e-02	6.850639899337331550e-03	5.744744660118427104e-01	1.042442568492523008e-01	-3.864265613446545705e-02	-3.748288973631251804e-03
4.937047852839003559e-10	1.943206642906356585e+00	1.021233715736157244e+01	2.809726690559879447e-01	3.226725881668759954e-02	6.551668065908885195e-03	5.671585397232142833e-01	1.023640326236134740e-01	-3.881207193067135602e-02	-3.699226234836694698e-03
5.170920242896755486e-10	1.959401464373841106e+00	1.019200755731188401e+01	2.838794311501162126e-01	3.107670920757039587e-02	6.266295950033954135e-03	5.600283972157401591e-01	1.005417466869841236e-01	-3.896232218789672658e-02	-3.649639638910000088e-03
5.415871378079465267e-10	1.974893628912348875e+00	1.017074020081401819e+01	2.867222413002891157e-01	2.992910999658757870e-02	5.994125020152687999e-03	5.530848394288373493e-01	9.877682948475308145e-02	-3.909374275814857941e-02	-3.599674286808904940e-03
5.672426068491988835e-10	1.989677240965677552e+00	1.014854878514132253e+01	2.895002369617583060e-01	2.882378928079026154e-02	5.734731532945911217e-03	5.463280325734151122e-01	9.706859406835835480e-02	-3.920671615554340017e-02	-3.549467185198700719e-03
5.941133984965039838e-10	2.003748399635190580e+00	1.012544978539953711e+01	2.922127082114636121e-01	2.776003232639323581e-02	5.487689715698101066e-03	5.397579027664961560e-01	9.541628809209780349e-02	-3.930166746685999357e-02	-3.499147108220857817e-03
6.222570836730231313e-10	2.017105139497614275e+00	1.010146235904689682e+01	2.948590901596281344e-01	2.673703164864520837e-02	5.252561575418619212e-03	5.333739008515255842e-01	9.381907426405367012e-02	-3.937906044199418476e-02	-3.448834562056330745e-03
6.517339604882420571e-10	2.029747363555709949e+00	1.007660823914044101e+01	2.974389550746334709e-01	2.575391246511279236e-02	5.028904066533616997e-03	5.271750975233436831e-01	9.227604814425799384e-02	-3.943939337162875175e-02	-3.398641787168289307e-03
6.826071834272379248e-10	2.041676777805772947e+00	1.005091161648086917e+01	2.999520055924506101e-01	2.480976671754454854e-02	4.816277427624598810e-03	5.211603239250056641e-01	9.078625931216692535e-02	-3.948319548145463181e-02	-3.348672882047416029e-03
7.149428986597561750e-10	2.052896815446311862e+00	1.002439901655211685e+01	3.023980670721996833e-01	2.390361891834575508e-02	4.614238289174942345e-03	5.153280022892903212e-01	8.934869809075431102e-02	-3.951102286516370438e-02	-3.299023909440032716e-03
7.488103857590030225e-10	2.063412562511836246e+00	9.997099168630988686e+00	3.047770808738920478e-01	2.303447263825999722e-02	4.422350389847840881e-03	5.096763473897643060e-01	8.796232254622358970e-02	-3.952345488000831575e-02	-3.249783095257429127e-03
7.842822061337681836e-10	2.073230681278399601e+00	9.969042869797334561e+00	3.070890979236962637e-01	2.220129704460245199e-02	4.240181951570693754e-03	5.042032940363165849e-01	8.662605475555872070e-02	-3.952109069254255286e-02	-3.201031068704611026e-03
8.214343584919422200e-10	2.082359516733541582e+00	9.940262174586365518e+00	3.093343208919107634e-01	2.140303528705749664e-02	4.067307640715852809e-03	4.989064944152576953e-01	8.533876910329628307e-02	-3.950454462491923696e-02	-3.152839959040869885e-03
8.603464416684491388e-10	2.090809526570093446e+00	9.910787430003248133e+00	3.115132644466352407e-01	2.063852869850398356e-02	3.903292823284928558e-03	4.937828311642067369e-01	8.409919226616367760e-02	-3.947443762263781047e-02	-3.105269926604402493e-03
9.011018251665036851e-10	2.098591968034011046e+00	9.880648909158807669e+00	3.136265160468438840e-01	1.990659804168750865e-02	3.747711405858652600e-03	4.888289421171861382e-01	8.290603853217726193e-02	-3.943138685119501607e-02	-3.058373695685543976e-03
9.437878277775391497e-10	2.105718438012465388e+00	9.849877387540900031e+00	3.156746521295870078e-01	1.920612313741862712e-02	3.600163212163230968e-03	4.840416574843152131e-01	8.175808552937317841e-02	-3.937600322572008121e-02	-3.012198567676247375e-03
9.884959046625586031e-10	2.112200837145118637e+00	9.818503903293196444e+00	3.176582421892455432e-01	1.853598767209262144e-02	3.460260991893584354e-03	4.794177262466280953e-01	8.065414009579127685e-02	-3.930888975151617531e-02	-2.966786611414325755e-03
1.035321843295661502e-09	2.118051353702165684e+00	9.786559601616310999e+00	3.195778534575239860e-01	1.789509462919730565e-02	3.327633205850909649e-03	4.749538847862239122e-01	7.959304338977137017e-02	-3.923064039395004338e-02	-2.922174887708026917e-03
1.084365968689608688e-09	2.123282456957680697e+00	9.754075626038437363e+00	3.214340557310125246e-01	1.728237807977571483e-02	3.201926029313319905e-03	4.706469115329700581e-01	7.857367465960582442e-02	-3.914183929169678250e-02	-2.878395694089247187e-03
1.135733358343102889e-09	2.127906891574094850e+00	9.721083051403216047e+00	3.232274251561318423e-01	1.669679127614377354e-02	3.082800070445283844e-03	4.664935640047330190e-01	7.759494162030403097e-02	-3.904305995316123545e-02	-2.835476807040086637e-03
1.189534067370320724e-09	2.131937677525419073e+00	9.687612835007318068e+00	3.249585483650760942e-01	1.613731529169428955e-02	2.969931501920730979e-03	4.624906194716076890e-01	7.665578239477487121e-02	-3.893486495653391416e-02	-2.793441771841318096e-03
1.245883364295008068e-09	2.135388102078185302e+00	9.653695786181781813e+00	3.266280248718190782e-01	1.560295406929513608e-02	2.863010515913158149e-03	4.586348483688824640e-01	7.575516101812426739e-02	-3.881780514589636133e-02	-2.752310129289076840e-03
1.304901978014401580e-09	2.138271716566932934e+00	9.619362545477633475e+00	3.282364699165931654e-01	1.509273733418027737e-02	2.761741273075838266e-03	4.549230279839855395e-01	7.489206683273520737e-02	-3.869241946011340444e-02	-2.712097711259501501e-03
1.366716356462010101e-09	2.140602326242768694e+00	9.584643574178919323e+00	3.297845159257206116e-01	1.460572062975309428e-02	2.665841428619788490e-03	4.513519428830181646e-01	7.406551329622711177e-02	-3.855923430341498537e-02	-2.672816870919511589e-03
1.431458937523481393e-09	2.142393982199461977e+00	9.549569146318214408e+00	3.312728142020844313e-01	1.414098662440591882e-02	2.575041793655441849e-03	4.479183923455591354e-01	7.327453711367389044e-02	-3.841876339560319764e-02	-2.634476763037799790e-03
1.499268432786047049e-09	2.143660969535302829e+00	9.514169348782802516e+00	3.327020357458511657e-01	1.369764664766284779e-02	2.489086212184016180e-03	4.446192002306583735e-01	7.251819834015703348e-02	-3.827150736692539607e-02	-2.597083578642007170e-03
1.570290124729377524e-09	2.144417791722017075e+00	9.478474072399475148e+00	3.340728717715578666e-01	1.327483187095688036e-02	2.407729171152983225e-03	4.414511696576404187e-01	7.179557398428111636e-02	-3.811795355121194717e-02	-2.560640799210094683e-03
1.644676177994662829e-09	2.144679155163201845e+00	9.442513014349893652e+00	3.353860338210157277e-01	1.287171452498177444e-02	2.330739874843779091e-03	4.384111999280494443e-01	7.110577058658107408e-02	-3.795857562827375381e-02	-2.525149410137348966e-03
1.722585965398783835e-09	2.144459957115071091e+00	9.406315685498785939e+00	3.366422541757316256e-01	1.248748120419072849e-02	2.257896094325012332e-03	4.354961454344544181e-01	7.044790682396559478e-02	-3.779383369622079519e-02	-2.490608152254349811e-03
1.804186409392068039e-09	2.143775257703255388e+00	9.369911386258047870e+00	3.378422848466262618e-01	1.212135333838178924e-02	2.188988160067636881e-03	4.327029302472483185e-01	6.982112627898375001e-02	-3.762417381529247623e-02	-2.457013708806695708e-03
1.889652339691211477e-09	2.142640269380081453e+00	9.333329223546302345e+00	3.389868977684350471e-01	1.177257329570205284e-02	2.123815578606946027e-03	4.300284757312176631e-01	6.922458800680673929e-02	-3.745002815735534729e-02	-2.424360926719116346e-03
1.979166867853557524e-09	2.141070331220540357e+00	9.296598095222668334e+00	3.400768837081236673e-01	1.144041667843156106e-02	2.062189298547221963e-03	4.274697725125625181e-01	6.865747440209508945e-02	-3.727181475457973236e-02	-2.392642993471433537e-03
2.072921779595369695e-09	2.139080889932598595e+00	9.259746684449492449e+00	3.411130518020235591e-01	1.112419020550972117e-02	2.003930902148019604e-03	4.250238737250839893e-01	6.811898969782158308e-02	-3.708993759311958460e-02	-2.361851628995797168e-03
2.171117945694509622e-09	2.136687477555545112e+00	9.222803450425610450e+00	3.420962286258418250e-01	1.082321233624772977e-02	1.948868232989819363e-03	4.226877910892591905e-01	6.760834741069041143e-02	-3.690478656561417548e-02	-2.331977248190241631e-03
2.273965752357932151e-09	2.133905689360981572e+00	9.185796617116173124e+00	3.430272572890495364e-01	1.053684126597031166e-02	1.896840832307387838e-03	4.204586558632941728e-01	6.712478797805920827e-02	-3.671673751504929417e-02	-2.303009119553420941e-03
2.381685551976160644e-09	2.130751162109712826e+00	9.148754159669131525e+00	3.439069965895849013e-01	1.026445671559714223e-02	1.847696052944811096e-03	4.183336218704126752e-01	6.666756765985670796e-02	-3.652615232723772226e-02	-2.274935511316018670e-03
2.494508135230316413e-09	2.127239551716808119e+00	9.111703788976324603e+00	3.447363200586581744e-01	1.000545749048593197e-02	1.801288089548387650e-03	4.163098557565048097e-01	6.623595624608769050e-02	-3.633337903489038123e-02	-2.247743826919317272e-03
2.612675225563326382e-09	2.123386511068588778e+00	9.074672934428651416e+00	3.455161150102507572e-01	9.759276390116132863e-03	1.757480961239555033e-03	4.143846264283557734e-01	6.582924729714645373e-02	-3.613875194509600514e-02	-2.221420728368660082e-03
2.736439997074666368e-09	2.119207668759123031e+00	9.037688726001018580e+00	3.462472816758849214e-01	9.525363179750015452e-03	1.716144657328698159e-03	4.125552128710443522e-01	6.544674670995552501e-02	-3.594259181826237742e-02	-2.195952250922116999e-03
2.866067616948244470e-09	2.114718607491331337e+00	9.000777972521177617e+00	3.469307323404365873e-01	9.303194976542691202e-03	1.677157101963810525e-03	4.108189679050014975e-01	6.508777966053078123e-02	-3.574520607390315602e-02	-2.171323909447672729e-03
3.001835813575592210e-09	2.110188393883804636e+00	8.965862772195265507e+00	3.475356634229544994e-01	9.102880051600519690e-03	1.642245215205582814e-03	4.092559962934301798e-01	6.476847789404638345e-02	-3.555713491780612689e-02	-2.148728757871370618e-03
3.144035471591500167e-09	2.107115986510190275e+00	8.943471737062319349e+00	3.478984855594056680e-01	8.979812158246332915e-03	1.620944052212015341e-03	4.082992883009782248e-01	6.457566045263218868e-02	-3.543581250606586686e-02	-2.134642811940433687e-03
3.292971255097148186e-09	2.103917127617652483e+00	8.921438410134603814e+00	3.482282357326543232e-01	8.863797835333302177e-03	1.601030449150772162e-03	4.074040167359569420e-01	6.439851738142265969e-02	-3.531578550006526929e-02	-2.121192025541633521e-03
3.448962260405766611e-09	2.100570816377270500e+00	8.899701754481878169e+00	3.485235344157305293e-01	8.754637092585651828e-03	1.582480368913397701e-03	4.065702802531507287e-01	6.423745184982766754e-02	-3.519672923868284037e-02	-2.108361827555043592e-03
3.612342699709437910e-09	2.097066763467094752e+00	8.878219359624205609e+00	3.487840537548195785e-01	8.652056992950815303e-03	1.565247795852338971e-03	4.057970268306734241e-01	6.409243712336160081e-02	-3.507843919361098434e-02	-2.096131954504103136e-03
3.783462617131932968e-09	2.093400237315969470e+00	8.856959929752164840e+00	3.490099626156599188e-01	8.555778436776385887e-03	1.549282004976158507e-03	4.050828109151285439e-01	6.396326222832909858e-02	-3.496077698394686739e-02	-2.084480542371523228e-03
3.962688638701478467e-09	2.089570016273041286e+00	8.835900019894708635e+00	3.492017164795015449e-01	8.465513694347209100e-03	1.534528095350491672e-03	4.044259198529479571e-01	6.384960541613973750e-02	-3.484364826467337140e-02	-2.073385565199264632e-03
4.150404757850472502e-09	2.085577274575694862e+00	8.815022124408470106e+00	3.493599480150066383e-01	8.380993033193652464e-03	1.520933621601193182e-03	4.038246035097655673e-01	6.375109327946236470e-02	-3.472698987315644276e-02	-2.062825441155886029e-03
4.347013158125017173e-09	2.081424892650184599e+00	8.794313398953237382e+00	3.494854027245120065e-01	8.301951176674182351e-03	1.508445992999643851e-03	4.032770398957217783e-01	6.366731417452238528e-02	-3.461076175160730795e-02	-2.052779337550886350e-03
4.552935074866938773e-09	2.077116992404354878e+00	8.773764740175250765e+00	3.495788976890731314e-01	8.228142647679769980e-03	1.497016152909021267e-03	4.027814540335418192e-01	6.359784437955352809e-02	-3.449494127943793231e-02	-2.043227307186596363e-03
4.768611697714474181e-09	2.072658609784265415e+00	8.753370090486900068e+00	3.496412941879081249e-01	8.159330936632460188e-03	1.486596393865845939e-03	4.023360746133352595e-01	6.354225020368674259e-02	-3.437951930425879599e-02	-2.034150355630701297e-03
4.994505115855140358e-09	2.068055453180405845e+00	8.733125893013147234e+00	3.496734786548599261e-01	8.095294687242855780e-03	1.477141920282187869e-03	4.019391844451749018e-01	6.350009957721915177e-02	-3.426449704679034036e-02	-2.025530442792733248e-03
5.231099308056257792e-09	2.063313723883298145e+00	8.713030659197970706e+00	3.496763495271210664e-01	8.035827819719494267e-03	1.468610920477808959e-03	4.015891314406642709e-01	6.347096671450436212e-02	-3.414988391332605261e-02	-2.017350478909084050e-03
5.478901179593956120e-09	2.058439976632542301e+00	8.693084614683066036e+00	3.496508076959088940e-01	7.980735112018279287e-03	1.460963744272980504e-03	4.012843104644985281e-01	6.345443258441553491e-02	-3.403569564861357727e-02	-2.009594285053908393e-03
5.738441648302404521e-09	2.053441012062413140e+00	8.673289407350575075e+00	3.495977498407630280e-01	7.929831123962205117e-03	1.454162702943989204e-03	4.010231627044255620e-01	6.345008644683303167e-02	-3.392195296579073732e-02	-2.002246554903368541e-03
6.010276782070388176e-09	2.048323794932190189e+00	8.653647868211880478e+00	3.495180640038373365e-01	7.882946010271623880e-03	1.448173364263420073e-03	4.008042137382810122e-01	6.345753155533913337e-02	-3.380868063144633340e-02	-1.995292828124882976e-03
6.294988990221888141e-09	2.043095381794677312e+00	8.634163800983500892e+00	3.494126256041695244e-01	7.839918638393068850e-03	1.442963107873609149e-03	4.006260369163784363e-01	6.347638166673276461e-02	-3.369590622449902817e-02	-1.988719407564493776e-03
6.593188271333541710e-09	2.037762873301007360e+00	8.614841816234697802e+00	3.492822958450290116e-01	7.800596280902371595e-03	1.438501073974752338e-03	4.004872535130800104e-01	6.350626133580497545e-02	-3.358365981388170690e-02	-1.982513350295077650e-03
6.905513520162316861e-09	2.032333369359308417e+00	8.595687181047685144e+00	3.491279199808119404e-01	7.764837450409582155e-03	1.434758802154038242e-03	4.003865512563176132e-01	6.354680852866770313e-02	-3.347197323353283405e-02	-1.976662404756344017e-03
7.232633896483518810e-09	2.026813934952664376e+00	8.576705693448971601e+00	3.489503263987780990e-01	7.732506735359582356e-03	1.431709102661508611e-03	4.003226554848152152e-01	6.359767114071465666e-02	-3.336087963730735573e-02	-1.971154968894146473e-03
7.575250258771920716e-09	2.021211574073128237e+00	8.557903575562221477e+00	3.487503263299441825e-01	7.703479052821578764e-03	1.429327007666353214e-03	4.002943548037936616e-01	6.365851014389169171e-02	-3.325041320306781900e-02	-1.965980054021363322e-03
7.934096665797492339e-09	2.015533206896834795e+00	8.539287382632727130e+00	3.485287134673722420e-01	7.677635031507576424e-03	1.427588719980444438e-03	4.003004749740600721e-01	6.372899618624804086e-02	-3.314060871553486248e-02	-1.961127232706259653e-03
8.309941949353386453e-09	2.009785653292369911e+00	8.520863915977077596e+00	3.482862645110940680e-01	7.654861724484334287e-03	1.426471862453436044e-03	4.003398832256433448e-01	6.380881015331794914e-02	-3.303150150132634633e-02	-1.956586618978739967e-03
8.703591361485183753e-09	2.003975618414320703e+00	8.502640161014253906e+00	3.480237390454828383e-01	7.635054155957227660e-03	1.425955740416577893e-03	4.004114977944000509e-01	6.389764399328035083e-02	-3.292312705955228319e-02	-1.952348814912623510e-03
9.115888299750837812e-09	1.998109683577991902e+00	8.484623222356356465e+00	3.477418804446537060e-01	7.618112902599015294e-03	1.426020822154931223e-03	4.005142736120785862e-01	6.399519863369156070e-02	-3.281552110876859857e-02	-1.948404897603824319e-03
9.547716114208065503e-09	1.992194295321136455e+00	8.466820273305916800e+00	3.474414158681500830e-01	7.603942620790825682e-03	1.426648425336789422e-03	4.006471941716630014e-01	6.410118289964138183e-02	-3.270871919388919358e-02	-1.944746361003026535e-03
1.000000000000000021e-08	1.986235761066567518e+00	8.449238507129495090e+00	3.471230573233574090e-01	7.592452022056266070e-03	1.427820732870570871e-03	4.008092710283770455e-01	6.421531314429987369e-02	-3.260275680622925359e-02	-1.941365109193560244e-03
