# Pressure Mass Radius Compactness k2 k3 h2 h3 j2 j3
9.999999999999999799e-13	9.895494793317254067e-02	5.959249120499453767e+01	2.451975963976285849e-03	2.057040366784064272e-04	2.377987962763476973e-05	9.930764625860287742e-01	3.301121787245577810e-01	-1.181891869119726950e-06	-1.454825938901517012e-07
1.047370897959448749e-12	9.995355142938459891e-02	5.538798601727332027e+01	2.664728032736180842e-03	2.215247880367837924e-04	2.170706808752615404e-05	9.924792407433465913e-01	3.298307750290842555e-01	-1.417181967014048760e-06	-1.609683840747819771e-07
1.096985797892381920e-12	1.009889192711720951e-01	5.172432525072565568e+01	2.883029762053620788e-03	2.418550520611171032e-04	2.919413561254657484e-05	9.918707075274338925e-01	3.295424961019166599e-01	-1.705168511998889451e-06	-1.789012680149910946e-07
1.148951000187311009e-12	1.020591461724480037e-01	4.850593772863265229e+01	3.106899898047705416e-03	2.672667547133957813e-04	1.109303761330736993e-04	9.912555492282701941e-01	3.292473337056406879e-01	-2.055626375513398022e-06	-1.997868218741431103e-07
1.203377840777590522e-12	1.031628324680160524e-01	4.565797173625503547e+01	3.336390514841919806e-03	2.983836872983243655e-04	4.627615671975553586e-05	9.906360561796604403e-01	3.289452458754320574e-01	-2.479503886247401439e-06	-2.242518683572776100e-07
1.260382929679727463e-12	1.042990263808916823e-01	4.312103276670665508e+01	3.571587838986997696e-03	3.358996444970878230e-04	5.797059972595746232e-05	9.900128294064874934e-01	3.286361606830562887e-01	-2.988968025121736891e-06	-2.530527108724566839e-07
1.320088400831416649e-12	1.054671847436862431e-01	4.084743875132544844e+01	3.812613297406995151e-03	3.805515103413180020e-04	5.110435857940897421e-05	9.893880102015435440e-01	3.283199685108740273e-01	-3.597495797756655981e-06	-2.871102862227563904e-07
1.382622173764653478e-12	1.066671461654978142e-01	3.879850702294620390e+01	4.059624798535004138e-03	4.331342807102294247e-04	5.583364136523491381e-05	9.887599210648370107e-01	3.279965276134041985e-01	-4.319951825484584356e-06	-3.275219894770095417e-07
1.448118227674535917e-12	1.078991141874536541e-01	3.694255944937618352e+01	4.312818020388850711e-03	4.944770855112488005e-04	6.270943817136172813e-05	9.881331677856792783e-01	3.276656540496062364e-01	-5.172711359514091250e-06	-3.755898620032882010e-07
1.516716888470924089e-12	1.091636466323081117e-01	3.525343082265775507e+01	4.572428063029440951e-03	5.654824876771505793e-04	7.440728437146682537e-05	9.875074252673324837e-01	3.273271311124641980e-01	-6.173794210863895720e-06	-4.328499684562249730e-07
1.588565129428052692e-12	1.104616526807292720e-01	3.370934057340704015e+01	4.838731399012210187e-03	6.470809424924609931e-04	8.156383040908790638e-05	9.868841611697684035e-01	3.269806949049230971e-01	-7.343031946806372283e-06	-5.010996261246546364e-07
1.663816886076127415e-12	1.117943931622358278e-01	3.229203103065413671e+01	5.112047690997713681e-03	7.402684931334395542e-04	8.510421850427633535e-05	9.862639355919857742e-01	3.266260437662860672e-01	-8.702273234960943409e-06	-5.824374813891221058e-07
1.742633386009647278e-12	1.131634672074102455e-01	3.098610982986581064e+01	5.392739283227050012e-03	8.460769956030070142e-04	9.310307446955266885e-05	9.856483322457016971e-01	3.262628255412070022e-01	-1.027561551416309840e-05	-6.793058572069914189e-07
1.825183494319046040e-12	1.145706455330016416e-01	2.977863306725735271e+01	5.681183757267752217e-03	9.656452269582247849e-04	1.001801806665650888e-04	9.850385873360673061e-01	3.258907064445809021e-01	-1.208946916098690940e-05	-7.945250988071120336e-07
1.911644075385703708e-12	1.160177354316193760e-01	2.865870586749396054e+01	5.977754072281973863e-03	1.100088130878521279e-03	1.092715755491702038e-04	9.844359835531116820e-01	3.255093496764532857e-01	-1.417259616909632588e-05	-9.313270592430647742e-07
2.002200371815584363e-12	1.175065390006096583e-01	2.761709821032420820e+01	6.282814329217180707e-03	1.250569188195488476e-03	1.236959146252922790e-04	9.838418571581281080e-01	3.251184519211083868e-01	-1.655619265918705424e-05	-1.093399660255336409e-06
2.097046401323230665e-12	1.190388262816390458e-01	2.664593314542742064e+01	6.596718276230707258e-03	1.418336782359528583e-03	1.374904997655750744e-04	9.832579325239354517e-01	3.247177638014359657e-01	-1.927395616040496204e-05	-1.284920346983685281e-06
2.196385372416542332e-12	1.206163092118378438e-01	2.573844564600969065e+01	6.919806558868266469e-03	1.604578110577487655e-03	1.549965524324124690e-04	9.826855713532602898e-01	3.243070380171415024e-01	-2.236212855426494066e-05	-1.510601572048639992e-06
2.300430119772921506e-12	1.222406196109932230e-01	2.488878754101112989e+01	7.252404808462281985e-03	1.810532890290847668e-03	1.728597871055559778e-04	9.821266864652212769e-01	3.238860836203802385e-01	-2.585950163150819013e-05	-1.775720540809159320e-06
2.409403560239526876e-12	1.239132859969662992e-01	2.409187389476240426e+01	7.594820740942896838e-03	2.037407351415567412e-03	1.953780056648598694e-04	9.815829748560394030e-01	3.234547338244669334e-01	-2.980740947639509377e-05	-2.086162910094188325e-06
2.523539170434765862e-12	1.256357139217939289e-01	2.334325552641510271e+01	7.947342373665748985e-03	2.286449278944330601e-03	2.201485804801156965e-04	9.810562801933809807e-01	3.230128904684770319e-01	-3.424965221352201735e-05	-2.448440910060141978e-06
2.643081486974102692e-12	1.274091641700021982e-01	2.263901800625988514e+01	8.310235223719661737e-03	2.558806229293427402e-03	2.488395410248079556e-04	9.805483625689561666e-01	3.225604699973017020e-01	-3.923239640386086711e-05	-2.869722801437235701e-06
2.768286630392061017e-12	1.292347315804164010e-01	2.197569807707250789e+01	8.683739774102654588e-03	2.855597512483573023e-03	2.813453997601241571e-04	9.800610662569975151e-01	3.220974442829928619e-01	-4.480401176369430737e-05	-3.357845563093775507e-06
2.899422853882880921e-12	1.311133298048168805e-01	2.135021353073226891e+01	9.068069899878209925e-03	3.177918916479859513e-03	3.178028965071509637e-04	9.795962794757276937e-01	3.216238420487378957e-01	-5.101489480030111160e-05	-3.921326366609966400e-06
3.036771118035460378e-12	1.330458077173070908e-01	2.075977243356400592e+01	9.463435816501001435e-03	3.526705011641993997e-03	3.590050881249560316e-04	9.791554677239450166e-01	3.211396748389797606e-01	-5.791763252381341802e-05	-4.569385968554670798e-06
3.180625692794118977e-12	1.350332063042013198e-01	2.020178586494364126e+01	9.870088609176741121e-03	3.902993894754771577e-03	4.048687275902503784e-04	9.787403811615720262e-01	3.206449589492477714e-01	-6.556785422502318646e-05	-5.312064673959538827e-06
3.331294787934670055e-12	1.370768523302429431e-01	1.967384977375126454e+01	1.028833287928002799e-02	4.307706062387600850e-03	4.561412169269721761e-04	9.783522942432147929e-01	3.201396112309949915e-01	-7.402474594050895476e-05	-6.160301027814709891e-06
3.489101213406766494e-12	1.391784036191797969e-01	1.917373805232727690e+01	1.071853168273713061e-02	4.741845882405286601e-03	5.132539697895096295e-04	9.779925283295911598e-01	3.196235241204886113e-01	-8.335154009955993333e-05	-7.126017766580634636e-06
3.654383070957261569e-12	1.413398908106595075e-01	1.869939414552380086e+01	1.116111160195935349e-02	5.206369582119376761e-03	5.761970479535397658e-04	9.776621697942752265e-01	3.190964951772062297e-01	-9.361611780073209304e-05	-8.222233489601319341e-06
3.827494478516314936e-12	1.435637559833170263e-01	1.824892242134489706e+01	1.161656754847032250e-02	5.702322929165367163e-03	6.456408958401269656e-04	9.773622756386659560e-01	3.185582769616610022e-01	-1.048916743363124797e-04	-9.463181165780410050e-06
4.008806328898464320e-12	1.458528937100724565e-01	1.782057894222126038e+01	1.208546808882947528e-02	6.230775793661679808e-03	7.223382249725039455e-04	9.770938378634194121e-01	3.180085392435184621e-01	-1.172575398423741916e-04	-1.086446579877605554e-05
4.198707084443905621e-12	1.482106903462507286e-01	1.741276251696364241e+01	1.256846060584304765e-02	6.792867753149680818e-03	8.060375459460039074e-04	9.768577576180036415e-01	3.174468769299393367e-01	-1.308000573140578047e-04	-1.244322623430134025e-05
4.397603609302712498e-12	1.506410692394432593e-01	1.702400558023361299e+01	1.306627732629669740e-02	7.389818023883472711e-03	8.976230735704110019e-04	9.766549021901543837e-01	3.168728010223825220e-01	-1.456136605146778409e-04	-1.421834865132582761e-05
4.605922041145112927e-12	1.531485365498878870e-01	1.665296564541170454e+01	1.357974141076297159e-02	8.022976284574588959e-03	9.978687498539073279e-04	9.764862065015423864e-01	3.162857511946011169e-01	-1.618020587454746106e-04	-1.621069906371892531e-05
4.824108704165373984e-12	1.557382327287855361e-01	1.629841695329908546e+01	1.410977385872099615e-02	8.693791312284274153e-03	1.107001618226984398e-03	9.763525952400430308e-01	3.156850668675406091e-01	-1.794796125729084348e-04	-1.844340023004713874e-05
5.052631065335679604e-12	1.584165647804841315e-01	1.595917255761235332e+01	1.465751866846741990e-02	9.404063734975544667e-03	1.225752682976545419e-03	9.762551276276412171e-01	3.150698840122886368e-01	-1.987771570859983680e-04	-2.094271108642397982e-05
5.291978735958436557e-12	1.611926943955849234e-01	1.563394300272800308e+01	1.522464116815115676e-02	1.015627757467450938e-02	1.354939533814192385e-03	9.761948703714575792e-01	3.144387773184857404e-01	-2.198560200272988742e-04	-2.374010806836801546e-05
5.542664520663095602e-12	1.640773280285907354e-01	1.532154496990693104e+01	1.581307205318996725e-02	1.095342258389029461e-02	1.495414944217501960e-03	9.761733063428152946e-01	3.137901077243805403e-01	-2.429036362148860736e-04	-2.687209264969293022e-05
5.805225516094907684e-12	1.670825086948682925e-01	1.502093726000329887e+01	1.642495507375207539e-02	1.179888257449588848e-02	1.648082720110239383e-03	9.761922393994127978e-01	3.131220695964940237e-01	-2.681351082724189915e-04	-3.038073457093888707e-05
6.080224261649427052e-12	1.702218027086723762e-01	1.473120714172651979e+01	1.706267364642083395e-02	1.269648605794591011e-02	1.814224544329884250e-03	9.762538860478572333e-01	3.124326725353406276e-01	-2.957979895577754980e-04	-3.431469135632759154e-05
6.368249944718585906e-12	1.735105133642661224e-01	1.445155979824393100e+01	1.772888020585811422e-02	1.365062235974374462e-02	1.994953587312191332e-03	9.763610442165703285e-01	3.117197494996483131e-01	-3.261779056399211063e-04	-3.873041866078546608e-05
6.669919663030115058e-12	1.769659384738822006e-01	1.418130918271926788e+01	1.842653145761406069e-02	1.466625640385564588e-02	2.191729098679945191e-03	9.765170757720206263e-01	3.109809110343651484e-01	-3.596053610685969338e-04	-4.369364122223465545e-05
6.985879746785234820e-12	1.806076731181550377e-01	1.391987088140036022e+01	1.915892889240774014e-02	1.574902751101014964e-02	2.406313151305086283e-03	9.767260251601377341e-01	3.102135334954403412e-01	-3.964639014303424276e-04	-4.928112396474681111e-05
7.316807143427207274e-12	1.844579653767556560e-01	1.366675685492378989e+01	1.992976514782280467e-02	1.690535328188282407e-02	2.640348423392905632e-03	9.769927846939973071e-01	3.094147354292333119e-01	-4.371999304686352322e-04	-5.558281801049226665e-05
7.663410868007462274e-12	1.885421414874831614e-01	1.342157138841116293e+01	2.074317851423181439e-02	1.814252214288528467e-02	2.896056815398698366e-03	9.773231966903783707e-01	3.085813470276614900e-01	-4.823346584662016015e-04	-6.270448090261944484e-05
8.026433522257174683e-12	1.928891066704128410e-01	1.318400876973832148e+01	2.160381519430220817e-02	1.946881761044746625e-02	3.175747841281030114e-03	9.777242131810394143e-01	3.077098779863527422e-01	-5.324785377221668897e-04	-7.077085764118123316e-05
8.406652885618316356e-12	1.975318764008046069e-01	1.295385532741298462e+01	2.251688873678082611e-02	2.089364783985449281e-02	3.482157850099725470e-03	9.782041251017725703e-01	3.067965015684855357e-01	-5.883480720727050483e-04	-7.992944527684691552e-05
8.804883581643446547e-12	2.025051890267079435e-01	1.273111623682379800e+01	2.348766845097349440e-02	2.242672408294510769e-02	3.818108329057792044e-03	9.787723443341866947e-01	3.058375925967503073e-01	-6.507477230834276833e-04	-9.034859055756553302e-05
9.221978823334340144e-12	2.078420732843613006e-01	1.251608959661121112e+01	2.452082272637977345e-02	2.407690012018651182e-02	4.186358942241062350e-03	9.794388250235886995e-01	3.048303747940006025e-01	-7.205324143419437498e-04	-1.022118303044754439e-04
9.658832241158709141e-12	2.135748631440468892e-01	1.230920629653306797e+01	2.562066048835276444e-02	2.585231502084693947e-02	4.589645354127517944e-03	9.802137301196133246e-01	3.037726411070977295e-01	-7.986211300978564341e-04	-1.157203491496861696e-04
1.011637979766206976e-11	2.197345667456873375e-01	1.211097317714069632e+01	2.679104010617405079e-02	2.775999532234693298e-02	5.030425383016658147e-03	9.811068695851370425e-01	3.026628029030877243e-01	-8.859887943349025298e-04	-1.310916881410895574e-04
1.059560179277614774e-11	2.263499657340383164e-01	1.192192845254829869e+01	2.803523216745379062e-02	2.980541856184238877e-02	5.510897636762965117e-03	9.821271455730632427e-01	3.014999742633203139e-01	-9.836507292292210377e-04	-1.485568198755309835e-04
1.109752496412069864e-11	2.334466077817397289e-01	1.174259993872288632e+01	2.935577413428505297e-02	3.199195472031280546e-02	6.032879585663005612e-03	9.832817294856242007e-01	3.002840319258368584e-01	-1.092640842968667717e-03	-1.683556686454134481e-04
1.162322468679854125e-11	2.410456866749052240e-01	1.157346702723866905e+01	3.075431943167514920e-02	3.432035616961919694e-02	6.597513841280610442e-03	9.845752850438004300e-01	2.990156749040592254e-01	-1.213982602959476353e-03	-1.907308037543145813e-04
1.217382727739662020e-11	2.491628143723776390e-01	1.141492737769586441e+01	3.223148460771312757e-02	3.678820822575620819e-02	7.205197661239821569e-03	9.860090632537630295e-01	2.976964571703724638e-01	-1.348652179016526526e-03	-2.159191191359057752e-04
1.275051240713012859e-11	2.578066926952388704e-01	1.126726926191767930e+01	3.378669796401444908e-02	3.938938061209160818e-02	7.855408240602820141e-03	9.875799100718815060e-01	2.963287910935942238e-01	-1.497533392538100876e-03	-2.441413810369886020e-04
1.335451562929897339e-11	2.669776992373317226e-01	1.113065016115090344e+01	3.541805337714739460e-02	4.211361082686809060e-02	8.546520366011219755e-03	9.892794594661614704e-01	2.949159585714531961e-01	-1.661364548951510577e-03	-2.755896422676424110e-04
1.398713102647241439e-11	2.766664132569946477e-01	1.100508182284781888e+01	3.712217374123045338e-02	4.494621185122121138e-02	9.275720382066894934e-03	9.910934816537515513e-01	2.934620956925521607e-01	-1.840677983132070960e-03	-3.104127343387715759e-04
1.464971398307287854e-11	2.868513818498183432e-01	1.089042954990930134e+01	3.889396073835528489e-02	4.786736052135416586e-02	1.003872542260406120e-02	9.930005186826327268e-01	2.919722003863163828e-01	-2.035719414782981469e-03	-3.486973811050347633e-04
1.534368408930013065e-11	2.974936483678316534e-01	1.078644753067126061e+01	4.072578812806823545e-02	5.085136477557069407e-02	1.082957146204610761e-02	9.949717079810028730e-01	2.904527534570160441e-01	-2.246294354305279368e-03	-3.904343752914804511e-04
1.607052818261638620e-11	3.085447416766259332e-01	1.069270131222350351e+01	4.260896146079556912e-02	5.386951600987097133e-02	1.164123170954718504e-02	9.969727295526740196e-01	2.889103583664340280e-01	-2.471873994845021766e-03	-4.355360122356145792e-04
1.683180353330955093e-11	3.199522545966113629e-01	1.060857673375946320e+01	4.453467505087752021e-02	5.689240975568396474e-02	1.246619377307547558e-02	9.989661704315234703e-01	2.873509913897178136e-01	-2.711685397644018544e-03	-4.838524427992520736e-04
1.762914118095944293e-11	3.316606545057733113e-01	1.053333992488896875e+01	4.649412606232358053e-02	5.989088356954624937e-02	1.329672888440018054e-02	1.000913136751198751e+00	2.857800224678108125e-01	-2.964723652101092580e-03	-5.351737255399513678e-04
1.846424942895546448e-11	3.436120571126602408e-01	1.046618599340772882e+01	4.847861248146592694e-02	6.283664877213937516e-02	1.412502440653281080e-02	1.002774322724272249e+00	2.842021964793631228e-01	-3.229770806652976049e-03	-5.892339545556205156e-04
1.933891750455232057e-11	3.557469883809726841e-01	1.040627757044216750e+01	5.047961819264181610e-02	6.570310327964599961e-02	1.494346439245725251e-02	1.004511596037485077e+00	2.826217202316009813e-01	-3.505420851929756318e-03	-6.457172426972148348e-04
2.025501939230666486e-11	3.680051298801103044e-01	1.035277458742691614e+01	5.248888526621559025e-02	6.846579835843985551e-02	1.574475698332363297e-02	1.006088932282441784e+00	2.810423011451081421e-01	-3.790109527513501469e-03	-7.042652566492929979e-04
2.121451784910627571e-11	3.803260411714815548e-01	1.030485666453425075e+01	5.449847408663677922e-02	7.110303061710625261e-02	1.652216297547098520e-02	1.007473727815600961e+00	2.794672629060644398e-01	-4.082147437964404706e-03	-7.644858671641737704e-04
2.221946860939528424e-11	3.926498555989750283e-01	1.026173941596178629e+01	5.650081274062655062e-02	7.359595298838877975e-02	1.726954555115267978e-02	1.008637126751424917e+00	2.778995641099195057e-01	-4.379755181280114984e-03	-8.259625350923880055e-04
2.327202478960412005e-11	4.049179432741563112e-01	1.022268586248618583e+01	5.848873680498987981e-02	7.592910276512609968e-02	1.798159027946478680e-02	1.009555350268453777e+00	2.763419661395334903e-01	-4.681099095410118371e-03	-8.882639875618203278e-04
2.437444150122221807e-11	4.170735352458594392e-01	1.018701399861422985e+01	6.045552059479341461e-02	7.809011799298967715e-02	1.865374855823829711e-02	1.010209256857942828e+00	2.747970021112665084e-01	-4.984326436933039957e-03	-9.509538194771697574e-04
2.552908068239516723e-11	4.290662857986589085e-01	1.015409116037325887e+01	6.239554290064300290e-02	8.007062918940789642e-02	1.928256605929233591e-02	1.010585241872927975e+00	2.732665982603194044e-01	-5.287700362375555990e-03	-1.013620607127867094e-03
2.673841615839943880e-11	4.408640251530122067e-01	1.012331593693535581e+01	6.430609024435356147e-02	8.186756701316921792e-02	1.986615096430115537e-02	1.010674875750604773e+00	2.717506743983205131e-01	-5.589925407916526874e-03	-1.075946811304873260e-03
2.800503894183625342e-11	4.524456631937028295e-01	1.009415199414668685e+01	6.618610514118240806e-02	8.348137687508531968e-02	2.040365819535589972e-02	1.010474071275855756e+00	2.702481889241231117e-01	-5.889996798644161861e-03	-1.137678370327473154e-03
2.933166278390048099e-11	4.637983540622659384e-01	1.006613606504917691e+01	6.803566618024081691e-02	8.491500083909145347e-02	2.089498798435179480e-02	1.009982196646848074e+00	2.687575216392072974e-01	-6.187143697559524015e-03	-1.198613219020385661e-03
3.072112998861759207e-11	4.749169055786532923e-01	1.003887472740777120e+01	6.985585774345720589e-02	8.617347837837312230e-02	2.134067709240797944e-02	1.009201677262590469e+00	2.672765846699556302e-01	-6.480823908153542090e-03	-1.258600024331301640e-03
3.217641750250735458e-11	4.858032296419002583e-01	1.001203929443193452e+01	7.164866244577090815e-02	8.726348805320496838e-02	2.174177417440838200e-02	1.008137353569627637e+00	2.658028819447174618e-01	-6.770716191141132843e-03	-1.317536107578708322e-03
3.370064329271925032e-11	4.964658426916713774e-01	9.985359983613607326e+00	7.341687296731795598e-02	8.819296047066309263e-02	2.209972482692641738e-02	1.006795909584385029e+00	2.643335458962518536e-01	-7.056711122041731121e-03	-1.375364806735821606e-03
3.529707302730657668e-11	5.069194237455062479e-01	9.958620022828643670e+00	7.516402106913659675e-02	8.897071210310043832e-02	2.241626556647807050e-02	1.005185270079846926e+00	2.628653539870011713e-01	-7.338901356263602925e-03	-1.432072515158820929e-03
3.696912707195032437e-11	5.171844362109704329e-01	9.931650077372889740e+00	7.689432208424755444e-02	8.960622532151281405e-02	2.269335791010761508e-02	1.003314273276647572e+00	2.613947552910368954e-01	-7.617572050589069797e-03	-1.487685596132342367e-03
3.872038781812557004e-11	5.272868179275015388e-01	9.904323222446102193e+00	7.861263333324097768e-02	9.010936546107937983e-02	2.293310178917282519e-02	1.001192142010810082e+00	2.599178608345117936e-01	-7.893192018455568934e-03	-1.542267316548085647e-03
4.055460735840827506e-11	5.372577444199413410e-01	9.876550578608210174e+00	8.032442536795209032e-02	9.049017024273836585e-02	2.313766508928872742e-02	9.988280783340633961e-01	2.584304293711187084e-01	-8.166406199595367330e-03	-1.595914943201737126e-03
4.247571552536894126e-11	5.471334962593134010e-01	9.848277581808767778e+00	8.203576978808770070e-02	9.075876403584966223e-02	2.330925841581882318e-02	9.962311087563662237e-01	2.569278745118881435e-01	-8.438030522114980600e-03	-1.648757196242922347e-03
4.448782831127576069e-11	5.569554883763895292e-01	9.819478465722186300e+00	8.375337194274880270e-02	9.092509102168572221e-02	2.345005405979246754e-02	9.934094076891991643e-01	2.554051774492492322e-01	-8.709051301127260919e-03	-1.700952413693917597e-03
4.659525668664686662e-11	5.667654223725696605e-01	9.790154297830232721e+00	8.548384439644712840e-02	9.099843866039952767e-02	2.356204603995418895e-02	9.903705126804561720e-01	2.538574692979925773e-01	-8.980490270776134848e-03	-1.752660666148557825e-03
4.880251583654433574e-11	5.766012373077767927e-01	9.760329216414554310e+00	8.723310644211675069e-02	9.098702545938125441e-02	2.364693262310614552e-02	9.871213718872822174e-01	2.522804814441703125e-01	-9.253289404642511817e-03	-1.804020833729870444e-03
5.111433483440165318e-11	5.864970786426273452e-01	9.730042719309214050e+00	8.900642163118903383e-02	9.089811197179252511e-02	2.370617131067636121e-02	9.836684272589064637e-01	2.506705267592619912e-01	-9.528305893319693326e-03	-1.855149627210516327e-03
5.353566677410718816e-11	5.964834821293893974e-01	9.699344258155873533e+00	9.080845415766600204e-02	9.073797689961973778e-02	2.374097613556968092e-02	9.800173528216884478e-01	2.490244169855400647e-01	-9.806313545117552322e-03	-1.906141963832041824e-03
5.607169938205469661e-11	6.065875284692038294e-01	9.668289277642939439e+00	9.264331266384061292e-02	9.051205769368093901e-02	2.375237245134969102e-02	9.761732261408370137e-01	2.473394458184678402e-01	-1.008800401356998305e-02	-1.957071404611367312e-03
5.872786613189488850e-11	6.168329535788321660e-01	9.636936147869166192e+00	9.451458264109689755e-02	9.022502218812111785e-02	2.374122372895324379e-02	9.721405658824374685e-01	2.456133609748751001e-01	-1.037398725143772946e-02	-2.007990543138308930e-03
6.150985788580503926e-11	6.272402147781406256e-01	9.605343677511259060e+00	9.642534944696690147e-02	8.988079800084061710e-02	2.370823938323504340e-02	9.679232900082531676e-01	2.438443300743533548e-01	-1.066479111469189993e-02	-2.058931343576657531e-03
6.442363508721370414e-11	6.378265153461384340e-01	9.573569021276046698e+00	9.837821352678459419e-02	8.948268714887536168e-02	2.365401894441739733e-02	9.635249023326635243e-01	2.420309473698907254e-01	-1.096086005401820593e-02	-2.109905420602372402e-03
6.747544053110686101e-11	6.486057914987614081e-01	9.541665866136424867e+00	1.003752992544348216e-01	8.903338830742262011e-02	2.357905798930733793e-02	9.589484677262907208e-01	2.401722126644937616e-01	-1.126255295032705696e-02	-2.160904295430718467e-03
7.067181273927477085e-11	6.595886657945989606e-01	9.509682819189999137e+00	1.024182585948454904e-01	8.853512528186968655e-02	2.348379195663011232e-02	9.541968622039135317e-01	2.382675502289911540e-01	-1.157014013049457828e-02	-2.211899639490154650e-03
7.401959996915652408e-11	6.707820034901729178e-01	9.477663034000988418e+00	1.045082013930467985e-01	8.798961890633906491e-02	2.336858433214296718e-02	9.492727603230675104e-01	2.363168408398901854e-01	-1.188378935232166887e-02	-2.262841892706734300e-03
7.752597488629464062e-11	6.821864088324036679e-01	9.445651183454534916e+00	1.066452199289404379e-01	8.739843456204725303e-02	2.323382539065122626e-02	9.441802412462397820e-01	2.343209076887158571e-01	-1.220349411310558616e-02	-2.313650339609582638e-03
8.119844993184008328e-11	6.937995920099664371e-01	9.413687502772019045e+00	1.088289647231822227e-01	8.676298559690621970e-02	2.307993155213376030e-02	9.389237522933736591e-01	2.322809820540217840e-01	-1.252916693284331605e-02	-2.364230646355201717e-03
8.504489341802668113e-11	7.056188408378404331e-01	9.381804171322750463e+00	1.110590719176725583e-01	8.608453978559039987e-02	2.290734354548842194e-02	9.335073779275774308e-01	2.301983196265824649e-01	-1.286070808642814263e-02	-2.414486932635196911e-03
8.907354638610458163e-11	7.176411550108156012e-01	9.350026912179295380e+00	1.133351726724985686e-01	8.536432257547842128e-02	2.271654848585229897e-02	9.279350789430039770e-01	2.280742133624397150e-01	-1.319800896257964859e-02	-2.464322747468659577e-03
9.329304026284695888e-11	7.298633138313336266e-01	9.318376169230884187e+00	1.156568956898149647e-01	8.460351442564316427e-02	2.250806913243409355e-02	9.222106780045064012e-01	2.259099817908769847e-01	-1.354095364486386857e-02	-2.513641702134258773e-03
9.771241535346501225e-11	7.422819199214816255e-01	9.286868022216024698e+00	1.180238679995880002e-01	8.380327294444062103e-02	2.228246125058231525e-02	9.163379121832201379e-01	2.237069663422709132e-01	-1.388941982882987980e-02	-2.562347956380509918e-03
1.023411402105452712e-10	7.548934286923527637e-01	9.255514927575635653e+00	1.204357147300060410e-01	8.296475804988852343e-02	2.204031821609809746e-02	9.103204968665102870e-01	2.214665368550441382e-01	-1.424327935672043029e-02	-2.610346616027477227e-03
1.071891319205126445e-10	7.676941687402517589e-01	9.224326335214170669e+00	1.228920582231055186e-01	8.208914685521589982e-02	2.178226760867005632e-02	9.041621658882961210e-01	2.191900899539737102e-01	-1.460239852699060994e-02	-2.657544080087223710e-03
1.122667773510811312e-10	7.806803555350353419e-01	9.193309210485640648e+00	1.253925166157257298e-01	8.117766068309542615e-02	2.150897662483252162e-02	8.978667460444500481e-01	2.168790566976211143e-01	-1.496663820130348516e-02	-2.703848334617180334e-03
1.175849554052158201e-10	7.938481006159996411e-01	9.162468480925010539e+00	1.279367020752601725e-01	8.023152817143321125e-02	2.122113407671183047e-02	8.914380644637330819e-01	2.145348870057993407e-01	-1.533585380932466630e-02	-2.749169222855122469e-03
1.231550603292826197e-10	8.071934171436645489e-01	9.131807421024950244e+00	1.305242187226733630e-01	7.925202730679041518e-02	2.091946102061838925e-02	8.848800645933897480e-01	2.121590629616197099e-01	-1.570989524014998126e-02	-2.793418682913658552e-03
1.289890261253308184e-10	8.207118630745475762e-01	9.101328723879541727e+00	1.331545911563777884e-01	7.824047279600092331e-02	2.060470215666704644e-02	8.781968827651704945e-01	2.097531472737592939e-01	-1.608859659107779103e-02	-2.836509834721642146e-03
1.350993521198024986e-10	8.343972468440287171e-01	9.071036603459756265e+00	1.358270217305711236e-01	7.719836317204373244e-02	2.027767251693251421e-02	8.713936046900201404e-01	2.073190196733529223e-01	-1.647173948617352765e-02	-2.878353301188727766e-03
1.414991297434578731e-10	8.482417967677207127e-01	9.040934651944313671e+00	1.385404433786897871e-01	7.612722720004529153e-02	1.993921160267422138e-02	8.644757583257519640e-01	2.048587784237938525e-01	-1.685905725121201321e-02	-2.918858476532759736e-03
1.482020705798860072e-10	8.622362574070863150e-01	9.011024604303191410e+00	1.412935512273532923e-01	7.502866366305070700e-02	1.959019524442943971e-02	8.574493598253741800e-01	2.023747200268483648e-01	-1.725023715034304864e-02	-2.957934541732227824e-03
1.552225357427047968e-10	8.763698641784850585e-01	8.981305831458197275e+00	1.440848055717122433e-01	7.390431985229388434e-02	1.923152595585240349e-02	8.503208384590698055e-01	1.998693195744264961e-01	-1.764491927825603823e-02	-2.995491120677218084e-03
1.625755666443793407e-10	8.906303425327488643e-01	8.951775007829281705e+00	1.469124372631177011e-01	7.275586651621133993e-02	1.886412265138096012e-02	8.430969466962399128e-01	1.973452083460908446e-01	-1.804269628640737741e-02	-3.031439042733554898e-03
1.702769172225897821e-10	9.050039247478431914e-01	8.922425900635696294e+00	1.497744549334975861e-01	7.158501439016047574e-02	1.848892028954746830e-02	8.357847832934848231e-01	1.948051609241248372e-01	-1.844311371315358189e-02	-3.065691148483725044e-03
1.783430876931905687e-10	9.194753818939452872e-01	8.893249253175662616e+00	1.526686538965931206e-01	7.039352154980668685e-02	1.810686947129167348e-02	8.283917916531228220e-01	1.922520816798890531e-01	-1.884567086483732862e-02	-3.098163111260097621e-03
1.867913599020784805e-10	9.340280691617919295e-01	8.864232742946660082e+00	1.555926265673861775e-01	6.918316061265936123e-02	1.771892151073051203e-02	8.209256439215005807e-01	1.896889743344723489e-01	-1.924982223609828999e-02	-3.128774263603563855e-03
1.956398343517064725e-10	9.486439836756467292e-01	8.835361005479940744e+00	1.585437742472992906e-01	6.795574615161875665e-02	1.732603218795512878e-02	8.133942950553396667e-01	1.871189318588315775e-01	-1.965497942758097707e-02	-3.157448403444240020e-03
2.049074689815846066e-10	9.633038329928037546e-01	8.806615709174302253e+00	1.615193200791656958e-01	6.671311834447229971e-02	1.692915232245273405e-02	8.058059139561586370e-01	1.845451113994020509e-01	-2.006051352770316099e-02	-3.184114566155969370e-03
2.146141197858401440e-10	9.779871054874240688e-01	8.777975694160154774e+00	1.645163213033356275e-01	6.545714041963440755e-02	1.652922447803790648e-02	7.981688564066683478e-01	1.819707172379358140e-01	-2.046575772697253187e-02	-3.208707741103835297e-03
2.247805833548729991e-10	9.926719310636847871e-01	8.749417750335185318e+00	1.675316338742005029e-01	6.418973231466584828e-02	1.612718695154968448e-02	7.904918093631817522e-01	1.793990260845801377e-01	-2.087000438895640284e-02	-3.231169281828484476e-03
2.354286414322420067e-10	1.007335672150538208e+00	8.720916968415243886e+00	1.705620067398350148e-01	6.291286031641124543e-02	1.572396666178977123e-02	7.827836406947824566e-01	1.768333096161763263e-01	-2.127252288586829743e-02	-3.251448815920939418e-03
2.465811075822603842e-10	1.021955801863505986e+00	8.692446715335194085e+00	1.736042334337560555e-01	6.162844663009357099e-02	1.532044395099489871e-02	7.750529441798358343e-01	1.742766880776444594e-01	-2.167258535027567073e-02	-3.269506117280664929e-03
2.582618760682674929e-10	1.036510065969440397e+00	8.663979434656651435e+00	1.766551676803831961e-01	6.033844635977290288e-02	1.491747461851362401e-02	7.673082650275983019e-01	1.717321500072257756e-01	-2.206947247693087297e-02	-3.285311337012244461e-03
2.704959730463131364e-10	1.050976577199895567e+00	8.635487301812334593e+00	1.797117288930465129e-01	5.904478254853810087e-02	1.451586769494138569e-02	7.595579166562854700e-01	1.692025256255888788e-01	-2.246247739819728223e-02	-3.298844969777499185e-03
2.833096101839318258e-10	1.065333894719901364e+00	8.606942745270201200e+00	1.827709064954217699e-01	5.774937858964355325e-02	1.411639642580614536e-02	7.518100909276150823e-01	1.666905016885128765e-01	-2.285090910293140556e-02	-3.310097695322416524e-03
2.967302408188872501e-10	1.079561093391008253e+00	8.578318870149882258e+00	1.858297633777182545e-01	5.645413953457039530e-02	1.371979202430527803e-02	7.440728158365910172e-01	1.641986158183935951e-01	-2.323409551295806813e-02	-3.319070124704011793e-03
3.107866187782014063e-10	1.093637825660254137e+00	8.549589803097928709e+00	1.888854387943695867e-01	5.516093651181314117e-02	1.332674051546782479e-02	7.363539211332392753e-01	1.617292547409791004e-01	-2.361138630820203838e-02	-3.325772475405754536e-03
3.255088599835056406e-10	1.107544377252187795e+00	8.520730975686499065e+00	1.919351507206366880e-01	5.387161741068931253e-02	1.293788643243255938e-02	7.286610857150142007e-01	1.592846616973888074e-01	-2.398215547511709303e-02	-3.330224176775275092e-03
3.409285069746807543e-10	1.121261717693070592e+00	8.491719352705421997e+00	1.949761978664214801e-01	5.258797680476233471e-02	1.255382700163726675e-02	7.210017565706912102e-01	1.568669315640685014e-01	-2.434580365107441927e-02	-3.332453430378769059e-03
3.570785964900469852e-10	1.134771546057507408e+00	8.462533616798426195e+00	1.980059613058703094e-01	5.131176482650046111e-02	1.217511541871067575e-02	7.133831889274646620e-01	1.544780179375633833e-01	-2.470176020686189189e-02	-3.332496718047123392e-03
3.739937302478801677e-10	1.148056441046539478e+00	8.433154075216624079e+00	2.010219305417828839e-01	5.004465671776402863e-02	1.180225467588967223e-02	7.058123313693895895e-01	1.521197124388369293e-01	-2.504948795708547907e-02	-3.330398255373357482e-03
3.917101490809260641e-10	1.161100863897792435e+00	8.403560711508637482e+00	2.040219251468077255e-01	4.878816574519255489e-02	1.143567399464432560e-02	6.982953002099073769e-01	1.497934820606201811e-01	-2.538850982341464557e-02	-3.326209066977349124e-03
4.102658105827190344e-10	1.173890920972632035e+00	8.373734173757194199e+00	2.070040339584626465e-01	4.754367804780618156e-02	1.107574125970626870e-02	6.908375734011383829e-01	1.475005315861045163e-01	-2.571840264782416716e-02	-3.319986046764175028e-03
4.297004704320835313e-10	1.186413892305885787e+00	8.343657201444079519e+00	2.099664984168212734e-01	4.631247300440607950e-02	1.072277194506847907e-02	6.834441967756165193e-01	1.452418919389421859e-01	-2.603878507282848115e-02	-3.311791387344142565e-03
4.500557675700488183e-10	1.198658222077172653e+00	8.313314827219750569e+00	2.129077037937500139e-01	4.509578163902051851e-02	1.037704753602696969e-02	6.761199952563456961e-01	1.430184555345566377e-01	-2.634931738237252311e-02	-3.301691968698091187e-03
4.713753134116729086e-10	1.210613501727442420e+00	8.282694481300747924e+00	2.158261711042668562e-01	4.389471119017984008e-02	1.003879723824365085e-02	6.688693345471949936e-01	1.408309580247652515e-01	-2.664970101564843527e-02	-3.289758741564191829e-03
4.937047852839003559e-10	1.222270445559096697e+00	8.251786039670776063e+00	2.187205488666302267e-01	4.271031676771521596e-02	9.708220225494111275e-03	6.616963747514419403e-01	1.386800182626759803e-01	-2.693967773865841436e-02	-3.276066116759256130e-03
5.170920242896755486e-10	1.233620862095629933e+00	8.220581831627455927e+00	2.215896050366776560e-01	4.154355515033012619e-02	9.385475169211806787e-03	6.546049249835365069e-01	1.365661301326357158e-01	-2.721902862790345073e-02	-3.260691384039165076e-03
5.415871378079465267e-10	1.244657621543236115e+00	8.189076616097176853e+00	2.244322190399734296e-01	4.039530490940717450e-02	9.070688057182616643e-03	6.475985205924010835e-01	1.344896806565759884e-01	-2.748757282401224911e-02	-3.243714147596326192e-03
5.672426068491988835e-10	1.255374621901197862e+00	8.157267534974732115e+00	2.272473742221618742e-01	3.926636089976205668e-02	8.763952719131166275e-03	6.406804112246889948e-01	1.324509567086004092e-01	-2.774516622538557645e-02	-3.225215805368342355e-03
5.941133984965039838e-10	1.265766752138124618e+00	8.125154049104985177e+00	2.300341503439932433e-01	3.815744275915692457e-02	8.465335137357079751e-03	6.338535964131156719e-01	1.304501571623265521e-01	-2.799169994586938118e-02	-3.205279037296109024e-03
6.222570836730231313e-10	1.275829857914319687e+00	8.092737856967193721e+00	2.327917171643849314e-01	3.706918144301247359e-02	8.174871505278845027e-03	6.271207808970485909e-01	1.284873943106462912e-01	-2.822709909945076909e-02	-3.183987400264406357e-03
6.517339604882420571e-10	1.285560713652138531e+00	8.060022705000719156e+00	2.355193325396252590e-01	3.600213613563105208e-02	7.892574299405583083e-03	6.204844321943497887e-01	1.265627051882112497e-01	-2.845132090887971324e-02	-3.161424717239559330e-03
6.826071834272379248e-10	1.294956799187378715e+00	8.027014174033164196e+00	2.382163057967625341e-01	3.495678654878334179e-02	7.618432702772909813e-03	6.139467846494082170e-01	1.246760723440320240e-01	-2.866434867739012932e-02	-3.137674739148625137e-03
7.149428986597561750e-10	1.304015841638132667e+00	7.993719780087100268e+00	2.408819079483122128e-01	3.393356450029828136e-02	7.352422755458984382e-03	6.075100378413105240e-01	1.228274874699898794e-01	-2.886617933575293463e-02	-3.112820985958719699e-03
7.488103857590030225e-10	1.312735716246573814e+00	7.960148562530290128e+00	2.435153618533105746e-01	3.293285552589789167e-02	7.094509205417583696e-03	6.011763654565941417e-01	1.210169578310464344e-01	-2.905682025098552806e-02	-3.086946377767913873e-03
7.842822061337681836e-10	1.321114444656924736e+00	7.926310713994098478e+00	2.461158499022668145e-01	3.195497351804404973e-02	6.844639350277833233e-03	5.949478047642746681e-01	1.192444897983187257e-01	-2.923628917797652452e-02	-3.060133021131286428e-03
8.214343584919422200e-10	1.329150198812282690e+00	7.892217312528274853e+00	2.486825205410431450e-01	3.100019156657776720e-02	6.602751610480684687e-03	5.888263566477421884e-01	1.175100981224276725e-01	-2.940461345353613878e-02	-3.032461828950562023e-03
8.603464416684491388e-10	1.336841323914269353e+00	7.857880110130785134e+00	2.512144973385608826e-01	3.006870833263195625e-02	6.368767170652617909e-03	5.828138414060396455e-01	1.158137852540566254e-01	-2.956183061809866328e-02	-3.004012375127228674e-03
9.011018251665036851e-10	1.344186357929505915e+00	7.823311372169039934e+00	2.537108864640063022e-01	2.916068698549847613e-02	6.142600431025252612e-03	5.769120311152167169e-01	1.141555543100745973e-01	-2.970798832016898622e-02	-2.974862630204353538e-03
9.437878277775391497e-10	1.351184060825717737e+00	7.788523745750402405e+00	2.561707856221638324e-01	2.827618711601784587e-02	5.924141144006129893e-03	5.711223693773099797e-01	1.125353714099526503e-01	-2.984314517589019625e-02	-2.945088866008828236e-03
9.884959046625586031e-10	1.357833429398399794e+00	7.753530165204645108e+00	2.585932895522278785e-01	2.741527656703533419e-02	5.713284673021581071e-03	5.654463913223880533e-01	1.109532160815027285e-01	-2.996736996348692977e-02	-2.914765302102835954e-03
1.035321843295661502e-09	1.364133729894630553e+00	7.718343766130549177e+00	2.609774990210952939e-01	2.657793113217541900e-02	5.509905167897787524e-03	5.598853177284406346e-01	1.094090277380150161e-01	-3.008074292877763872e-02	-2.883964121484463693e-03
1.084365968689608688e-09	1.370084515696801120e+00	7.682977837612057215e+00	2.633225260934954903e-01	2.576407898168384114e-02	5.313867705728906633e-03	5.544402138166377725e-01	1.079027239946401956e-01	-3.018335562967736085e-02	-2.852755280055311194e-03
1.135733358343102889e-09	1.375685567039573565e+00	7.647446237257807589e+00	2.656274685536987867e-01	2.497362454208074123e-02	5.125034437424193755e-03	5.491121022739853252e-01	1.064342240730520028e-01	-3.027530944820918529e-02	-2.821206742635298890e-03
1.189534067370320724e-09	1.380936862401201948e+00	7.611763607350063410e+00	2.678913960583457765e-01	2.420643249716561418e-02	4.943260620100521814e-03	5.439019062663950077e-01	1.050034472341088432e-01	-3.035671542678059290e-02	-2.789384723230334782e-03
1.245883364295008068e-09	1.385838660657608523e+00	7.575944794243076430e+00	2.701133855866400535e-01	2.346233478639773995e-02	4.768396547789161520e-03	5.388104383227516614e-01	1.036102986436444190e-01	-3.042769506860887666e-02	-2.757353078520449838e-03
1.304901978014401580e-09	1.390391524907023335e+00	7.540004736105146321e+00	2.722925306679418456e-01	2.274112569042163745e-02	4.600286761522501613e-03	5.338383659031148420e-01	1.022546631644838805e-01	-3.048838063706164545e-02	-2.725173187050327055e-03
1.366716356462010101e-09	1.394596337514323992e+00	7.503958410530235490e+00	2.744279472054371727e-01	2.204256526126751464e-02	4.438770830226330261e-03	5.289862140638014187e-01	1.009364039265968488e-01	-3.053891489399443437e-02	-2.692903805655475023e-03
1.431458937523481393e-09	1.398454322414025564e+00	7.467820799623447137e+00	2.765187803931143939e-01	2.136637474913277018e-02	4.283682549125824267e-03	5.242543339847016703e-01	9.965535735167993514e-02	-3.057945161109890814e-02	-2.660601063860741199e-03
1.499268432786047049e-09	1.401967058213070993e+00	7.431606870545842014e+00	2.785642095286344766e-01	2.071225146907526224e-02	4.134853479794168771e-03	5.196429552145357400e-01	9.841133805081808683e-02	-3.061015517272503914e-02	-2.628318348442476842e-03
1.570290124729377524e-09	1.405136493557118449e+00	7.395331562428775207e+00	2.805634532495887568e-01	2.007986531798225741e-02	3.992112505456798729e-03	5.151521617349598126e-01	9.720413577081229994e-02	-3.063120060347125986e-02	-2.596106277460854140e-03
1.644676177994662829e-09	1.407964959446648567e+00	7.359009781346316892e+00	2.825157740608609802e-01	1.946885817228405369e-02	3.855285438664071175e-03	5.107818803643633387e-01	9.603351274439887730e-02	-3.064277346803821744e-02	-2.564012683519940796e-03
1.722585965398783835e-09	1.410455178034434764e+00	7.322656400839938406e+00	2.844204821128446525e-01	1.887884880408046209e-02	3.724196419129176174e-03	5.065318937024404500e-01	9.489920515671722290e-02	-3.064506958640416182e-02	-2.532082595840170775e-03
1.804186409392068039e-09	1.412610269333891333e+00	7.286286264982255290e+00	2.862769385991281168e-01	1.830943757580727471e-02	3.598669179169228585e-03	5.024018533603903380e-01	9.380092470027086293e-02	-3.063829474174875611e-02	-2.500358246477040001e-03
1.889652339691211477e-09	1.414433759856668527e+00	7.249914083131312914e+00	2.880845639758367049e-01	1.776020998426838457e-02	3.478527943260914610e-03	4.983912847313439753e-01	9.273835737415270231e-02	-3.062266424710499008e-02	-2.468878994649840227e-03
1.979166867853557524e-09	1.415929630559537689e+00	7.213553487133898656e+00	2.898428883072383111e-01	1.723071530751188463e-02	3.363592488819077547e-03	4.944994447456783071e-01	9.171113110667274138e-02	-3.059840216463435500e-02	-2.437680561913607453e-03
2.072921779595369695e-09	1.417102293540512425e+00	7.177217468885054963e+00	2.915515337646572003e-01	1.672048493720494286e-02	3.253682445765676036e-03	4.907254135116181915e-01	9.071883362150109931e-02	-3.056574047086894896e-02	-2.406795373419047188e-03
2.171117945694509622e-09	1.417956576599278096e+00	7.140919002837998519e+00	2.932101899150382773e-01	1.622904290354461321e-02	3.148619705274780488e-03	4.870681600564097380e-01	8.976102939285247884e-02	-3.052491952291246785e-02	-2.376253192005931599e-03
2.273965752357932151e-09	1.418497718917431705e+00	7.104671117598096330e+00	2.948186125196649021e-01	1.575590466517114499e-02	3.048227966634856935e-03	4.835265358251307766e-01	8.883725981565948615e-02	-3.047618742303478956e-02	-2.346081204213465009e-03
2.381685551976160644e-09	1.418731361090926013e+00	7.068486938691152410e+00	2.963766222330322941e-01	1.530058255574886193e-02	2.952334021532992871e-03	4.800992984329370272e-01	8.794704725788424216e-02	-3.041979944725485205e-02	-2.316304135223928775e-03
2.494508135230316413e-09	1.418663530467508149e+00	7.032379717726154666e+00	2.978841028036045002e-01	1.486258772088337558e-02	2.860768090819733756e-03	4.767851206398254771e-01	8.708989723143503725e-02	-3.035601733628361804e-02	-2.286944357642364898e-03
2.612675225563326382e-09	1.418300626182313007e+00	6.996362855628530220e+00	2.993409993796792290e-01	1.444142935307475908e-02	2.773363732854928262e-03	4.735825870367395551e-01	8.626529948653431645e-02	-3.028510861221048872e-02	-2.258022003777854485e-03
2.736439997074666368e-09	1.417649395329556583e+00	6.960449905127940262e+00	3.007473157570685895e-01	1.403662109115344503e-02	2.689958883040961205e-03	4.704902248654765362e-01	8.547273213537959213e-02	-3.020734563135864248e-02	-2.229555065232809857e-03
2.866067616948244470e-09	1.416716917730125758e+00	6.924654582659530710e+00	3.021031129660766701e-01	1.364767858785240554e-02	2.610395719045313472e-03	4.675064933863468664e-01	8.471166247788969317e-02	-3.012300503010189798e-02	-2.201559517923250362e-03
3.001835813575592210e-09	1.415510581094691300e+00	6.888990761809538732e+00	3.034085065573306483e-01	1.327411679542883291e-02	2.534519725626254230e-03	4.646297726563771158e-01	8.398154638714978859e-02	-3.003236676573885558e-02	-2.174049415417193213e-03
3.144035471591500167e-09	1.414038060328433488e+00	6.853472470072869527e+00	3.046636645552592282e-01	1.291546957622317394e-02	2.462183726888849192e-03	4.618584570218099428e-01	8.328183921711472537e-02	-2.993571342048161055e-02	-2.147037003890630083e-03
3.292971255097148186e-09	1.412307276290361902e+00	6.818113624030676334e+00	3.058688126323173551e-01	1.257125571966602462e-02	2.393240309660301778e-03	4.591907904274177832e-01	8.261197591003782703e-02	-2.983332860399325395e-02	-2.120532646794456594e-03
3.448962260405766611e-09	1.410326286574690613e+00	6.782927617015690025e+00	3.070242315854461168e-01	1.224100799574445904e-02	2.327548865709374443e-03	4.566250047923889888e-01	8.197138924697694451e-02	-2.972549364474869060e-02	-2.094544715285427509e-03
3.612342699709437910e-09	1.408103203437849560e+00	6.747928103935210586e+00	3.081302063707437866e-01	1.192429855098871803e-02	2.264981209573206557e-03	4.541594865870388631e-01	8.135954533847544745e-02	-2.961248726216795038e-02	-2.069080426365613005e-03
3.783462617131932968e-09	1.405646152931278703e+00	6.713129032527518802e+00	3.091870164908602781e-01	1.162065964797286306e-02	2.205401787557647198e-03	4.517924061343653319e-01	8.077589912497296076e-02	-2.949458477968729814e-02	-2.044146014304368611e-03
3.962688638701478467e-09	1.402963250649722271e+00	6.678544508924794343e+00	3.101949374404388560e-01	1.132967927481033817e-02	2.148691331477927020e-03	4.495221747211382013e-01	8.021995177954473200e-02	-2.937205731062061953e-02	-2.019746730051841677e-03
4.150404757850472502e-09	1.400062589203205254e+00	6.644188694275748652e+00	3.111542434870431806e-01	1.105094666743750530e-02	2.094733312134730054e-03	4.473471824547213260e-01	7.969121646075601195e-02	-2.924517136592996031e-02	-1.995886865944403524e-03
4.347013158125017173e-09	1.396952236594676044e+00	6.610075745148497717e+00	3.120652110007908764e-01	1.078406250082390889e-02	2.043416207926604909e-03	4.452658448536170877e-01	7.918922254403977512e-02	-2.911418864977111803e-02	-1.972569780827801694e-03
4.552935074866938773e-09	1.393640233844276821e+00	6.576219755893640162e+00	3.129281216662520015e-01	1.052864432246359595e-02	1.994634550598171126e-03	4.432766275562029512e-01	7.871351705111886976e-02	-2.897936591225903566e-02	-1.949797933038061818e-03
4.768611697714474181e-09	1.390134596587435212e+00	6.542634721382121654e+00	3.137432657424924498e-01	1.028431793790150588e-02	1.948286934965086500e-03	4.413780024712661287e-01	7.826365841959417868e-02	-2.884095491855924107e-02	-1.927572920519864553e-03
4.994505115855140358e-09	1.386443316857705055e+00	6.509334509320228612e+00	3.145109450063997558e-01	1.005072038275026808e-02	1.904276414633801354e-03	4.395684605519615817e-01	7.783921638853411040e-02	-2.869920242142338929e-02	-1.905895521037220645e-03
5.231099308056257792e-09	1.382574364960229563e+00	6.476332837561888489e+00	3.152314755528319301e-01	9.827501441676262176e-03	1.862510865766600068e-03	4.378465178571841476e-01	7.743977191273153371e-02	-2.855435017571116701e-02	-1.884765737023568312e-03
5.478901179593956120e-09	1.378535691714412925e+00	6.443643252697389912e+00	3.159051906814016042e-01	9.614318245062357729e-03	1.822901363448327459e-03	4.362106872912398514e-01	7.706491192707201621e-02	-2.840663495012554426e-02	-1.864182835667870007e-03
5.738441648302404521e-09	1.374335155128599162e+00	6.411278561347616645e+00	3.165324534589823990e-01	9.410838898128220595e-03	1.785363394378341496e-03	4.346594866037091776e-01	7.671422748775438838e-02	-2.825628593034186162e-02	-1.844145054349432449e-03
6.010276782070388176e-09	1.369980491895166574e+00	6.379250680536846296e+00	3.171136594678595211e-01	9.216735566236132840e-03	1.749814803928562536e-03	4.331914024133259877e-01	7.638730745254151966e-02	-2.810352385366246888e-02	-1.824649579509438936e-03
6.294988990221888141e-09	1.365479407043836968e+00	6.347571356747660154e+00	3.176492236088848675e-01	9.031690643720217959e-03	1.716177197501580565e-03	4.318049329738022912e-01	7.608374749725442532e-02	-2.794856436626546453e-02	-1.805693056829858669e-03
6.593188271333541710e-09	1.360839582276322179e+00	6.316252215547159210e+00	3.181395807460767888e-01	8.855399038860657657e-03	1.684376181579203728e-03	4.304986000896344200e-01	7.580315054457867352e-02	-2.779161833652269917e-02	-1.787271663345640785e-03
6.905513520162316861e-09	1.356068685291662135e+00	6.285304795395392219e+00	3.185851873332670725e-01	8.687565118778330445e-03	1.654340490847692156e-03	4.292709334547655242e-01	7.554512385834023791e-02	-2.763289217678991175e-02	-1.769381168586118365e-03
7.232633896483518810e-09	1.351174362916230054e+00	6.254740517642774833e+00	3.189865224595263560e-01	8.527904123601671646e-03	1.626002501721567810e-03	4.281204778023948165e-01	7.530927998563491377e-02	-2.747258775000671269e-02	-1.752016958979247911e-03
7.575250258771920716e-09	1.346164243467756538e+00	6.224570700670232881e+00	3.193440888151988788e-01	8.376141775765490183e-03	1.599297758091155347e-03	4.270457910669210322e-01	7.509523511849945654e-02	-2.731090259491264494e-02	-1.735174096667740137e-03
7.934096665797492339e-09	1.341045933830254056e+00	6.194806554574448398e+00	3.196584133731009136e-01	8.232012197837673684e-03	1.574164519129369342e-03	4.260454341800000155e-01	7.490260759099985621e-02	-2.714802990432805055e-02	-1.718847345485911273e-03
8.309941949353386453e-09	1.335827014404942892e+00	6.165459165565735589e+00	3.199300480632885080e-01	8.095260790678198218e-03	1.550544428156040624e-03	4.251179858593041594e-01	7.473101933146299169e-02	-2.698415855914853070e-02	-1.703031206276665053e-03
8.703591361485183753e-09	1.330515038390833071e+00	6.136539502183672390e+00	3.201595703188335751e-01	7.965641467146181848e-03	1.528381745257673813e-03	4.242620289729881478e-01	7.458009353555954124e-02	-2.681947326696893993e-02	-1.687719958560864649e-03
9.115888299750837812e-09	1.325117523284494725e+00	6.108058388598744948e+00	3.203475834220426699e-01	7.842916491839201434e-03	1.507623197742164259e-03	4.234761501504123449e-01	7.444945402642283439e-02	-2.665415448020936814e-02	-1.672907679939167639e-03
9.547716114208065503e-09	1.319641923642912884e+00	6.080026379374824153e+00	3.204947174475469285e-01	7.726857414581845586e-03	1.488218231210850081e-03	4.227589443794755319e-01	7.433872542392272464e-02	-2.648837776027589130e-02	-1.658588217197611361e-03
1.000000000000000021e-08	1.314095420090054311e+00	6.052452735589549881e+00	3.206016329498910800e-01	7.617239822638736252e-03	1.470117996383955329e-03	4.221089857763211106e-01	7.424752881510351954e-02	-2.632230768378468477e-02	-1.644754709014494909e-03
