# Pressure Mass Radius Compactness k2 k3 h2 h3 j2 j3
9.999999999999999799e-13	1.091667304809594424e-01	4.097067311980012505e+01	3.934480881689208370e-03	4.247695419826302962e-04	6.167962919180009157e-05	9.891146865666734511e-01	3.281621694277532253e-01	-4.068933409960817932e-06	-3.188136905967386014e-07
1.047370897959448749e-12	1.122042053480435120e-01	3.749366828858431688e+01	4.418973900784209027e-03	5.550183167690115249e-04	7.193082507015456965e-05	9.879410107848738409e-01	3.275297225812983659e-01	-5.795593857986386060e-06	-4.179910494146738132e-07
1.096985797892381920e-12	1.155157884214101371e-01	3.455217490967375937e+01	4.936693814988035202e-03	7.334991973431060274e-04	8.515524817050451232e-05	9.867687954719778221e-01	3.268571284247908104e-01	-8.211145761055098135e-06	-5.609666503952438348e-07
1.148951000187311009e-12	1.191068080377286897e-01	3.204828306295805618e+01	5.487847738579901789e-03	9.721646526329017933e-04	1.016934974062972660e-04	9.856224780896609694e-01	3.261452703021103794e-01	-1.152743799473860037e-05	-7.670702778816417587e-07
1.203377840777590522e-12	1.229804560632397348e-01	2.990574248723595474e+01	6.072279381241245041e-03	1.284032127453315101e-03	1.256403155630143008e-04	9.845298004152250870e-01	3.253957959423188773e-01	-1.599344928473460340e-05	-1.062127214783866948e-06
1.260382929679727463e-12	1.271372199118053214e-01	2.806429439571151718e+01	6.689425449719250266e-03	1.682661814097160136e-03	1.586059537940615299e-04	9.835209940249697302e-01	3.246111666188645217e-01	-2.189253171589674191e-05	-1.479383467464163500e-06
1.320088400831416649e-12	1.315743020369842531e-01	2.647569664133639122e+01	7.338273831151924387e-03	2.181496822797458421e-03	2.029725582274606154e-04	9.826277140762889051e-01	3.237946882762255951e-01	-2.953632046653627597e-05	-2.060064281295076530e-06
1.382622173764653478e-12	1.362850258305557671e-01	2.510087983596522676e+01	8.017323932495537195e-03	2.793092156721048522e-03	2.623040276500881529e-04	9.818811989094750059e-01	3.229505046317885930e-01	-3.925498955633113741e-05	-2.853345615608922078e-06
1.448118227674535917e-12	1.412582365108258631e-01	2.390787368871547258e+01	8.724550534168295721e-03	3.528244414257736012e-03	3.380833773857978863e-04	9.813110773334446923e-01	3.220835493926005322e-01	-5.138369417896579427e-05	-3.915541330909365925e-06
1.516716888470924089e-12	1.464779156841641561e-01	2.287023479435871565e+01	9.457400117943074933e-03	4.395151587312084301e-03	4.349418609281695161e-04	9.809433528086252130e-01	3.211994372941671672e-01	-6.624595641362561091e-05	-5.308394844637257831e-06
1.588565129428052692e-12	1.519251765589902381e-01	2.196556405885311136e+01	1.021310095039027442e-02	5.399025293510766911e-03	5.540342977867566401e-04	9.807985808213163237e-01	3.203039437337579787e-01	-8.414240421835434010e-05	-7.097229347813374656e-06
1.663816886076127415e-12	1.575808352631721809e-01	2.117459636927208066e+01	1.098900807782796432e-02	6.542191930756025356e-03	6.985768315579688739e-04	9.808911826232784570e-01	3.194024838450259529e-01	-1.053458904653968147e-04	-9.349333894339580510e-06
1.742633386009647278e-12	1.634259119004662364e-01	2.048085740287089607e+01	1.178265110919184469e-02	7.824170295237888040e-03	8.704237643378987975e-04	9.812292730187388567e-01	3.184999988986977892e-01	-1.300952058279684323e-04	-1.213203697461249432e-05
1.825183494319046040e-12	1.694418899819118973e-01	1.987032041829551687e+01	1.259175171471758892e-02	9.241758803889553106e-03	1.071449439758831923e-03	9.818148856516364376e-01	3.176008472039927866e-01	-1.585905311106764728e-04	-1.551082481194515929e-05
1.911644075385703708e-12	1.756109550971200195e-01	1.933106630568147111e+01	1.341423867949805698e-02	1.078935019707252634e-02	1.302470928643363829e-03	9.826443402463101995e-01	3.167087719981793725e-01	-1.909911644676862434e-04	-1.954768074660220685e-05
2.002200371815584363e-12	1.819162120976743346e-01	1.885297181169118019e+01	1.424825966655562590e-02	1.245931603806337863e-02	1.564375192722404235e-03	9.837091290111059649e-01	3.158268826982351674e-01	-2.274153840394965644e-04	-2.429974004681776059e-05
2.097046401323230665e-12	1.883418868760294573e-01	1.842743435375032490e+01	1.509219053149327659e-02	1.424226730289860146e-02	1.857275967075323279e-03	9.849962740146317453e-01	3.149575998219649176e-01	-2.679422770840837222e-04	-2.981833640659560536e-05
2.196385372416542332e-12	1.948735126481951074e-01	1.804713495892067243e+01	1.594464236208550587e-02	1.612770245062371613e-02	2.180448237638222663e-03	9.864896552060504753e-01	3.141027468158188451e-01	-3.126151966697640529e-04	-3.614844592994687891e-05
2.300430119772921506e-12	2.014981065403727012e-01	1.770583672987861945e+01	1.680446727722300498e-02	1.810421862365240928e-02	2.533565448193531543e-03	9.881704443406934546e-01	3.132635072739590187e-01	-3.614466252115677608e-04	-4.332855977621963593e-05
2.409403560239526876e-12	2.082043352020753746e-01	1.739821522094472783e+01	1.767076308392653144e-02	2.016001370822794597e-02	2.915392270294247645e-03	9.900180715901514272e-01	3.124404992044353402e-01	-4.144240732859391543e-04	-5.139094146871042647e-05
2.523539170434765862e-12	2.149826729535232184e-01	1.711971635686987980e+01	1.854287746558047276e-02	2.228321252514552098e-02	3.324477168712334195e-03	9.920109288630880595e-01	3.116338099448009991e-01	-4.715167707905424527e-04	-6.036224644125357599e-05
2.643081486974102692e-12	2.218255524747459462e-01	1.686643784414139802e+01	1.942041188963433002e-02	2.446224111691380071e-02	3.759297938139186980e-03	9.941271344604706295e-01	3.108430612099218893e-01	-5.326828669897903240e-04	-7.026445093204813420e-05
2.768286630392061017e-12	2.287275101661574161e-01	1.663503032114259028e+01	2.030322561629310796e-02	2.668608776440240665e-02	4.218117490913436164e-03	9.963450917842711085e-01	3.100674560779983491e-01	-5.978769477254006594e-04	-8.111604559878470423e-05
2.899422853882880921e-12	2.356853270257632804e-01	1.642261501536119184e+01	2.119143998480551433e-02	2.894449461660137529e-02	4.699244560081094341e-03	9.986439132521643947e-01	3.093058144532699894e-01	-6.670576759425269741e-04	-9.293343861958314482e-05
3.036771118035460378e-12	2.426981675442336783e-01	1.622671512326111198e+01	2.208544328476365337e-02	3.122822873070763006e-02	5.200979180665160455e-03	1.001003989698512120e+00	3.085566454557155391e-01	-7.401954466393335062e-04	-1.057325238196750645e-04
3.180625692794118977e-12	2.497677181743244712e-01	1.604519860428323597e+01	2.298589635952571347e-02	3.352918791184898717e-02	5.721619897073944479e-03	1.003407248969260923e+00	3.078181800937784263e-01	-8.172799617693009928e-04	-1.195303720211543362e-04
3.331294787934670055e-12	2.568983287051923581e-01	1.587623045447987558e+01	2.389373922775324052e-02	3.584050313513743174e-02	6.259694456192513995e-03	1.005837397909230768e+00	3.070884034812426111e-01	-8.983277070154785859e-04	-1.343470169986587398e-04
3.489101213406766494e-12	2.640971591980101896e-01	1.571823288021187359e+01	2.481019888746543653e-02	3.815665681257247865e-02	6.813928739623893727e-03	1.008280194289668197e+00	3.063651001048257605e-01	-9.833893169690463738e-04	-1.502073091412917691e-04
3.654383070957261569e-12	2.713743359689303469e-01	1.556985207537240967e+01	2.573679849840082925e-02	4.047350181649723988e-02	7.383265522647718473e-03	1.010723511614840087e+00	3.056458700439481646e-01	-1.072556866059033200e-03	-1.671428197487239049e-04
3.827494478516314936e-12	2.787431283737135113e-01	1.542993040017495154e+01	2.667536912844998415e-02	4.278830118320223197e-02	7.966811008379110631e-03	1.013157453772344452e+00	3.049281509504637167e-01	-1.165971278799322842e-03	-1.851938219814970826e-04
4.008806328898464320e-12	2.862201902943896092e-01	1.529748066145862140e+01	2.762807258410382785e-02	4.509973906196251825e-02	8.564024208302404781e-03	1.015574370152994677e+00	3.042092218898123646e-01	-1.263830621795903036e-03	-2.044114834029073756e-04
4.198707084443905621e-12	2.938235980110978085e-01	1.517168846161535178e+01	2.859716567163664638e-02	4.740718792224141859e-02	9.174560848619056977e-03	1.017967973179474406e+00	3.034863863199108169e-01	-1.366369323250551200e-03	-2.248542968011490051e-04
4.397603609302712498e-12	3.015707453503175262e-01	1.505190426216191035e+01	2.958475636137210957e-02	4.970995013383235073e-02	9.797891665149513138e-03	1.020332370794915677e+00	3.027571331976219859e-01	-1.473830914023593550e-03	-2.465827600043243579e-04
4.605922041145112927e-12	3.094781876713502689e-01	1.493760865600362919e+01	3.059279824484753552e-02	5.200712593211919560e-02	1.043347691236938893e-02	1.022661790972606122e+00	3.020191170351781418e-01	-1.586463676511000627e-03	-2.696582743213977226e-04
4.824108704165373984e-12	3.175616080249841211e-01	1.482838443034867382e+01	3.162309630912538139e-02	5.429756685836224783e-02	1.108064601544508226e-02	1.024950450878871600e+00	3.012701325752272785e-01	-1.704517784060551521e-03	-2.941422804553875956e-04
5.052631065335679604e-12	3.258357706054376690e-01	1.472389478750986846e+01	3.267730934794708941e-02	5.657983604275126227e-02	1.173858496344980934e-02	1.027192448241302403e+00	3.005080992314652644e-01	-1.828242295665637044e-03	-3.200953220411788301e-04
5.291978735958436557e-12	3.343144566483072233e-01	1.462386609655220759e+01	3.375694921011043043e-02	5.885218681295106141e-02	1.240636671983488468e-02	1.029381700779959719e+00	2.997310526161513500e-01	-1.957881858376352927e-03	-3.475760095885649620e-04
5.542664520663095602e-12	3.430104080256553001e-01	1.452807353022371295e+01	3.486338114682695222e-02	6.111250355469012574e-02	1.308289324742935474e-02	1.031511799570913768e+00	2.989371224830557616e-01	-2.093673907844683432e-03	-3.766400825646930100e-04
5.805225516094907684e-12	3.519352049362626245e-01	1.443633037611355796e+01	3.599781454567750616e-02	6.335831833442652494e-02	1.376695313192794271e-02	1.033576042674474005e+00	2.981245419863228774e-01	-2.235843936338085571e-03	-4.073389863200149556e-04
6.080224261649427052e-12	3.610992020211041820e-01	1.434847786014827165e+01	3.716130286115748582e-02	6.558676084989321919e-02	1.445711188738044509e-02	1.035567302916779120e+00	2.972916319276461827e-01	-2.384602843035057117e-03	-4.397189487396071335e-04
6.368249944718585906e-12	3.705114007266694376e-01	1.426437767286724068e+01	3.835473459804774471e-02	6.779463651216323383e-02	1.515184670116426560e-02	1.037478193694837625e+00	2.964368184965622821e-01	-2.540142355270933339e-03	-4.738195884942651443e-04
6.669919663030115058e-12	3.801793325245301225e-01	1.418390534853579688e+01	3.957882659529763508e-02	6.997814677765437641e-02	1.584938320224437217e-02	1.039300446258389465e+00	2.955585812592521067e-01	-2.702630940126885765e-03	-5.096726581582666782e-04
6.985879746785234820e-12	3.901089293912851086e-01	1.410694478238199423e+01	4.083411615364965913e-02	7.213337566725766536e-02	1.654787561844267216e-02	1.041025951400261329e+00	2.946555524835007267e-01	-2.872209405433855892e-03	-5.473007341857996340e-04
7.316807143427207274e-12	4.003043858673443478e-01	1.403338364434088881e+01	4.212095267560685141e-02	7.425586050818465400e-02	1.724527557866473160e-02	1.042645812856498155e+00	2.937264390804241732e-01	-3.048986311134176206e-03	-5.867158918388379373e-04
7.663410868007462274e-12	4.107680149590831054e-01	1.396310954921371383e+01	4.343948911767851057e-02	7.634078309710058685e-02	1.793942246514473524e-02	1.044150745154036830e+00	2.927700598152416789e-01	-3.233033297897266491e-03	-6.279184198962660737e-04
8.026433522257174683e-12	4.214999820488961602e-01	1.389600761769446535e+01	4.478965858384251902e-02	7.838297658123995204e-02	1.862800774793990990e-02	1.045531099360610394e+00	2.917853746288243677e-01	-3.424378155355148508e-03	-6.708950657045234392e-04
8.406652885618316356e-12	4.324975907967785194e-01	1.383196239521926962e+01	4.617109006805770327e-02	8.037683845640952729e-02	1.930858022774251462e-02	1.046776820290873822e+00	2.907715405596539293e-01	-3.622989419757948523e-03	-7.156154343894231525e-04
8.804883581643446547e-12	4.437570219458987220e-01	1.377084970133311259e+01	4.758331940230043494e-02	8.231680191930262902e-02	1.997869286829981328e-02	1.047877956183649761e+00	2.897277861108673580e-01	-3.828805419183288570e-03	-7.620384995269996638e-04
9.221978823334340144e-12	4.552743252330673229e-01	1.371253583560903344e+01	4.902590494658714410e-02	8.419761719897393693e-02	2.063598182400602082e-02	1.048825005753659223e+00	2.886533431441266617e-01	-4.041751125416374879e-03	-8.101164518681753038e-04
9.658832241158709141e-12	4.670454850897805543e-01	1.365688093648146761e+01	5.049843161898003724e-02	8.601436213365280803e-02	2.127819043430441079e-02	1.049608935030698742e+00	2.875474562969847492e-01	-4.261740425949447561e-03	-8.597954379189521896e-04
1.011637979766206976e-11	4.790664242030927000e-01	1.360374195822609522e+01	5.200050767120266426e-02	8.776246476297264176e-02	2.190317632515773744e-02	1.050221238939470503e+00	2.864093930528190390e-01	-4.488676324379377996e-03	-9.110157678467547572e-04
1.059560179277614774e-11	4.913330332245239296e-01	1.355297470748880606e+01	5.353176597860883484e-02	8.943770556437787012e-02	2.250891975650170726e-02	1.050653949038973245e+00	2.852384487921919565e-01	-4.722452490411237040e-03	-9.637125166557616082e-04
1.109752496412069864e-11	5.038411555019485233e-01	1.350443578867525218e+01	5.509185935817886848e-02	9.103626561482902613e-02	2.309353715104858068e-02	1.050899757841361470e+00	2.840339647184385030e-01	-4.962952881532461252e-03	-1.017815597950627420e-03
1.162322468679854125e-11	5.165866209051670488e-01	1.345798372233991103e+01	5.668046317730910527e-02	9.255469916249205176e-02	2.365528741349893355e-02	1.050951960494422632e+00	2.827953283919243388e-01	-5.210053714965206910e-03	-1.073250511435537352e-03
1.217382727739662020e-11	5.295652393007057590e-01	1.341348011613946589e+01	5.829727238789325638e-02	9.398998553136797551e-02	2.419257767497184214e-02	1.050804586822118969e+00	2.815219885027150371e-01	-5.463623623720301886e-03	-1.129938584776477494e-03
1.275051240713012859e-11	5.427728074857297580e-01	1.337079045422613532e+01	5.994200065629378543e-02	9.533945564710359644e-02	2.470395710943213904e-02	1.050452248312064407e+00	2.802134447404092121e-01	-5.723524494910161263e-03	-1.187797415430496412e-03
1.335451562929897339e-11	5.562051126247224975e-01	1.332978471511034080e+01	6.161437908686151488e-02	9.660080999032187588e-02	2.518811586151332646e-02	1.049890190845240934e+00	2.788692539778678259e-01	-5.989612153656876346e-03	-1.246741269866069807e-03
1.398713102647241439e-11	5.698580009559353066e-01	1.329033763993354178e+01	6.331416315001132944e-02	9.777219775250896305e-02	2.564391751280167137e-02	1.049114472683859045e+00	2.774890518595614086e-01	-6.261738344112859934e-03	-1.306681768749786993e-03
1.464971398307287854e-11	5.837292479630112885e-01	1.325232422984937308e+01	6.504136343688508848e-02	9.885224945368607796e-02	2.607041702016691526e-02	1.048121594477340546e+00	2.760723338923714021e-01	-6.539788943163919732e-03	-1.367536463037593870e-03
1.534368408930013065e-11	5.978191509617413191e-01	1.321562035534017987e+01	6.679631502436829404e-02	9.984009909616745060e-02	2.646686929962069681e-02	1.046908456999674941e+00	2.746184064374014300e-01	-6.823697437490997518e-03	-1.429231686339959466e-03
1.607052818261638620e-11	6.121287882189372365e-01	1.318010901285439118e+01	6.857945625561932823e-02	1.007351946623366995e-01	2.683266130312390516e-02	1.045472407429794082e+00	2.731265665928674924e-01	-7.113411156211467412e-03	-1.491695048026016237e-03
1.683180353330955093e-11	6.266599361201879992e-01	1.314568090914804088e+01	7.039131506754918444e-02	1.015372704088717826e-01	2.716729293200835504e-02	1.043811222124645166e+00	2.715961078748230229e-01	-7.408890128311665553e-03	-1.554855159613168772e-03
1.762914118095944293e-11	6.414150855856731726e-01	1.311223454604598082e+01	7.223250825881709358e-02	1.022463048033704358e-01	2.747036891107099144e-02	1.041923028631865922e+00	2.700263172282466595e-01	-7.710107872218970558e-03	-1.618641759651085182e-03
1.846424942895546448e-11	6.563974596972114162e-01	1.307967621777774347e+01	7.410374103250762234e-02	1.028625472294699972e-01	2.774160337096499840e-02	1.039806385982150472e+00	2.684164862017048847e-01	-8.017052153379783039e-03	-1.682985806791993579e-03
1.933891750455232057e-11	6.716110310040664944e-01	1.304791991456414024e+01	7.600580677916794758e-02	1.033864459884292486e-01	2.798079656243838281e-02	1.037460134443926485e+00	2.667658951899516406e-01	-8.329725697046954508e-03	-1.747819538282191021e-03
2.025501939230666486e-11	6.870605407265767406e-01	1.301688719601390609e+01	7.793958708113929434e-02	1.038186745897420882e-01	2.818784625556494672e-02	1.034883473098456186e+00	2.650738289323882890e-01	-8.648146878206886337e-03	-1.813076497403187052e-03
2.121451784910627571e-11	7.027515191520361526e-01	1.298650703068908641e+01	7.990605192511290866e-02	1.041600995706682825e-01	2.836273182436344423e-02	1.032075900376256294e+00	2.633395677992180217e-01	-8.972350396619659454e-03	-1.878691536315303841e-03
2.221946860939528424e-11	7.186901743141870247e-01	1.295671585766637968e+01	8.190624340578406271e-02	1.044117298058313270e-01	2.850550314366332577e-02	1.029037138700932275e+00	2.615623980179361818e-01	-9.302385171416755610e-03	-1.944600243028400460e-03
2.327202478960412005e-11	7.348805190302832857e-01	1.292746210641837301e+01	8.394091451247873148e-02	1.045747003816336618e-01	2.861626144398851657e-02	1.025767753864321952e+00	2.597419384483339866e-01	-9.638254811247057990e-03	-2.010727158321896739e-03
2.437444150122221807e-11	7.513234391511203203e-01	1.289870483945406754e+01	8.601041990493607514e-02	1.046502954335490898e-01	2.869517981784577842e-02	1.022269378348603874e+00	2.578782492194577336e-01	-9.979897768204619435e-03	-2.076982619515200211e-03
2.552908068239516723e-11	7.680186926574671391e-01	1.287040741512190856e+01	8.811497667686761515e-02	1.046399192439656650e-01	2.874250557671051420e-02	1.018544152268790581e+00	2.559715781099638487e-01	-1.032722844533174276e-02	-2.143271573657280077e-03
2.673841615839943880e-11	7.849649329264547504e-01	1.284253595003069037e+01	9.025467374924910080e-02	1.045450981310246941e-01	2.875857205641834530e-02	1.014594703819911459e+00	2.540223586022051228e-01	-1.068013753538285364e-02	-2.209494114194621422e-03
2.800503894183625342e-11	8.021596522226304149e-01	1.281505833095491198e+01	9.242946970115835381e-02	1.043675071344626337e-01	2.874380453218721571e-02	1.010424212076427741e+00	2.520312139575240917e-01	-1.103849070631985133e-02	-2.275545735666596563e-03
2.933166278390048099e-11	8.195991354324985156e-01	1.278794344740667199e+01	9.463919109922568074e-02	1.041086920631435625e-01	2.869863953949538735e-02	1.006035722956884593e+00	2.499988822826650636e-01	-1.140212755024269664e-02	-2.341317688038291149e-03
3.072112998861759207e-11	8.372784189400759303e-01	1.276116059525895530e+01	9.688353089447888922e-02	1.037710916447153464e-01	2.862383394203139170e-02	1.001434655630228709e+00	2.479264950798157896e-01	-1.177086053078147364e-02	-2.406697342334862891e-03
3.217641750250735458e-11	8.551912631693644462e-01	1.273467899935095637e+01	9.916204810145140547e-02	1.033561193429122504e-01	2.851988319414941811e-02	9.966240854538843674e-01	2.458150463219579418e-01	-1.214447455796647223e-02	-2.471568770027343046e-03
3.370064329271925032e-11	8.733301238590238658e-01	1.270846745709719805e+01	1.014741668988323881e-01	1.028660126094025351e-01	2.838758196202941300e-02	9.916092834600906958e-01	2.436658992138490687e-01	-1.252272616312571918e-02	-2.535813188465163223e-03
3.529707302730657668e-11	8.916861370292846756e-01	1.268249406401433177e+01	1.038191770639613071e-01	1.023029474453645421e-01	2.822775162036360655e-02	9.863955366925759582e-01	2.414805353769831353e-01	-1.290534330852382075e-02	-2.599309607842051600e-03
3.696912707195032437e-11	9.102491088369691896e-01	1.265672601758897464e+01	1.061962346630585252e-01	1.016691788153934600e-01	2.804128149301532771e-02	9.809884873328978960e-01	2.392605889717265566e-01	-1.329202522240650886e-02	-2.661935466947748952e-03
3.872038781812557004e-11	9.290075136171987991e-01	1.263112949160812626e+01	1.086043633510186956e-01	1.009670769143313079e-01	2.782913680603698106e-02	9.753942189384049444e-01	2.370078502608581605e-01	-1.368244247036078109e-02	-2.723567320811211452e-03
4.055460735840827506e-11	9.479485000095069225e-01	1.260566956636854741e+01	1.110424563062879649e-01	1.001990810951645383e-01	2.759234088292662410e-02	9.696191355112706578e-01	2.347242450385585155e-01	-1.407623725705594957e-02	-2.784081566512692108e-03
4.247571552536894126e-11	9.670579050273040433e-01	1.258031021249080794e+01	1.135092787278784293e-01	9.936772466472297560e-02	2.733197937046123391e-02	9.636700189961306950e-01	2.324118341756223893e-01	-1.447302393468926848e-02	-2.843355191827714405e-03
4.448782831127576069e-11	9.863202766648434539e-01	1.255501431603702045e+01	1.160034709983982365e-01	9.847567346885295614e-02	2.704920713357072265e-02	9.575541250455150699e-01	2.300728161380755366e-01	-1.487238975406482769e-02	-2.901266545913180114e-03
4.659525668664686662e-11	1.005718932746729299e+00	1.252974371300727796e+01	1.185235560150594836e-01	9.752559824662207499e-02	2.674520514568586374e-02	9.512788448013700382e-01	2.277094773625691626e-01	-1.527389641741736664e-02	-2.957696202415498101e-03
4.880251583654433574e-11	1.025237657866460816e+00	1.250445731239942582e+01	1.210681584717991782e-01	9.652022935550959304e-02	2.642119045044145909e-02	9.448515193660664835e-01	2.253240231293440754e-01	-1.567711552571608019e-02	-3.012532328590352033e-03
5.111433483440165318e-11	1.044862315917362894e+00	1.247911043182086388e+01	1.236362070702306803e-01	9.546217336124501740e-02	2.607835074644371948e-02	9.382786802726976738e-01	2.229183574707091220e-01	-1.608166222886911467e-02	-3.065675009630993830e-03
5.353566677410718816e-11	1.064579219813212907e+00	1.245365850504698280e+01	1.262267112262420998e-01	9.435411591502501638e-02	2.571789706153772628e-02	9.315669347584781823e-01	2.204943258902340442e-01	-1.648716190071792750e-02	-3.117031350749073591e-03
5.607169938205469661e-11	1.084374995668878627e+00	1.242805813027234052e+01	1.288387355273930002e-01	9.319864312121972638e-02	2.534100687363516000e-02	9.247225452180514171e-01	2.180536829439704838e-01	-1.689324777075417935e-02	-3.166515149446564887e-03
5.872786613189488850e-11	1.104236603090137825e+00	1.240226759492710329e+01	1.314713966105824916e-01	9.199854577142431433e-02	2.494891037013327942e-02	9.177522547718730550e-01	2.155981865724515834e-01	-1.729956171993164010e-02	-3.214046969922652961e-03
6.150985788580503926e-11	1.124151346099988125e+00	1.237624723860187181e+01	1.341238598793972336e-01	9.075652228019882861e-02	2.454279904225955752e-02	9.106625166808184346e-01	2.131295113421723952e-01	-1.770575483828921298e-02	-3.259554155084087943e-03
6.442363508721370414e-11	1.144106878807432448e+00	1.234995970532533605e+01	1.367953362183056687e-01	8.947531888305336467e-02	2.412386626305543236e-02	9.034598840991355795e-01	2.106492958383729130e-01	-1.811148784239913212e-02	-3.302970799450237038e-03
6.747544053110686101e-11	1.164091207424279961e+00	1.232337011840673746e+01	1.394850786860669378e-01	8.815769082377676591e-02	2.369329154901386389e-02	8.961509233921083339e-01	2.081591321993114252e-01	-1.851643137563181718e-02	-3.344237691055454084e-03
7.067181273927477085e-11	1.184092689434759871e+00	1.229644619185224741e+01	1.421923792423820387e-01	8.680640048712727486e-02	2.325224166867875461e-02	8.887422251248380256e-01	2.056605727594648658e-01	-1.892026620887140784e-02	-3.383302225401900627e-03
7.401959996915652408e-11	1.204100032129771902e+00	1.226915829740076092e+01	1.449165656504438071e-01	8.542418800043731497e-02	2.280185913118158714e-02	8.812403377344274480e-01	2.031551226531588539e-01	-1.932268341341411566e-02	-3.420118309374063463e-03
7.752597488629464062e-11	1.224102287302199388e+00	1.224147949988262596e+01	1.476569980916533353e-01	8.401379690770573172e-02	2.234326886733927278e-02	8.736518524694845134e-01	2.006442518681761655e-01	-1.972338433567501562e-02	-3.454646220292786202e-03
8.119844993184008328e-11	1.244088851985173383e+00	1.221338555348948063e+01	1.504130668281885852e-01	8.257792497095597928e-02	2.187756492038962428e-02	8.659832781368957955e-01	1.981293844929422343e-01	-2.012208098541305029e-02	-3.486852566287176793e-03
8.504489341802668113e-11	1.264049330595649723e+00	1.218485506387584572e+01	1.531841708928451395e-01	8.111927953557872273e-02	2.140582463095454940e-02	8.582412320276040507e-01	1.956119315279457316e-01	-2.051849288964842713e-02	-3.516709788362288019e-03
8.907354638610458163e-11	1.283971648247658859e+00	1.215587167224268583e+01	1.559694578106497753e-01	7.964063270038765352e-02	2.092913128522034746e-02	8.504329409059300238e-01	1.930935021015527664e-01	-2.091231020185000886e-02	-3.544193575263031391e-03
9.329304026284695888e-11	1.303841341190875136e+00	1.212642309965305643e+01	1.587677408809016200e-01	7.814486907729761844e-02	2.044859225958364779e-02	8.425664816176262617e-01	1.905759758204421395e-01	-2.130317931776450069e-02	-3.569282157089317259e-03
9.771241535346501225e-11	1.323642330422547753e+00	1.209649836922853972e+01	1.615776217033159934e-01	7.663485652866787456e-02	1.996530101192468820e-02	8.346502503031533182e-01	1.880613657389083593e-01	-2.169071819303699036e-02	-3.591957764966153578e-03
1.023411402105452712e-10	1.343356975040850942e+00	1.206608690276118345e+01	1.643975044887277248e-01	7.511343213792087692e-02	1.948033272311905026e-02	8.266928985569581556e-01	1.855517979815101692e-01	-2.207451753582921616e-02	-3.612207006754168497e-03
1.071891319205126445e-10	1.362966144180414174e+00	1.203517796772241510e+01	1.672256091052829741e-01	7.358337767619012315e-02	1.899473688248829936e-02	8.187032402365741479e-01	1.830494891249960510e-01	-2.245414253474327382e-02	-3.630021283398370078e-03
1.122667773510811312e-10	1.382449314342242053e+00	1.200376031771349261e+01	1.700599853420159124e-01	7.204743080817718748e-02	1.850953474059726864e-02	8.106902618966635998e-01	1.805567288666760084e-01	-2.282913519123426840e-02	-3.645397202581467967e-03
1.175849554052158201e-10	1.401784683155894884e+00	1.197182197513804525e+01	1.728985277378635999e-01	7.050822093167109783e-02	1.802570557149411196e-02	8.026629091915292724e-01	1.780758492193668108e-01	-2.319901701013815654e-02	-3.658336951125963458e-03
1.231550603292826197e-10	1.420949297972766701e+00	1.193935010738957914e+01	1.757389912766937623e-01	6.896833761116841210e-02	1.754419842813345273e-02	7.946302668173209627e-01	1.756092244522834134e-01	-2.356329208383168422e-02	-3.668848620538238143e-03
1.289890261253308184e-10	1.439919194233135302e+00	1.190633098931852274e+01	1.785790072953392649e-01	6.743025533619928513e-02	1.706591164885321726e-02	7.866013104767111130e-01	1.731592321937138468e-01	-2.392145037156136189e-02	-3.676946462339425806e-03
1.350993521198024986e-10	1.458669542146499243e+00	1.187275002606164698e+01	1.814160996831537809e-01	6.589637161669613385e-02	1.659170153265312336e-02	7.785849982739388997e-01	1.707282504522571187e-01	-2.427297116982304534e-02	-3.682651069540111410e-03
1.414991297434578731e-10	1.477174821445591757e+00	1.183859185489805910e+01	1.842477034563906324e-01	6.436897740935944301e-02	1.612237237764566761e-02	7.705901561022326929e-01	1.683186306505381202e-01	-2.461732716804711577e-02	-3.685989515535545435e-03
1.482020705798860072e-10	1.495409488295209144e+00	1.180384049756281861e+01	1.870712441374428048e-01	6.285025533048578528e-02	1.565867255676464675e-02	7.626253779101191954e-01	1.659326401993859723e-01	-2.495399819522549009e-02	-3.686995825808010718e-03
1.552225357427047968e-10	1.513348808443159221e+00	1.176847988212795570e+01	1.898842331019873209e-01	6.134224009492814794e-02	1.520128030708703219e-02	7.546987936197026015e-01	1.635723842561486452e-01	-2.528248822416678809e-02	-3.685711419884226715e-03
1.625755666443793407e-10	1.530969076479095747e+00	1.173249467386805556e+01	1.926842815108860962e-01	5.984683647897413167e-02	1.475080783668177541e-02	7.468181105581093160e-01	1.612398042394042053e-01	-2.560233022754666854e-02	-3.682184904670221352e-03
1.702769172225897821e-10	1.548247710764065532e+00	1.169587086710470381e+01	1.954691016131692993e-01	5.836583807031816423e-02	1.430780763402645685e-02	7.389906740054472678e-01	1.589366876190393962e-01	-2.591308831812474955e-02	-3.676471623750128537e-03
1.783430876931905687e-10	1.565163325849298959e+00	1.165859620082453141e+01	1.982365074087628354e-01	5.690089882239091068e-02	1.387276586439580364e-02	7.312233775407498415e-01	1.566646607003516212e-01	-2.621435958185755130e-02	-3.668633206053296524e-03
1.867913599020784805e-10	1.581695774997936343e+00	1.162066046845098022e+01	2.009844128240957928e-01	5.545357145370928553e-02	1.344611482256030145e-02	7.235227887641918487e-01	1.544252083342741444e-01	-2.650577447177893814e-02	-3.658736856740570087e-03
1.956398343517064725e-10	1.597826197414187854e+00	1.158205573379027697e+01	2.037108317470133489e-01	5.402530547505992459e-02	1.302823458346024851e-02	7.158951450215879087e-01	1.522196781697862933e-01	-2.678699814902280735e-02	-3.646854905322914012e-03
2.049074689815846066e-10	1.613537078572350403e+00	1.154277639965955160e+01	2.064138821744696539e-01	5.261741778036644474e-02	1.261944675695047570e-02	7.083462522141120710e-01	1.500492710545469066e-01	-2.705773116550000412e-02	-3.633064097791803820e-03
2.146141197858401440e-10	1.628812952199841124e+00	1.150281763241359911e+01	2.090919027335839397e-01	5.123105615261679124e-02	1.222000549862277928e-02	7.008812353704753084e-01	1.479149613455450485e-01	-2.731772128152741563e-02	-3.617444322453063858e-03
2.247805833548729991e-10	1.643640527784951955e+00	1.146217539125097318e+01	2.117434703642883109e-01	4.986720076160283677e-02	1.183010046136157359e-02	6.935045197502015535e-01	1.458174939371585654e-01	-2.756676510642295033e-02	-3.600077730861421001e-03
2.354286414322420067e-10	1.658008197452344401e+00	1.142084804883409888e+01	2.143673084436502063e-01	4.852672528468487262e-02	1.144987627878291114e-02	6.862201281585939006e-01	1.437574683675358900e-01	-2.780469923193863713e-02	-3.581048626472430225e-03
2.465811075822603842e-10	1.671905991194148955e+00	1.137883663549742508e+01	2.169622753180460994e-01	4.721038403309714415e-02	1.107943126459659013e-02	6.790316453831150012e-01	1.417353450362411060e-01	-2.803139897045628728e-02	-3.560442966506725381e-03
2.582618760682674929e-10	1.685325533188385849e+00	1.133614492753806857e+01	2.195273556256117087e-01	4.591884258220996218e-02	1.071882761646997771e-02	6.719423263954110714e-01	1.397514663387318112e-01	-2.824677699212962273e-02	-3.538347853580574558e-03
2.704959730463131364e-10	1.698259989250558766e+00	1.129277947092400325e+01	2.220616516389813111e-01	4.465266909811268364e-02	1.036809157135910181e-02	6.649550710600269365e-01	1.378060628520920428e-01	-2.845078172673650568e-02	-3.514851050425411936e-03
2.833096101839318258e-10	1.710704008774778906e+00	1.124874954205534294e+01	2.245643751385970610e-01	4.341234204501646932e-02	1.002721769761786945e-02	6.580724530626238522e-01	1.358992650414928005e-01	-2.864339561763668690e-02	-3.490040520922531916e-03
2.967302408188872501e-10	1.722653809167424832e+00	1.120406641200127140e+01	2.270348722688839693e-01	4.219823908768510073e-02	9.696167401311553760e-03	6.512966490860465640e-01	1.340310878271657735e-01	-2.882463537051472083e-02	-3.464003615165492985e-03
3.107866187782014063e-10	1.734106923870842865e+00	1.115874278189414071e+01	2.294726021553082085e-01	4.101065030165998437e-02	9.374875239510138680e-03	6.446294991827420384e-01	1.322014527411418672e-01	-2.899454607293778727e-02	-3.436826397395738308e-03
3.255088599835056406e-10	1.745061570524863992e+00	1.111279358780130266e+01	2.318770368919448599e-01	3.984980346061033768e-02	9.063258442046326011e-03	6.380726891796407729e-01	1.304102571566572444e-01	-2.915318969929426435e-02	-3.408593926082540207e-03
3.409285069746807543e-10	1.755516541447329271e+00	1.106623568943184743e+01	2.342476514653583086e-01	3.871585416421008397e-02	8.761215000111949661e-03	6.316277168607413728e-01	1.286573753165830281e-01	-2.930064247014076140e-02	-3.379389986965534044e-03
3.570785964900469852e-10	1.765471174835649970e+00	1.101908755065545975e+01	2.365839249362129693e-01	3.760893004368876663e-02	8.468636390760571342e-03	6.252960427118120501e-01	1.269426769430677393e-01	-2.943699370693128592e-02	-3.349296828917987939e-03
3.739937302478801677e-10	1.774925336948051768e+00	1.097136898741571365e+01	2.388853421725025128e-01	3.652908861667890361e-02	8.185397760922903318e-03	6.190789290026513791e-01	1.252660094733775709e-01	-2.956234495232626033e-02	-3.318394944805140492e-03
3.917101490809260641e-10	1.783879431582188424e+00	1.092310086576592809e+01	2.411514008310711998e-01	3.547633447868614454e-02	7.911362003995068073e-03	6.129774869430745232e-01	1.236271998227163743e-01	-2.967680953352356057e-02	-3.286762820233662605e-03
4.102658105827190344e-10	1.792334422567396279e+00	1.087430465151117076e+01	2.433816240759318072e-01	3.445061076387540000e-02	7.646378941382129917e-03	6.069926248645011180e-01	1.220260454379044207e-01	-2.978051218959042873e-02	-3.254476589112820228e-03
4.297004704320835313e-10	1.800291749926855589e+00	1.082500251364442434e+01	2.455755472048426757e-01	3.345181760245041075e-02	7.390289782542464395e-03	6.011251220250045657e-01	1.204623279126909030e-01	-2.987358732400314035e-02	-3.221610063391926009e-03
4.500557675700488183e-10	1.807753304687121254e+00	1.077521725247773965e+01	2.477327159157056702e-01	3.247980875168907794e-02	7.142927188884263569e-03	5.953756108723045060e-01	1.189358131863880591e-01	-2.995617819676201291e-02	-3.188234663393602931e-03
4.713753134116729086e-10	1.814721425524604026e+00	1.072497218117034379e+01	2.498526887652204320e-01	3.153438433077054848e-02	6.904113480098785297e-03	5.897445396152071195e-01	1.174462462871384699e-01	-3.002843646644417705e-02	-3.154419321281966195e-03
4.937047852839003559e-10	1.821198894210354524e+00	1.067429102868064916e+01	2.519350392234748215e-01	3.061531473929225353e-02	6.673666952799599608e-03	5.842322542086473280e-01	1.159933605227149445e-01	-3.009052173035804342e-02	-3.120230402983461583e-03
5.170920242896755486e-10	1.827188878281011286e+00	1.062319830216877925e+01	2.539793396343515419e-01	2.972233845438553013e-02	6.451401462462310471e-03	5.788389998855075769e-01	1.145768842773200735e-01	-3.014260064229037223e-02	-3.085731952116720078e-03
5.415871378079465267e-10	1.832694867483216861e+00	1.057171972349807199e+01	2.559851416811811387e-01	2.885517533861889014e-02	6.237130017726505611e-03	5.735649858838821613e-01	1.131965564263712754e-01	-3.018484605012106831e-02	-3.050986003745312109e-03
5.672426068491988835e-10	1.837720736301654556e+00	1.051988155769569389e+01	2.579520007143910054e-01	2.801351209879140297e-02	6.030661053329024884e-03	5.684103010350222140e-01	1.118521068336851970e-01	-3.021743721281827319e-02	-3.016052160069733479e-03
5.941133984965039838e-10	1.842270749532009866e+00	1.046771043722767125e+01	2.598794812834128165e-01	2.719701778915322929e-02	5.831802486276542116e-03	5.633749642430240234e-01	1.105432605062357521e-01	-3.024055952045491547e-02	-2.980987495274181089e-03
6.222570836730231313e-10	1.846349560656329380e+00	1.041523328234890577e+01	2.617671596467336381e-01	2.640533619214721281e-02	5.640360534342549019e-03	5.584588879857383947e-01	1.092697339488443858e-01	-3.025440412647970034e-02	-2.945846518024073952e-03
6.517339604882420571e-10	1.849962213791939591e+00	1.036247723783967523e+01	2.636146265838550939e-01	2.563807772902205323e-02	5.456136572930167170e-03	5.536618383949800659e-01	1.080312275554551477e-01	-3.025916776715163042e-02	-2.910681163837552932e-03
6.826071834272379248e-10	1.853114142878708126e+00	1.030946961926835392e+01	2.654214897635336912e-01	2.489484247981623918e-02	5.278933992638419788e-03	5.489835205044072408e-01	1.068274370307206039e-01	-3.025505246354193850e-02	-2.875540785291038574e-03
7.149428986597561750e-10	1.855811170750733208e+00	1.025623786657618020e+01	2.671873760743847526e-01	2.417521118547566114e-02	5.108555318221270382e-03	5.444235367201935016e-01	1.056580468196887390e-01	-3.024226528057575095e-02	-2.840472159692816832e-03
7.488103857590030225e-10	1.858059506996851740e+00	1.020280950771092066e+01	2.689119336726967235e-01	2.347873883752599547e-02	4.944801004020585485e-03	5.399813547512747336e-01	1.045227266431989072e-01	-3.022101806585410569e-02	-2.805519506797026028e-03
7.842822061337681836e-10	1.859865743771228486e+00	1.014921212238423465e+01	2.705948338633632488e-01	2.280498256667421592e-02	4.787476058169900031e-03	5.356564163922448163e-01	1.034211434166119881e-01	-3.019152715877282053e-02	-2.770724510216644992e-03
8.214343584919422200e-10	1.861236850473860560e+00	1.009547331277548032e+01	2.722357727538755046e-01	2.215347475519316087e-02	4.636383653594151888e-03	5.314480232755892652e-01	1.023529481645859968e-01	-3.015401312468937375e-02	-2.736126356606974602e-03
8.603464416684491388e-10	1.862180167270963027e+00	1.004162067575862771e+01	2.738344728038900611e-01	2.152374537346701464e-02	4.491330024910806899e-03	5.273554244064788676e-01	1.013177849274367881e-01	-3.010870045367872866e-02	-2.701761773481446000e-03
9.011018251665036851e-10	1.862703394855734329e+00	9.987681778654776465e+00	2.753906838207213492e-01	2.091536656124751148e-02	4.352137215895886951e-03	5.233780012156601380e-01	1.003153163472812609e-01	-3.005581715522213926e-02	-2.667665068179596571e-03
9.437878277775391497e-10	1.862814588168698604e+00	9.933684131952290386e+00	2.769041847014602209e-01	2.032767517561271178e-02	4.218569288308101489e-03	5.195140962718483024e-01	9.934507368874273547e-02	-2.999559474429836295e-02	-2.633868226376128059e-03
9.884959046625586031e-10	1.862522138905369440e+00	9.879655172780285710e+00	2.783747832926337651e-01	1.976035510766686182e-02	4.090485398152287656e-03	5.157634609670507242e-01	9.840676682445159695e-02	-2.992826735095290708e-02	-2.600400887812852422e-03
1.035321843295661502e-09	1.861834768111875205e+00	9.825622239024639271e+00	2.798023180526241216e-01	1.921285245513587939e-02	3.967685991156668333e-03	5.121247928926713211e-01	9.749997260663703647e-02	-2.985407189991958268e-02	-2.567290493575522751e-03
1.084365968689608688e-09	1.860761510777665384e+00	9.771612551004151825e+00	2.811866583708463319e-01	1.868466729941522381e-02	3.849989694684443926e-03	5.085969610761841286e-01	9.662429049822175708e-02	-2.977324752593054139e-02	-2.534562314304004017e-03
1.135733358343102889e-09	1.859311698539580560e+00	9.717653188390480423e+00	2.825277047658381058e-01	1.817530434495516489e-02	3.737219748308418226e-03	5.051787977816416531e-01	9.577931542751216831e-02	-2.968603522093398936e-02	-2.502239530727721172e-03
1.189534067370320724e-09	1.857494946267759905e+00	9.663771074239345893e+00	2.838253894903393082e-01	1.768426422496143652e-02	3.629202105491307305e-03	5.018690597741950477e-01	9.496463386359020598e-02	-2.959267750849057035e-02	-2.470343307740631000e-03
1.245883364295008068e-09	1.855321134149528817e+00	9.609992950048242832e+00	2.850796767364057738e-01	1.721105698367461981e-02	3.525768125602331791e-03	4.986664857023971331e-01	9.417982970373424412e-02	-2.949341811297712460e-02	-2.438892876795292416e-03
1.304901978014401580e-09	1.852800389497579525e+00	9.556345361190507148e+00	2.862905625013525968e-01	1.675518348083622142e-02	3.426750541539316536e-03	4.955697148419392906e-01	9.342447607065505755e-02	-2.938850152197917606e-02	-2.407905607797777500e-03
1.366716356462010101e-09	1.849943062938384175e+00	9.502854530732930627e+00	2.874580769464656904e-01	1.631616450614984878e-02	3.331990130751704554e-03	4.925774116290009830e-01	9.269814883724925014e-02	-2.927817248506037542e-02	-2.377397039081148317e-03
1.431458937523481393e-09	1.846759578932053225e+00	9.449544433315212544e+00	2.885823222361901808e-01	1.589349720120388290e-02	3.241325385933989823e-03	4.896880396861660323e-01	9.200038786670318436e-02	-2.916267123542370943e-02	-2.347379899618944141e-03
1.499268432786047049e-09	1.843260336805799593e+00	9.396437048249133284e+00	2.896634537159785694e-01	1.548668014148665839e-02	3.154598661523075678e-03	4.868999876060823850e-01	9.133071897488465041e-02	-2.904223218572730275e-02	-2.317864449816184509e-03
1.570290124729377524e-09	1.839455752789790122e+00	9.343554158283584599e+00	2.907016342925896057e-01	1.509522549125129516e-02	3.071658436069039932e-03	4.842116644354999555e-01	9.068867947515475703e-02	-2.891708680161613962e-02	-2.288859641727699918e-03
1.644676177994662829e-09	1.835356239948398693e+00	9.290917346105224794e+00	2.916970326562322580e-01	1.471864962878040479e-02	2.992357084274838153e-03	4.816214602039217696e-01	9.007381423000297704e-02	-2.878746333456631487e-02	-2.260373213765636251e-03
1.722585965398783835e-09	1.830972195727555984e+00	9.238547946968163060e+00	2.926498240271269702e-01	1.435649923100647089e-02	2.916557223284843049e-03	4.791278628487905533e-01	8.948568960208495848e-02	-2.865358661931444173e-02	-2.232411747793893331e-03
1.804186409392068039e-09	1.826313991444709517e+00	9.186467008999128936e+00	2.935601909982835100e-01	1.400831361985021076e-02	2.844121815719164326e-03	4.767292898009751201e-01	8.892387130971886322e-02	-2.851567793233189541e-02	-2.204980728679213804e-03
1.889652339691211477e-09	1.821391964866698743e+00	9.134695267021767151e+00	2.944283244645226616e-01	1.367365528482319785e-02	2.774922050612045783e-03	4.744242248720097477e-01	8.838794173066001625e-02	-2.837395490911603230e-02	-2.178084604394422367e-03
1.979166867853557524e-09	1.816216413320116629e+00	9.083253122412710212e+00	2.952544244556498665e-01	1.335209753834882759e-02	2.708833894545116267e-03	4.722111632366433609e-01	8.787749207467028534e-02	-2.822863147216874216e-02	-2.151726845755953625e-03
2.072921779595369695e-09	1.810797588072312836e+00	9.032160626341498855e+00	2.960387010701035493e-01	1.304322297890245230e-02	2.645737661915072668e-03	4.700886044863276658e-01	8.739212116769849714e-02	-2.807991780725960229e-02	-2.125910006084974924e-03
2.171117945694509622e-09	1.805145689180348123e+00	8.981437471385191884e+00	2.967813752111075343e-01	1.274663006839376819e-02	2.585519483804433680e-03	4.680550829219774500e-01	8.693143865844499274e-02	-2.792802035357595455e-02	-2.100635783394429190e-03
2.273965752357932151e-09	1.799270859697757130e+00	8.931102980744393349e+00	2.974826792853028645e-01	1.246192319697413120e-02	2.528068787913896956e-03	4.661091226267927157e-01	8.649505914080615754e-02	-2.777314177649604227e-02	-2.075905076175243915e-03
2.381685551976160644e-09	1.793183183103914891e+00	8.881176111807375761e+00	2.981428579420149494e-01	1.218872222183490020e-02	2.473280470761696562e-03	4.642492813911187066e-01	8.608260696598026007e-02	-2.761548100928064645e-02	-2.051718043180734714e-03
2.494508135230316413e-09	1.786892674656429314e+00	8.831675439481996293e+00	2.987621684603967154e-01	1.192666191163633573e-02	2.421054684060462529e-03	4.624741491082158817e-01	8.569371578813597679e-02	-2.745523319856283881e-02	-2.028074154854874519e-03
2.612675225563326382e-09	1.780409279390342547e+00	8.782619167128672188e+00	2.993408812879994052e-01	1.167536211016576182e-02	2.371288813011350558e-03	4.607822104540857944e-01	8.532800981781601957e-02	-2.729258976748231980e-02	-2.004972253711199016e-03
2.736439997074666368e-09	1.773742866437790333e+00	8.734025120769880246e+00	2.998792804982097215e-01	1.143452577722332657e-02	2.323903805547940845e-03	4.591722988426056307e-01	8.498516506998163300e-02	-2.712773839738364182e-02	-1.982410598845330517e-03
2.866067616948244470e-09	1.766903234224396213e+00	8.685910822268601450e+00	3.003776633353962833e-01	1.120377069663021016e-02	2.278798490155279927e-03	4.576428193414282530e-01	8.466480323830896659e-02	-2.696086332914921987e-02	-1.960386955804463947e-03
3.001835813575592210e-09	1.759900128889578363e+00	8.638293680357657323e+00	3.008363378287027268e-01	1.098278902836592914e-02	2.235892654753875858e-03	4.561924902161054729e-01	8.436659324698891904e-02	-2.679214596007558138e-02	-1.938898730322334389e-03
3.144035471591500167e-09	1.752743219878137415e+00	8.591190904771393022e+00	3.012556225751809036e-01	1.077126773083592927e-02	2.195105430587721007e-03	4.548199758786785063e-01	8.409020103349267028e-02	-2.662176441012921793e-02	-1.917942973064681303e-03
3.292971255097148186e-09	1.745442091535785112e+00	8.544619463850569474e+00	3.016358477397679816e-01	1.056890497257172157e-02	2.156359697684898189e-03	4.535239629324017696e-01	8.383529946609150074e-02	-2.644989354489078043e-02	-1.897516414584540876e-03
3.448962260405766611e-09	1.738006233552264357e+00	8.498596062670184637e+00	3.019773551320475979e-01	1.037540819703438102e-02	2.119581505241505907e-03	4.523031520357169710e-01	8.360156700495849358e-02	-2.627670478159122025e-02	-1.877615479779077374e-03
3.612342699709437910e-09	1.730445039249853822e+00	8.453137130417445633e+00	3.022804992888480924e-01	1.019050924199542928e-02	2.084704085036037397e-03	4.511563286367921699e-01	8.338869680875690693e-02	-2.610236621394006890e-02	-1.858236325172968502e-03
3.783462617131932968e-09	1.722767794187977763e+00	8.408258794372130751e+00	3.025456473320567441e-01	1.001393248207762057e-02	2.051659183347928368e-03	4.500822149545365969e-01	8.319637629280933477e-02	-2.592704241046992625e-02	-1.839374850983198579e-03
3.962688638701478467e-09	1.714983681182367770e+00	8.363976876062723775e+00	3.027731808754099974e-01	9.845412589980265597e-03	2.020381774516159454e-03	4.490795519587952866e-01	8.302429745735617761e-02	-2.575089476182615758e-02	-1.821026751701421923e-03
4.150404757850472502e-09	1.707101772546636864e+00	8.320306882993744324e+00	3.029634958372675047e-01	9.684700606824220293e-03	1.990811778042696559e-03	4.481471289129058122e-01	8.287216107498754369e-02	-2.557408124328617097e-02	-1.803187514063849363e-03
4.347013158125017173e-09	1.699131026312601600e+00	8.277263985464538010e+00	3.031170034529931390e-01	9.531560939956338144e-03	1.962892889901797153e-03	4.472837692045971703e-01	8.273967348290606205e-02	-2.539675656057213682e-02	-1.785852453259895644e-03
4.552935074866938773e-09	1.691080280829681426e+00	8.234863004026770739e+00	3.032341305859327374e-01	9.385756307203846002e-03	1.936568949757929044e-03	4.464882599625425441e-01	8.262653774608395840e-02	-2.521907206913366270e-02	-1.769016724636559949e-03
4.768611697714474181e-09	1.682958262890153600e+00	8.193118429750411380e+00	3.033153212161415202e-01	9.247064314638736224e-03	1.911787872241839381e-03	4.457594291873541725e-01	8.253246234089535449e-02	-2.504117607473394305e-02	-1.752675358679268340e-03
4.994505115855140358e-09	1.674773533332839959e+00	8.152044196733436721e+00	3.033610358108012051e-01	9.115269256965987180e-03	1.888499906963289707e-03	4.450961083996617385e-01	8.245715721081470218e-02	-2.486321276948156786e-02	-1.736823196248475339e-03
5.231099308056257792e-09	1.666534463909300934e+00	8.111653579713609119e+00	3.033717516311783546e-01	8.990162975513828897e-03	1.866657366821261382e-03	4.444971369207544321e-01	8.240033289983471343e-02	-2.468532182379017115e-02	-1.721454875173525530e-03
5.478901179593956120e-09	1.658249294279933617e+00	8.071959509683196643e+00	3.033479619233651059e-01	8.871544290343421485e-03	1.846214805610602635e-03	4.439613604636644673e-01	8.236170122525458825e-02	-2.450763979852760288e-02	-1.706564978513243781e-03
5.738441648302404521e-09	1.649926138216229576e+00	8.032974615239275806e+00	3.032901760370004807e-01	8.759219223992757014e-03	1.827128767894736858e-03	4.434876325396476804e-01	8.234097451532801371e-02	-2.433030032334269205e-02	-1.692148063705595142e-03
6.010276782070388176e-09	1.641572979562572643e+00	7.994711201306586190e+00	3.031989199748255648e-01	8.653005586848432767e-03	1.809358993124043783e-03	4.430748359243034118e-01	8.233786812029797453e-02	-2.415343414110158321e-02	-1.678198676750835379e-03
6.294988990221888141e-09	1.633197672688036839e+00	7.957181238289225966e+00	3.030747373346739937e-01	8.552720849886759694e-03	1.792865343493165592e-03	4.427218250584883941e-01	8.235209252034121630e-02	-2.397716914873287974e-02	-1.664711353612976065e-03
6.593188271333541710e-09	1.624807937045392947e+00	7.920396341723989764e+00	3.029181894814353959e-01	8.458200922913635192e-03	1.777612551797641896e-03	4.424275144947973915e-01	8.238336442462169951e-02	-2.380163036788605913e-02	-1.651680630303511196e-03
6.905513520162316861e-09	1.616411352687788794e+00	7.884367746408433852e+00	3.027298560502905134e-01	8.369273477416760629e-03	1.763563125040901788e-03	4.421907532453548395e-01	8.243138944116648603e-02	-2.362693992740751842e-02	-1.639101044224314328e-03
7.232633896483518810e-09	1.608015373061106867e+00	7.849106336592733157e+00	3.025103364845876941e-01	8.285793955731623681e-03	1.750687385492022971e-03	4.420104926441735804e-01	8.249588514807255912e-02	-2.345321737049351971e-02	-1.626967152921010053e-03
7.575250258771920716e-09	1.599627285509554131e+00	7.814622503476042148e+00	3.022602483535741791e-01	8.207599221037390966e-03	1.738950075094110358e-03	4.418855704717731259e-01	8.257654970420136298e-02	-2.328057893580443363e-02	-1.615273498385807202e-03
7.934096665797492339e-09	1.591254080553013095e+00	7.780925607741744798e+00	3.019802235442449190e-01	8.134547087438661131e-03	1.728322127895750215e-03	4.418149003267938801e-01	8.267309131578236270e-02	-2.310913490640535001e-02	-1.604014435532144815e-03
8.309941949353386453e-09	1.582902409078044359e+00	7.748023907474657079e+00	3.016709027894904360e-01	8.066494990338419352e-03	1.718774375468166710e-03	4.417973769951818452e-01	8.278521542066061278e-02	-2.293898896780342117e-02	-1.593184143183993618e-03
8.703591361485183753e-09	1.574578761755478062e+00	7.715925352220761368e+00	3.013329386467497595e-01	8.003307342164499294e-03	1.710279415649114615e-03	4.418319082043136725e-01	8.291262762464442215e-02	-2.277024196747565524e-02	-1.582776908228116994e-03
9.115888299750837812e-09	1.566289477588477030e+00	7.684637597524713648e+00	3.009669963833454531e-01	7.944853981499978499e-03	1.702811165617091043e-03	4.419174065624361103e-01	8.305503202648562011e-02	-2.260299214079793811e-02	-1.572787133454353007e-03
9.547716114208065503e-09	1.558040737377912821e+00	7.654167971206523369e+00	3.005737538235598305e-01	7.891011934229873875e-03	1.696345369129730399e-03	4.420527979220839621e-01	8.321213223885799704e-02	-2.243733500669423467e-02	-1.563209328898290196e-03
1.000000000000000021e-08	1.549838572404695025e+00	7.624523490294965455e+00	3.001539020841605399e-01	7.841660035502620238e-03	1.690858039034347747e-03	4.422369955867979652e-01	8.338362715363503708e-02	-2.227336356536262219e-02	-1.554038120631164770e-03
