# Pressure Mass Radius Compactness k2 k3 h2 h3 j2 j3
9.999999999999999799e-13	5.157383038785988916e+00	3.548151319176711258e+05	2.146334911133866488e-05	-1.046859846278901151e-07	-1.713438563612850680e-18	-1.889401624898805751e-06	3.376918579834563561e-01	5.359310041214307701e-09	-2.907775558795907086e-07
1.047370897959448749e-12	4.331946252520548768e+00	2.703417345587164164e+05	2.366138699069597116e-05	7.576683970733743246e-08	3.406966483580712518e-18	5.033937852065379800e-06	3.359593110377305236e-01	-2.689250869536059398e-08	-1.976245125887801995e-07
1.096985797892381920e-12	4.731052620185974611e+00	2.104958582042768539e+05	3.318825807494582125e-05	-4.908389250229793534e-07	-1.122734229207292245e-16	-1.113794884065446780e-04	3.352361116169302324e-01	5.214924824086408778e-08	-1.974504472406065294e-07
1.148951000187311009e-12	6.925444955313673212e+00	2.097401296818423725e+05	4.875693362975870750e-05	-8.176044974253575439e-06	-1.994141802086850044e-15	-6.744439419212763754e-04	3.357818545626415352e-01	2.748130210111168415e-07	-3.398815577271958179e-07
1.203377840777590522e-12	1.555641489400853494e+01	3.761251888253606739e+05	6.107272998609847932e-05	-9.460177989996016893e-06	-8.857304275301133251e-15	-4.441532612725562442e-04	3.433612303477918681e-01	-9.167771727406219380e-06	-1.434191041163571562e-06
1.260382929679727463e-12	8.507700663144827924e-02	6.516496177642243310e+02	1.927828033910388740e-04	1.076380457283304487e-06	5.663039986310527343e-14	1.054704557203227644e+00	3.330765137329909642e-01	-5.999067806897600393e-10	-4.105868639777880291e-11
1.320088400831416649e-12	8.624922501765000526e-02	2.301077947631419818e+02	5.534700261626715554e-04	4.822595167717652201e-06	3.697925428654651847e-11	9.995319547472925059e-01	3.325964482734262706e-01	-8.994229165386875033e-09	-5.790645352837824060e-10
1.382622173764653478e-12	8.781999368155608832e-02	1.381993690397538899e+02	9.383342663835263263e-04	1.195238400238699696e-05	-8.463856056853780486e-09	9.970403625381517587e-01	3.320851373222254987e-01	-3.682907129728890860e-08	-2.483731132539876612e-09
1.448118227674535917e-12	8.966191990451960470e-02	9.842783565690008629e+01	1.345117842946174725e-03	2.231204843357073486e-05	8.760405444762058830e-08	9.960157719359497008e-01	3.315456554787827859e-01	-9.704034178153233306e-08	-6.692344724908180396e-09
1.516716888470924089e-12	9.171753139013774647e-02	7.640907847800191632e+01	1.772464844734855053e-03	3.660468875873405787e-05	3.479669892882325483e-07	9.947675545510813455e-01	3.309799073358590249e-01	-2.079531814455978591e-07	-1.420753679088823513e-08
1.588565129428052692e-12	9.395522369926152806e-02	6.250745966188260638e+01	2.219521297372639874e-03	5.639016444213661844e-05	2.183727480798432841e-06	9.934740336843598252e-01	3.303891421927027117e-01	-3.967141612785505067e-07	-2.624826125704450427e-08
1.663816886076127415e-12	9.635594077046644168e-02	5.297669007714482348e+01	2.685739647941422226e-03	8.413802371397144657e-05	7.599782460158361246e-06	9.921417239996288551e-01	3.297742297874584616e-01	-7.020498077059663378e-07	-4.443007817410760893e-08
1.742633386009647278e-12	9.890772573401293566e-02	4.606089711295823719e+01	3.170794225462299654e-03	1.232380219732442028e-04	1.400826926635469536e-05	9.907754943909768963e-01	3.291357868933481035e-01	-1.176508137191502354e-06	-7.104935884731289638e-08
1.825183494319046040e-12	1.016031100332257658e-01	4.082952173936612184e+01	3.674539700695611446e-03	1.779712724398941248e-04	1.612997360271673164e-05	9.893883967771816002e-01	3.284742486628400293e-01	-1.888211806855120026e-06	-1.093999377321928655e-07
1.911644075385703708e-12	1.044375382314758349e-01	3.674451232555685465e+01	4.196955587208663248e-03	2.534379812415936948e-04	2.744080733981154859e-05	9.879908560205840073e-01	3.277899581584673427e-01	-2.922165732098945250e-06	-1.641661010593297725e-07
2.002200371815584363e-12	1.074085544945953125e-01	3.347356407739930972e+01	4.738131948221536473e-03	3.554611566139418170e-04	3.413058408571149199e-05	9.865929106375392887e-01	3.270832015453363217e-01	-4.381217865402485900e-06	-2.418538930003332002e-07
2.097046401323230665e-12	1.105152358424285469e-01	3.080067021895714419e+01	5.298247270331660555e-03	4.904686999454197470e-04	4.413523332261856707e-05	9.852087637611767201e-01	3.263542518389007663e-01	-6.386686093244115357e-06	-3.512510318045788682e-07
2.196385372416542332e-12	1.137578500230020939e-01	2.857950703607587428e+01	5.877557372261122369e-03	6.653637311731238702e-04	5.589370964652497610e-05	9.838516926877977076e-01	3.256033964305486417e-01	-9.078742427009305353e-06	-5.039230140486571755e-07
2.300430119772921506e-12	1.171376085425894914e-01	2.670754529075421146e+01	6.476384352210545411e-03	8.873842023593046194e-04	7.174326642455646917e-05	9.825361113802079105e-01	3.248309609297347356e-01	-1.261656543255939539e-05	-7.146862718010915495e-07
2.409403560239526876e-12	1.206563993801845064e-01	2.511091575024358846e+01	7.095092226650498608e-03	1.163962469385176716e-03	9.407370392741117157e-05	9.812767625844842634e-01	3.240373485571618195e-01	-1.717819751223538833e-05	-1.002117816922726083e-06
2.523539170434765862e-12	1.243167465417100853e-01	2.373506134954623903e+01	7.734095176429292041e-03	1.502584270823271529e-03	1.214701477793180803e-04	9.800883977872720809e-01	3.232230323594676991e-01	-2.296037438824729578e-05	-1.389004826174056688e-06
2.643081486974102692e-12	1.281216300924914731e-01	2.253887101645754854e+01	8.393837018919315246e-03	1.910649085664827386e-03	1.562934291398995626e-04	9.789855824062699829e-01	3.223885813533940992e-01	-3.017800260320294991e-05	-1.902812953603801608e-06
2.768286630392061017e-12	1.320744694483970416e-01	2.149078151797331060e+01	9.074796623664971654e-03	2.395349463058442895e-03	2.004666958133866192e-04	9.779826234771493709e-01	3.215346504874392886e-01	-3.906367331511290857e-05	-2.576057255365685983e-06
2.899422853882880921e-12	1.361789925644412980e-01	2.056618842325245566e+01	9.777471115169848737e-03	2.963535543617487177e-03	2.553437630611666057e-04	9.770931908817620526e-01	3.206619940327741780e-01	-4.986679883056105959e-05	-3.446680801216038391e-06
3.036771118035460378e-12	1.404391712261706116e-01	1.974563898599398470e+01	1.050236966160267640e-02	3.621600718163444938e-03	3.227725345583885809e-04	9.763300899588682746e-01	3.197714626465334997e-01	-6.285262667524990155e-05	-4.558329463237451167e-06
3.180625692794118977e-12	1.448592730546239549e-01	1.901354115402830303e+01	1.125002603336719767e-02	4.375401694483433551e-03	4.051991588421474102e-04	9.757051379519282586e-01	3.188639740794452782e-01	-7.830147691954897273e-05	-5.960583486852832338e-06
3.331294787934670055e-12	1.494437506282989825e-01	1.835726798633095669e+01	1.202098196814299462e-02	5.230120962943252474e-03	5.039961214347192043e-04	9.752289503523328129e-01	3.179405164603338885e-01	-9.650739390490144318e-05	-7.709107327969616847e-06
3.489101213406766494e-12	1.541971742670299184e-01	1.776649026959112376e+01	1.281577894482569327e-02	6.190240553211240337e-03	6.215512815131847514e-04	9.749108308624707675e-01	3.170021391947361322e-01	-1.177766716060892017e-04	-9.865668125709362710e-06
3.654383070957261569e-12	1.591243042496987836e-01	1.723266729409449027e+01	1.363497197060173360e-02	7.259443643665762155e-03	7.601102916995110476e-04	9.747585611897850999e-01	3.160499167042089552e-01	-1.424268562734937009e-04	-1.249815967302990257e-05
3.827494478516314936e-12	1.642299721967285797e-01	1.674868591534940521e+01	1.447911161539141948e-02	8.440569730974539775e-03	9.213805495603124771e-04	9.747783993536104363e-01	3.150849439557096288e-01	-1.707848490927789398e-04	-1.568042284073573503e-05
4.008806328898464320e-12	1.695191350881062597e-01	1.630856772114804443e+01	1.534875456500951925e-02	9.735562902687950118e-03	1.107561239145713828e-03	9.749748648143963248e-01	3.141083035006593249e-01	-2.031857084437083876e-04	-1.949207199095794296e-05
4.198707084443905621e-12	1.749968363043621911e-01	1.590725395168796830e+01	1.624445771333951974e-02	1.114546086829266633e-02	1.320489474644972626e-03	9.753507850844486127e-01	3.131210463151106183e-01	-2.399709579040768274e-04	-2.401815588394232671e-05
4.397603609302712498e-12	1.806681592898582711e-01	1.554043576338181865e+01	1.716677291854762366e-02	1.267038885085667102e-02	1.562032132176966728e-03	9.759072449865272558e-01	3.121241768756794488e-01	-2.814867683226370747e-04	-2.934876390208076950e-05
4.605922041145112927e-12	1.865382222244379162e-01	1.520441935394986466e+01	1.811624682496790206e-02	1.430952760140067996e-02	1.833704449801103068e-03	9.766435284194541211e-01	3.111186276422731600e-01	-3.280822806824172438e-04	-3.557849551549377350e-05
4.824108704165373984e-12	1.926122212746352313e-01	1.489601669971248654e+01	1.909342871993650534e-02	1.606115408308148723e-02	2.136857220862285311e-03	9.775571678628603989e-01	3.101052300686543695e-01	-3.801083887569355383e-04	-4.280596707950168523e-05
5.052631065335679604e-12	1.988953451848992082e-01	1.461246441365777216e+01	2.009885827487423171e-02	1.792264478915709530e-02	2.472728635846128346e-03	9.786439650655063272e-01	3.090847075133654198e-01	-4.379155306202709048e-04	-5.113307803754712729e-05
5.291978735958436557e-12	2.053928040539380606e-01	1.435135320756021926e+01	2.113307069457734041e-02	1.989052342434379991e-02	2.842199456746706543e-03	9.798980626339488520e-01	3.080576527482359328e-01	-5.018523505321061682e-04	-6.066435586963985513e-05
5.542664520663095602e-12	2.121097578845195786e-01	1.411057381291130142e+01	2.219658735452467377e-02	2.196046652291014020e-02	3.245890056285065557e-03	9.813119607578794090e-01	3.070245195484102019e-01	-5.722635087284226076e-04	-7.150606935027074102e-05
5.805225516094907684e-12	2.190514267935662618e-01	1.388826762579169660e+01	2.328993329154594935e-02	2.412739642138660504e-02	3.684156857289137312e-03	9.828766442449066165e-01	3.059855940632996152e-01	-6.494893188213334305e-04	-8.376560538856316789e-05
6.080224261649427052e-12	2.262229749788161048e-01	1.368279311430358014e+01	2.441362019645203912e-02	2.638552207003522915e-02	4.157048530915352473e-03	9.845817025559631119e-01	3.049410012841441975e-01	-7.338632185736059009e-04	-9.755045900015054999e-05
6.368249944718585906e-12	2.336294812961691170e-01	1.349269442536156483e+01	2.556814349226230187e-02	2.872833546032165647e-02	4.664277963312409535e-03	9.864152994214706593e-01	3.038906950011392993e-01	-8.257100115615322294e-04	-1.129672851534157364e-04
6.669919663030115058e-12	2.412760846028396411e-01	1.331667205711667634e+01	2.675400518343033773e-02	3.114882699225589302e-02	5.205278132079561512e-03	9.883645480810702155e-01	3.028344438213443901e-01	-9.253463882811886277e-04	-1.301213202409942551e-04
6.985879746785234820e-12	2.491677928787311980e-01	1.315356586314880438e+01	2.797168549483661226e-02	3.363939929228119269e-02	5.779145908352649463e-03	9.904153877562795749e-01	3.017718422059794681e-01	-1.033077466376696677e-03	-1.491151201403747109e-04
7.316807143427207274e-12	2.573095514541501316e-01	1.300233450724741502e+01	2.922165492698297964e-02	3.619198377086378648e-02	6.384670222104833065e-03	9.925527711108033113e-01	3.007023048517952213e-01	-1.149196515784434375e-03	-1.700478168237582290e-04
7.663410868007462274e-12	2.657061965008500892e-01	1.286204071590088560e+01	3.050436842721366421e-02	3.879816307318437185e-02	7.020368983059932858e-03	9.947609234007186441e-01	2.996250809251577163e-01	-1.273983322028701031e-03	-1.930141457379343673e-04
8.026433522257174683e-12	2.743625486370259714e-01	1.273183697151961091e+01	3.182027983350230876e-02	4.144917231333652280e-02	7.684463839439891614e-03	9.970232817796810254e-01	2.985392363506753077e-01	-1.407704667860552742e-03	-2.181038691938711567e-04
8.406652885618316356e-12	2.832832232904365366e-01	1.261095679170359674e+01	3.316981525631251121e-02	4.413605379939981171e-02	8.374902860636536037e-03	9.993228769856529192e-01	2.974437000416215726e-01	-1.550610745882058817e-03	-2.454004683551715962e-04
8.804883581643446547e-12	2.924728350963060053e-01	1.249870242133760456e+01	3.455340430747338293e-02	4.684959317679085467e-02	9.089407962094550597e-03	1.001642096234292234e+00	2.963372248987029556e-01	-1.702937597825073153e-03	-2.749809820933918803e-04
9.221978823334340144e-12	3.019358080098109021e-01	1.239443910710802044e+01	3.597145277732363700e-02	4.958057672351742079e-02	9.825472315524552691e-03	1.003963285554307916e+00	2.952184512603435174e-01	-1.864903564735116530e-03	-3.069147521429718565e-04
9.658832241158709141e-12	3.116764018748489073e-01	1.229758719183008431e+01	3.742434827887073517e-02	5.231967215155539086e-02	1.058039617705701721e-02	1.006268461775909451e+00	2.940858913111306094e-01	-2.036709123715088349e-03	-3.412628362388781650e-04
1.011637979766206976e-11	3.216986577358351695e-01	1.220761614054478095e+01	3.891245389468579730e-02	5.505756054693679985e-02	1.135128896952960001e-02	1.008539592969397880e+00	2.929379570572754887e-01	-2.218535446385977872e-03	-3.780772140555626552e-04
1.059560179277614774e-11	3.320065846273267951e-01	1.212403785286268665e+01	4.043613599377853668e-02	5.778507212895979406e-02	1.213514739503568710e-02	1.010758810414710274e+00	2.917729596337447218e-01	-2.410547413363834345e-03	-4.174009448991614730e-04
1.109752496412069864e-11	3.426038169845680992e-01	1.204640452584673582e+01	4.199571591729739373e-02	6.049309402194928686e-02	1.292881411591825791e-02	1.012908309705646159e+00	2.905891509371938963e-01	-2.612887155362630682e-03	-4.592664569910254830e-04
1.162322468679854125e-11	3.534939221886125860e-01	1.197430222317484549e+01	4.359151580020285272e-02	6.317274952111814890e-02	1.372907711774619573e-02	1.014970616836631478e+00	2.893847150632902765e-01	-2.825679503668724127e-03	-5.036963116676232248e-04
1.217382727739662020e-11	3.646802261229074582e-01	1.190734855826341665e+01	4.522383456374897553e-02	6.581533816175499929e-02	1.453263443190857054e-02	1.016928502917727295e+00	2.881577902355247911e-01	-3.049028726013567041e-03	-5.507022513827034178e-04
1.275051240713012859e-11	3.761657746104615230e-01	1.184518973639351636e+01	4.689294324479253984e-02	6.841264403097933877e-02	1.533621280192627549e-02	1.018765662220640245e+00	2.869065355511584703e-01	-3.283017665899487514e-03	-6.002847848841297773e-04
1.335451562929897339e-11	3.879533395235419957e-01	1.178749734570947716e+01	4.859908825384419429e-02	7.095644566812192577e-02	1.613644662754940007e-02	1.020465616250699759e+00	2.856290523910898771e-01	-3.527707868002217563e-03	-6.524330395961382232e-04
1.398713102647241439e-11	4.000454696425655432e-01	1.173396585917583934e+01	5.034249914010704291e-02	7.343911968126856649e-02	1.693005922068070018e-02	1.022013016557193010e+00	2.843234907459116778e-01	-3.783140734938413019e-03	-7.071249004265432779e-04
1.464971398307287854e-11	4.124442825063485696e-01	1.168431102536786703e+01	5.212336120287067165e-02	7.585325155339266157e-02	1.771377524078083729e-02	1.023392841736297632e+00	2.829880223497996949e-01	-4.049333327549232975e-03	-7.643260638576813634e-04
1.534368408930013065e-11	4.251517695234505734e-01	1.163826699648975094e+01	5.394185903865326287e-02	7.819202518042633887e-02	1.848443507005517739e-02	1.024591158375896649e+00	2.816208692206814690e-01	-4.326285027765441882e-03	-8.239914779240506415e-04
1.607052818261638620e-11	4.381693947477297013e-01	1.159558572406862709e+01	5.579812221835592223e-02	8.044891357527021725e-02	1.923893097499003446e-02	1.025594552328058517e+00	2.802203150415349953e-01	-4.613969249273034388e-03	-8.860636372062029266e-04
1.683180353330955093e-11	4.514984768082968003e-01	1.155603442792497582e+01	5.769227931946113719e-02	8.261778602218584899e-02	1.997427527440709047e-02	1.026390242075057913e+00	2.787846905326830660e-01	-4.912342037304745328e-03	-9.504745651125627364e-04
1.762914118095944293e-11	4.651397533085227520e-01	1.151939519217069652e+01	5.962439914013527992e-02	8.469327022295160268e-02	2.068765092851872905e-02	1.026967024788879801e+00	2.773124821289612574e-01	-5.221332862512018808e-03	-1.017144020933369612e-03
1.846424942895546448e-11	4.790936237905652484e-01	1.148546299310039842e+01	6.159452623488466394e-02	8.667012809048628419e-02	2.137633221770420325e-02	1.027313791775603669e+00	2.758022216413182903e-01	-5.540850364829263096e-03	-1.085980987300987121e-03
1.933891750455232057e-11	4.933601970492432764e-01	1.145404476817885353e+01	6.360268761008855409e-02	8.854379975652464096e-02	2.203779175816953512e-02	1.027420745333820218e+00	2.742525657053477839e-01	-5.870783956491989856e-03	-1.156884315079722246e-03
2.025501939230666486e-11	5.079389528575311008e-01	1.142495883569647930e+01	6.564884812622977239e-02	9.031014484221332184e-02	2.266966161207543268e-02	1.027278910712977167e+00	2.726623089762596486e-01	-6.210996573143993948e-03	-1.229741519753094420e-03
2.121451784910627571e-11	5.228291100060660224e-01	1.139803340168589152e+01	6.773296229792194478e-02	9.196554480861086900e-02	2.326977021393571154e-02	1.026880265831416228e+00	2.710303596928171355e-01	-6.561333681592875812e-03	-1.304431120709462384e-03
2.221946860939528424e-11	5.380292083574084172e-01	1.137310635150311100e+01	6.985491810891694686e-02	9.350686125206010557e-02	2.383613412292048817e-02	1.026217767591117935e+00	2.693557884341655773e-01	-6.921614106552863299e-03	-1.380821131199539689e-03
2.327202478960412005e-11	5.535374446038129337e-01	1.135002400428848368e+01	7.201458453471505650e-02	9.493146361397881983e-02	2.436698187071223085e-02	1.025285326550164688e+00	2.676378002358091313e-01	-7.291638484240613345e-03	-1.458771360931988706e-03
2.437444150122221807e-11	5.693514481772325997e-01	1.132864080750742630e+01	7.421178157298381761e-02	9.623717173057827479e-02	2.486073959255634749e-02	1.024077743018684261e+00	2.658757515147016637e-01	-7.671184617933074663e-03	-1.538132964056322617e-03
2.552908068239516723e-11	5.854683614768526612e-01	1.130881860264580929e+01	7.644629254323477563e-02	9.742233875893518968e-02	2.531605928180095250e-02	1.022590885989339116e+00	2.640691629976594790e-01	-8.060010037776139252e-03	-1.618749556308149776e-03
2.673841615839943880e-11	6.018847405355142177e-01	1.129042622479623859e+01	7.871785123575480991e-02	9.848571474282230565e-02	2.573178974796637430e-02	1.020821409602003849e+00	2.622177076348435332e-01	-8.457850288211386444e-03	-1.700457468359091147e-03
2.800503894183625342e-11	6.185965693478419070e-01	1.127333886309672373e+01	8.102614569567254121e-02	9.942647977617682931e-02	2.610699324298174778e-02	1.018766832404403244e+00	2.603212222782609331e-01	-8.864419958046862447e-03	-1.783086606135170617e-03
2.933166278390048099e-11	6.355993328836767597e-01	1.125743772569660273e+01	8.337082796432143672e-02	1.002443900111296415e-01	2.644096482039507215e-02	1.016425880491597988e+00	2.583797161632782613e-01	-9.279415188550193747e-03	-1.866461630418842811e-03
3.072112998861759207e-11	6.528878222516663055e-01	1.124260960811977128e+01	8.575148957644426750e-02	1.009395421500636075e-01	2.673319641699939755e-02	1.013797989002885425e+00	2.563933653029296100e-01	-9.702509656135786115e-03	-1.950401831296170833e-03
3.217641750250735458e-11	6.704562538466546373e-01	1.122874655028240554e+01	8.816767771648997831e-02	1.015124389381793779e-01	2.698338447041542451e-02	1.010883439749645785e+00	2.543625052446444323e-01	-1.013335822905231387e-02	-2.034722589052701241e-03
3.370064329271925032e-11	6.882983368742470187e-01	1.121574547630602758e+01	9.061890501159954037e-02	1.019639735624445764e-01	2.719141849344920703e-02	1.007683322219427691e+00	2.522876145800216352e-01	-1.057159940096186711e-02	-2.119236561624390260e-03
3.529707302730657668e-11	7.064070726410571766e-01	1.120350805536516603e+01	9.310462239688915842e-02	1.022955120299156445e-01	2.735741435141151451e-02	1.004199799940981075e+00	2.501693722998566960e-01	-1.101685115287346327e-02	-2.203753606032002495e-03
3.696912707195032437e-11	7.247747587623472043e-01	1.119194022673061006e+01	9.562422162565674399e-02	1.025085222483037850e-01	2.748160218655330486e-02	1.000435215357128316e+00	2.480085575022256128e-01	-1.146871182279347173e-02	-2.288081707514413345e-03
3.872038781812557004e-11	7.433932073506169802e-01	1.118095203954928785e+01	9.817706368554943164e-02	1.026052541523315709e-01	2.756450194880669807e-02	9.963937257894264210e-01	2.458061849318329550e-01	-1.192676627523799743e-02	-2.372028885157140710e-03
4.055460735840827506e-11	7.622535171005476728e-01	1.117045753605466629e+01	1.007624479893997060e-01	1.025877198868730550e-01	2.760666806796482561e-02	9.920788654615204649e-01	2.435633043991921598e-01	-1.239058111339683479e-02	-2.455403020728689698e-03
4.247571552536894126e-11	7.813461047991747677e-01	1.116037440640439193e+01	1.033796177407168004e-01	1.024588143644125371e-01	2.760895320143665413e-02	9.874963232242568445e-01	2.412812403619509216e-01	-1.285970623049182554e-02	-2.538012885299054198e-03
4.448782831127576069e-11	8.006608164432609254e-01	1.115062389136730303e+01	1.060277737607249471e-01	1.022212008902491226e-01	2.757223747528401298e-02	9.826511710653573761e-01	2.389613335032462760e-01	-1.333367835872768283e-02	-2.619669493172472295e-03
4.659525668664686662e-11	8.201868595870197565e-01	1.114113063925917935e+01	1.087060650409446411e-01	1.018783369417836232e-01	2.749764864131427552e-02	9.775504659741760527e-01	2.366051580479040239e-01	-1.381202025611364022e-02	-2.700186644171571372e-03
4.880251583654433574e-11	8.399127729190180025e-01	1.113182253727172188e+01	1.114135844093380179e-01	1.014326986609732500e-01	2.738621249274177105e-02	9.721987776491768374e-01	2.342141971035789638e-01	-1.429424055318151768e-02	-2.779381555301570824e-03
5.111433483440165318e-11	8.598264400100343874e-01	1.112263055869911632e+01	1.141493698884172292e-01	1.008887494383956390e-01	2.723940540828662799e-02	9.666057491969063387e-01	2.317903725861318875e-01	-1.477983526542197591e-02	-2.857075815720064131e-03
5.353566677410718816e-11	8.799152082681008791e-01	1.111348864971005312e+01	1.169124196184487818e-01	1.002499826677320793e-01	2.705858607057861492e-02	9.607785768288378270e-01	2.293354939813094795e-01	-1.526829110752837143e-02	-2.933096498032863701e-03
5.607169938205469661e-11	9.001657456426235271e-01	1.110433369057678910e+01	1.197016711197966959e-01	9.952054785697320161e-02	2.684530526207147896e-02	9.547262070398200295e-01	2.268515768267621024e-01	-1.575908295692939748e-02	-3.007276353177455296e-03
5.872786613189488850e-11	9.205641177765852001e-01	1.109510528588503853e+01	1.225160115125789734e-01	9.870369715757291995e-02	2.660093821931053606e-02	9.484552974054972774e-01	2.243404737299671547e-01	-1.625167643255142486e-02	-3.079454760036078476e-03
6.150985788580503926e-11	9.410958664587790734e-01	1.108574576994763916e+01	1.253542856236653791e-01	9.780466761155498512e-02	2.632738623140785592e-02	9.419777621380706067e-01	2.218045708974785701e-01	-1.674553057826523583e-02	-3.149478638695072785e-03
6.442363508721370414e-11	9.617460004435556264e-01	1.107620014222408500e+01	1.282152930359995724e-01	9.682696333893922591e-02	2.602614425633099568e-02	9.353010497607490148e-01	2.192458619867956593e-01	-1.724009832736232359e-02	-3.217202950934981969e-03
6.747544053110686101e-11	9.824988857676216769e-01	1.106641590499978101e+01	1.310977727550573790e-01	9.577538865376560018e-02	2.569905927414010277e-02	9.284361600349534394e-01	2.166667256028350086e-01	-1.773482455724969056e-02	-3.282490836314063028e-03
7.067181273927477085e-11	1.003338481579657548e+00	1.105634308196777660e+01	1.340004317873000339e-01	9.465422129489928227e-02	2.534786208930893750e-02	9.213927917419032498e-01	2.140694322165998253e-01	-1.822915244716352690e-02	-3.345214863598963608e-03
7.401959996915652408e-11	1.024248260424913459e+00	1.104593415580388438e+01	1.369219324604487031e-01	9.346799546888759358e-02	2.497435741072823873e-02	9.141814558766793164e-01	2.114563509234652638e-01	-1.872252221064709191e-02	-3.405257135537011377e-03
7.752597488629464062e-11	1.045211189009830122e+00	1.103514400325391520e+01	1.398608876963790826e-01	9.222108238386628187e-02	2.458031379923183296e-02	9.068123656027137214e-01	2.088298410048258225e-01	-1.921437124169350988e-02	-3.462509562046577147e-03
8.119844993184008328e-11	1.066209850824372696e+00	1.102392981447835751e+01	1.428158753674249881e-01	9.091834073086246804e-02	2.416761842989310904e-02	8.992972144541488966e-01	2.061924092035762324e-01	-1.970413765964590738e-02	-3.516874499426255254e-03
8.504489341802668113e-11	1.087226483726963844e+00	1.101225111908902576e+01	1.457854398644421734e-01	8.956389211037515952e-02	2.373797525704433170e-02	8.916458199131351847e-01	2.035463871086416743e-01	-2.019126165821972033e-02	-3.568265017867169701e-03
8.907354638610458163e-11	1.108243005108483281e+00	1.100006973416574496e+01	1.487680928409766956e-01	8.816243915642317519e-02	2.329321614320299313e-02	8.838697678173493832e-01	2.008942682263814006e-01	-2.067518670288932131e-02	-3.616605110530949577e-03
9.329304026284695888e-11	1.129240856028920437e+00	1.098734974043104096e+01	1.517622891568142507e-01	8.671773544303615355e-02	2.283493200547004331e-02	8.759781793964054319e-01	1.982383216046667007e-01	-2.115535636827345009e-02	-3.661829392511567211e-03
9.771241535346501225e-11	1.150201484065191071e+00	1.097405732633138875e+01	1.547664903262592762e-01	8.523558703151584703e-02	2.236518210485605521e-02	8.679861258917765943e-01	1.955813419210613857e-01	-2.163122583021860612e-02	-3.703884193403861672e-03
1.023411402105452712e-10	1.171105365745152893e+00	1.096016092145237231e+01	1.577790276071600883e-01	8.371904833505533494e-02	2.188535530696326253e-02	8.599011955901000315e-01	1.929254688281632213e-01	-2.210224004199655423e-02	-3.742725460309645567e-03
1.071891319205126445e-10	1.191933933072987450e+00	1.094563073906447848e+01	1.607983641210077863e-01	8.217268022398610539e-02	2.139716289640457639e-02	8.517352473604438146e-01	1.902731196819155979e-01	-2.256787795606296151e-02	-3.778322584859866457e-03
1.122667773510811312e-10	1.212667456887079886e+00	1.093043966432086656e+01	1.638227933167555883e-01	8.060068129791021774e-02	2.090220791377148113e-02	8.434994988685891038e-01	1.876267185358618805e-01	-2.302760490659788717e-02	-3.810654104575547131e-03
1.175849554052158201e-10	1.233286784123583057e+00	1.091456213105428397e+01	1.668506854850915211e-01	7.900690275484195668e-02	2.040197561331437079e-02	8.352042421888232759e-01	1.849885103779472517e-01	-2.348091189215778182e-02	-3.839710583869553918e-03
1.231550603292826197e-10	1.253772769318868718e+00	1.089797510050925489e+01	1.698803929545076030e-01	7.739535242301275042e-02	1.989795554223758312e-02	8.268604403695246630e-01	1.823607719210648126e-01	-2.392730337763386214e-02	-3.865493454429825594e-03
1.289890261253308184e-10	1.274105704473538658e+00	1.088065741605930015e+01	1.729101783250189261e-01	7.576977090764425160e-02	1.939154235644200905e-02	8.184785725604009077e-01	1.797457420522700633e-01	-2.436628431310819409e-02	-3.888013580416161807e-03
1.350993521198024986e-10	1.294266312242831063e+00	1.086258979912030931e+01	1.759383451029616074e-01	7.413375722316352390e-02	1.888405862742828858e-02	8.100688454921165516e-01	1.771455604771789982e-01	-2.479738260384607013e-02	-3.907292529466425274e-03
1.414991297434578731e-10	1.314235563497043735e+00	1.084375504538200197e+01	1.789632061520467499e-01	7.249083184742030617e-02	1.837677050567878070e-02	8.016414255465704741e-01	1.745623091286020445e-01	-2.522014513226263424e-02	-3.923361813695685693e-03
1.482020705798860072e-10	1.333994256622625496e+00	1.082413789076517752e+01	1.819830245122260326e-01	7.084433088514502375e-02	1.787086568490697802e-02	7.932061867332098615e-01	1.719980228300347358e-01	-2.563412841452172505e-02	-3.936261830885135794e-03
1.552225357427047968e-10	1.353523495564753487e+00	1.080372511694332260e+01	1.849960724765656594e-01	6.919735211913465023e-02	1.736743522164792622e-02	7.847724682807789565e-01	1.694546260136306770e-01	-2.603890933492646748e-02	-3.946042099835657402e-03
1.625755666443793407e-10	1.372804776939802629e+00	1.078250510189645972e+01	1.880006472418730146e-01	6.755302979574200062e-02	1.686754384892421438e-02	7.763499071957830067e-01	1.669340127701182674e-01	-2.643408646036371837e-02	-3.952760523859719100e-03
1.702769172225897821e-10	1.391819833997507416e+00	1.076046835825933101e+01	1.909950365927415017e-01	6.591412882887005831e-02	1.637212916625079701e-02	7.679472126789574915e-01	1.644379378329354491e-01	-2.681927707224066385e-02	-3.956482942800917078e-03
1.783430876931905687e-10	1.410550863925864373e+00	1.073760706135132459e+01	1.939775542314159107e-01	6.428361746463684412e-02	1.588214449719114324e-02	7.595739249418975714e-01	1.619681811271138916e-01	-2.719412143595991913e-02	-3.957282508205674058e-03
1.867913599020784805e-10	1.428980198422054038e+00	1.071391541573165362e+01	1.969464842090035139e-01	6.266364706874406887e-02	1.539830981266879922e-02	7.512372280881512987e-01	1.595262485947609166e-01	-2.755827596408799707e-02	-3.955239057341786851e-03
1.956398343517064725e-10	1.447090604867642183e+00	1.068938920700536599e+01	1.999001263674073936e-01	6.105690502173813372e-02	1.492144318741987080e-02	7.429462044636733209e-01	1.571137860272662778e-01	-2.791141907877871253e-02	-3.950438561098291654e-03
2.049074689815846066e-10	1.464865491688351673e+00	1.066402581321371379e+01	2.028368211500047869e-01	5.946548697772931907e-02	1.445218633497088144e-02	7.347081975612785865e-01	1.547321941440220339e-01	-2.825325518609814179e-02	-3.942972596329890299e-03
2.146141197858401440e-10	1.482288958066854123e+00	1.063782446737948639e+01	2.057549483389892464e-01	5.789150164760194922e-02	1.399115346018730936e-02	7.265307478228195670e-01	1.523828298753874544e-01	-2.858351556877994359e-02	-3.932937844640681246e-03
2.247805833548729991e-10	1.499345293373694377e+00	1.061078601407755606e+01	2.086528587945682411e-01	5.633685409878590872e-02	1.353888126119292060e-02	7.184209536163935761e-01	1.500669762133816920e-01	-2.890194743503786065e-02	-3.920435179366572702e-03
2.354286414322420067e-10	1.516019780383234705e+00	1.058291281858843824e+01	2.115289844745827930e-01	5.480326318080089992e-02	1.309583386972518887e-02	7.103854008283594368e-01	1.477857825579018125e-01	-2.920833001565996054e-02	-3.905569283070839566e-03
2.465811075822603842e-10	1.532298210913901837e+00	1.055420888234009880e+01	2.143817660807278147e-01	5.329235689791603919e-02	1.266242713440671359e-02	7.024305463802514859e-01	1.455403401551660925e-01	-2.950246424031951684e-02	-3.888447954988218883e-03
2.582618760682674929e-10	1.548166971713388795e+00	1.052467994242211269e+01	2.172096597879846491e-01	5.180553093321681180e-02	1.223899954450699025e-02	6.945622227561049078e-01	1.433316336367264909e-01	-2.978417421382101304e-02	-3.869181663513242796e-03
2.704959730463131364e-10	1.563613133816259326e+00	1.049433285639131697e+01	2.200111594829383954e-01	5.034409112359736899e-02	1.182584502243849353e-02	6.867860850598995759e-01	1.411605743497967858e-01	-3.005330784893727597e-02	-3.847882628752369999e-03
2.833096101839318258e-10	1.578624713942097690e+00	1.046317605906629389e+01	2.227848219317512535e-01	4.890919147191235411e-02	1.142319993420920325e-02	6.791073665458849939e-01	1.390279660551700380e-01	-3.030974206425212508e-02	-3.824664540617659769e-03
2.967302408188872501e-10	1.593190088637461921e+00	1.043121948667453402e+01	2.255291833777299526e-01	4.750189272959382675e-02	1.103126275851677544e-02	6.715311519447384470e-01	1.369345789361803012e-01	-3.055337054058273813e-02	-3.799642079158510252e-03
3.107866187782014063e-10	1.607298815482733456e+00	1.039847409477675910e+01	2.282428835688477819e-01	4.612305366577432175e-02	1.065016427653587942e-02	6.640618646281519766e-01	1.348810341908909805e-01	-3.078411877261483243e-02	-3.772929980960593524e-03
3.255088599835056406e-10	1.620941226988028339e+00	1.036495222101417291e+01	2.309245993417929632e-01	4.477339831973688178e-02	1.027998968367976884e-02	6.567035490697245015e-01	1.328678722554714753e-01	-3.100193582270488121e-02	-3.744642845147836113e-03
3.409285069746807543e-10	1.634108070191465423e+00	1.033066777616562426e+01	2.335729869326910180e-01	4.345362033423563752e-02	9.920805199882105213e-03	6.494602881331518196e-01	1.308956240784939773e-01	-3.120678716960597482e-02	-3.714895030416887067e-03
3.570785964900469852e-10	1.646791399502530728e+00	1.029563519939784833e+01	2.361868310517930558e-01	4.216420734114949970e-02	9.572614800480987174e-03	6.423354221455929158e-01	1.289646617790211336e-01	-3.139866982860867878e-02	-3.683799179203373683e-03
3.739937302478801677e-10	1.658983906485494320e+00	1.025987056095393690e+01	2.387649238096919424e-01	4.090557507395980313e-02	9.235396502403394811e-03	6.353321302493942779e-01	1.270753191122010184e-01	-3.157760030814475011e-02	-3.651466870362331599e-03
3.917101490809260641e-10	1.670679047834784381e+00	1.022339089224333364e+01	2.413060967343262642e-01	3.967806342247667123e-02	8.909102869645212086e-03	6.284533783116539318e-01	1.252278744964105406e-01	-3.174361560103374641e-02	-3.618007797130341676e-03
4.102658105827190344e-10	1.681871182083708227e+00	1.018621414002592118e+01	2.438092409387287995e-01	3.848185888875905319e-02	8.593643272871556715e-03	6.217016013038687561e-01	1.234225096551467837e-01	-3.189677504396037921e-02	-3.583529353655124945e-03
4.297004704320835313e-10	1.692555530047305412e+00	1.014835925637201264e+01	2.462732989983208165e-01	3.731709362295246302e-02	8.288908353946357679e-03	6.150790643138777103e-01	1.216593533635532409e-01	-3.203715903410696980e-02	-3.548136443160162991e-03
4.500557675700488183e-10	1.702728046453592325e+00	1.010984615406324494e+01	2.486972470040443306e-01	3.618380581813722408e-02	7.994763732434299192e-03	6.085877215411106267e-01	1.199384789903897713e-01	-3.216486595401970433e-02	-3.511931297272410501e-03
4.713753134116729086e-10	1.712385622186328504e+00	1.007069539405385861e+01	2.510801315669108358e-01	3.508197100875743574e-02	7.711056351286857229e-03	6.022292901567684043e-01	1.182598958930046462e-01	-3.228001484606121685e-02	-3.475012906736247697e-03
4.937047852839003559e-10	1.721526090274070553e+00	1.003092829924443308e+01	2.534210686115792588e-01	3.401141998759382723e-02	7.437598749424789712e-03	5.960049248837521185e-01	1.166235214510043944e-01	-3.238274494272459780e-02	-3.437476889444937480e-03
5.170920242896755486e-10	1.730147845702237674e+00	9.990567313958928608e+00	2.557191787627137725e-01	3.297206126153451322e-02	7.174217788615241780e-03	5.899161234293841538e-01	1.150292985724942624e-01	-3.247320874146581576e-02	-3.399415929697473769e-03
5.415871378079465267e-10	1.738250315320308159e+00	9.949635062383265449e+00	2.579736806931370308e-01	3.196362660759462931e-02	6.920703766762917319e-03	5.839636528275824467e-01	1.134770589158136528e-01	-3.255157845981957593e-02	-3.360918570692417433e-03
5.672426068491988835e-10	1.745833648412169703e+00	9.908155152332119187e+00	2.601838262173502003e-01	3.098570260873146145e-02	6.676810578628049157e-03	5.781477046436849232e-01	1.119665518844467911e-01	-3.261804105281647381e-02	-3.322069971842322306e-03
5.941133984965039838e-10	1.752898619231496591e+00	9.866151784264415525e+00	2.623488962927822965e-01	3.003810170263532253e-02	6.442346973750037037e-03	5.724693611978087793e-01	1.104976146016603128e-01	-3.267279542659886488e-02	-3.282951667488692021e-03
6.222570836730231313e-10	1.759446939179792002e+00	9.823649461587901754e+00	2.644682564013876580e-01	2.912028737510287402e-02	6.217048218195167855e-03	5.669282612730880411e-01	1.090699077873176215e-01	-3.271605677863902856e-02	-3.243640980976820066e-03
6.517339604882420571e-10	1.765480948108789194e+00	9.780673306533975264e+00	2.665413036205089292e-01	2.823192713282942842e-02	6.000690937431335178e-03	5.615248405758510586e-01	1.076831546174218807e-01	-3.274805135521453858e-02	-3.204211576669013968e-03
6.826071834272379248e-10	1.771003684713236437e+00	9.737248808808693923e+00	2.685674851321262491e-01	2.737251601454666547e-02	5.793021055655350748e-03	5.562588027478811981e-01	1.063369964189714578e-01	-3.276901656577829031e-02	-3.164733166194589643e-03
7.149428986597561750e-10	1.776018933604154970e+00	9.693401837484215022e+00	2.705463067411318367e-01	2.654154281721349262e-02	5.593785998087538389e-03	5.511297703367222800e-01	1.050310490995543244e-01	-3.277920139537725958e-02	-3.125271497777058500e-03
7.488103857590030225e-10	1.780531084643724338e+00	9.649158629414078092e+00	2.724773136364716519e-01	2.573847525625311966e-02	5.402732268818238003e-03	5.461372372273796127e-01	1.037649076748367455e-01	-3.277886351286399963e-02	-3.085888532745230048e-03
7.842822061337681836e-10	1.784545168280524896e+00	9.604545624979261120e+00	2.743601021414576735e-01	2.496275990013739621e-02	5.219605837961764638e-03	5.412805532397569896e-01	1.025381416120413475e-01	-3.276826914378537514e-02	-3.046642329202402331e-03
8.214343584919422200e-10	1.788066825511650748e+00	9.559589579224065048e+00	2.761943140064248570e-01	2.421388205555125364e-02	5.044167399489915549e-03	5.365591766675177343e-01	1.013503285019421579e-01	-3.274769235126184092e-02	-3.007587226301428485e-03
8.603464416684491388e-10	1.791102266345386829e+00	9.514317384057592975e+00	2.779796371367564412e-01	2.349108323526926181e-02	4.876124190650432851e-03	5.319714772132929648e-01	1.002009153199949210e-01	-3.271741358777137398e-02	-2.968773819043444683e-03
9.011018251665036851e-10	1.793658253446404949e+00	9.468756145596138651e+00	2.797158029955268410e-01	2.279388968187502293e-02	4.715257279460694645e-03	5.275169611285976945e-01	9.908947796841834077e-02	-3.267771927759971495e-02	-2.930249137525748823e-03
9.437878277775391497e-10	1.795742078409620301e+00	9.422932877714160327e+00	2.814025942039565242e-01	2.212163862552522439e-02	4.561306546557807040e-03	5.231942643986192687e-01	9.801548461870167317e-02	-3.262890051968849597e-02	-2.892056526017070667e-03
9.884959046625586031e-10	1.797361444312648215e+00	9.376875166236180448e+00	2.830398086807232594e-01	2.147379936508181028e-02	4.414049122464998830e-03	5.190025454861956211e-01	9.697847319623374707e-02	-3.257125207599063238e-02	-2.854236405631292023e-03
1.035321843295661502e-09	1.798524557266288459e+00	9.330610244413868770e+00	2.846273036001121803e-01	2.084954504703544209e-02	4.273199344843681483e-03	5.149395973436668994e-01	9.597782186710704377e-02	-3.250507176678383431e-02	-2.816825521376200257e-03
1.084365968689608688e-09	1.799240046876814159e+00	9.284165312106537726e+00	2.861649761057908914e-01	2.024843256536917532e-02	4.138563551850492871e-03	5.110048040245716017e-01	9.501308467356277265e-02	-3.243065988591491144e-02	-2.779857471080483377e-03
1.135733358343102889e-09	1.799516948427094309e+00	9.237567720669479954e+00	2.876527571780862491e-01	1.966976383421743801e-02	4.009895995102819889e-03	5.071963772055625430e-01	9.408369005202327218e-02	-3.234831863983485961e-02	-2.743362914210927071e-03
1.189534067370320724e-09	1.799364645167077503e+00	9.190844670014035600e+00	2.890906140898944487e-01	1.911290182995614706e-02	3.886969487200653620e-03	5.035127212409040709e-01	9.318908931553880615e-02	-3.225835069710147190e-02	-2.707369566194800081e-03
1.245883364295008068e-09	1.798792865812225861e+00	9.144023287828977331e+00	2.904785500130609432e-01	1.857723276756405653e-02	3.769567079640569456e-03	4.999522711269858699e-01	9.232874003388688577e-02	-3.216105908041910072e-02	-2.671902373877459245e-03
1.304901978014401580e-09	1.797811608254253901e+00	9.097130960170010994e+00	2.918165834981908957e-01	1.806212704758733759e-02	3.657473082558398980e-03	4.965133360949976482e-01	9.150209565269984413e-02	-3.205674648165210416e-02	-2.636983991466054517e-03
1.366716356462010101e-09	1.796431171759105050e+00	9.050194248846802125e+00	2.931047905017091781e-01	1.756698079461908174e-02	3.550482498440851297e-03	4.931942480668469742e-01	9.070860839513276985e-02	-3.194571362289467392e-02	-2.602634023653483189e-03
1.431458937523481393e-09	1.794662102544950955e+00	9.003240117085848482e+00	2.943432589720595405e-01	1.709118127624737957e-02	3.448392814081951800e-03	4.899932452279588402e-01	8.994773110487716550e-02	-3.182826061979878579e-02	-2.568870158816669892e-03
1.499268432786047049e-09	1.792515180711184763e+00	8.956294967098209270e+00	2.955321199792945164e-01	1.663413556875251165e-02	3.351010167056116523e-03	4.869085741302477954e-01	8.921891790293899616e-02	-3.170468492507335506e-02	-2.535707564930466448e-03
1.570290124729377524e-09	1.790001372076041042e+00	8.909385354264683698e+00	2.966715189495064964e-01	1.619525632527286235e-02	3.258146451975152142e-03	4.839384502277108702e-01	8.852163042724003894e-02	-3.157528190184134137e-02	-2.503159615413627637e-03
1.644676177994662829e-09	1.787131808007880407e+00	8.862537258278612384e+00	2.977616385502678820e-01	1.577397119381686308e-02	3.169620893018427598e-03	4.810810815838039711e-01	8.785533196774872322e-02	-3.144034312344531207e-02	-2.471237471625465938e-03
1.722585965398783835e-09	1.783917784180334865e+00	8.815776555461296127e+00	2.988026852806611733e-01	1.536971698750626975e-02	3.085258669017029286e-03	4.783346542252349121e-01	8.721949041816387527e-02	-3.130015725680462130e-02	-2.439950553887067913e-03
1.804186409392068039e-09	1.780370707089557358e+00	8.769129149538418488e+00	2.997948781285239561e-01	1.498194492813928816e-02	3.004892007489384440e-03	4.756973665005301832e-01	8.661358589563379617e-02	-3.115500957719143441e-02	-2.409306820476857409e-03
1.889652339691211477e-09	1.776502078301835930e+00	8.722620122712255508e+00	3.007384769201958963e-01	1.461010643600369960e-02	2.928356332199090733e-03	4.731673398653215568e-01	8.603709006875052967e-02	-3.100518007755806438e-02	-2.379312241132882505e-03
1.979166867853557524e-09	1.772323491074273560e+00	8.676274772973819438e+00	3.016337486208320873e-01	1.425369555061909571e-02	2.855500733646904044e-03	4.707428455485399565e-01	8.548950523957811465e-02	-3.085094558340702869e-02	-2.349971695206247782e-03
2.072921779595369695e-09	1.767846585821426730e+00	8.630117899276767091e+00	3.024809862170397823e-01	1.391218481595639898e-02	2.786171852070946833e-03	4.684219914805209939e-01	8.497031882909968081e-02	-3.069257771052148753e-02	-2.321288575730461479e-03
2.171117945694509622e-09	1.763083036131465553e+00	8.584173975647477306e+00	3.032805024542566952e-01	1.358509218407808264e-02	2.720229997477252061e-03	4.662030406226136403e-01	8.447904426765545649e-02	-3.053034314776216507e-02	-2.293265037307250231e-03
2.273965752357932151e-09	1.758044539988213195e+00	8.538467151164104152e+00	3.040326303133084052e-01	1.327193007065882724e-02	2.657537151780186256e-03	4.640841738541229833e-01	8.401519271132909528e-02	-3.036450361144606841e-02	-2.265902089393808088e-03
2.381685551976160644e-09	1.752742803671424765e+00	8.493021337510462843e+00	3.047377190337461905e-01	1.297224083277183707e-02	2.597964277045381343e-03	4.620636611289203333e-01	8.357829231751644217e-02	-3.019531594639044206e-02	-2.239199770213455825e-03
2.494508135230316413e-09	1.747189512852125315e+00	8.447859983982374033e+00	3.053961389739591192e-01	1.268555235525932121e-02	2.541382144093390881e-03	4.601396489063071527e-01	8.316786440231473121e-02	-3.002303132713807221e-02	-2.213157085943982284e-03
2.612675225563326382e-09	1.741396329543442922e+00	8.403006365207060568e+00	3.060082725497917933e-01	1.241144401007738228e-02	2.487674917422292697e-03	4.583104814088627688e-01	8.278346015051550599e-02	-2.984789604371554730e-02	-2.187772317090394460e-03
2.736439997074666368e-09	1.735374862854621281e+00	8.358483352222080498e+00	3.065745190174432033e-01	1.214948268421584682e-02	2.436726420509432566e-03	4.565743950145380037e-01	8.242462566981764716e-02	-2.967015067126614267e-02	-2.163042941401246890e-03
2.866067616948244470e-09	1.729136659522940933e+00	8.314313438089342867e+00	3.070952935630301139e-01	1.189926977245060920e-02	2.388430212833849483e-03	4.549297436181991561e-01	8.209092694679274993e-02	-2.949003022569823482e-02	-2.138965741355366035e-03
3.001835813575592210e-09	1.722693200864140017e+00	8.270518749518471324e+00	3.075710279546234327e-01	1.166040107011443068e-02	2.342680656401213094e-03	4.533748083634853154e-01	8.178192797256485236e-02	-2.930776426899138476e-02	-2.115536871750826799e-03
3.144035471591500167e-09	1.716055884067068327e+00	8.227121004378750158e+00	3.080021703625946405e-01	1.143248066160209436e-02	2.299375310506202551e-03	4.519078649077001297e-01	8.149719668109510484e-02	-2.912357673522806070e-02	-2.092751910588950496e-03
3.292971255097148186e-09	1.709236018166295556e+00	8.184141679843580874e+00	3.083891798324882583e-01	1.121519938585597946e-02	2.258434271579866804e-03	4.505275668275666168e-01	8.123635503425899462e-02	-2.893768651958339086e-02	-2.070606060796061337e-03
3.448962260405766611e-09	1.702244799835099576e+00	8.141601712855250028e+00	3.087325345470308680e-01	1.100814545976396691e-02	2.219754105935294822e-03	4.492320304380343909e-01	8.099896224709651760e-02	-2.875030644886227699e-02	-2.049093971976537979e-03
3.612342699709437910e-09	1.695093334773438487e+00	8.099521929245250718e+00	3.090327208706851181e-01	1.081097781096108761e-02	2.183249445102724597e-03	4.480196774330234000e-01	8.078462170266109688e-02	-2.856164488632232865e-02	-2.028210109290407362e-03
3.783462617131932968e-09	1.687792580706457990e+00	8.057922533399761278e+00	3.092902435824823049e-01	1.062343066247815188e-02	2.148854969230135342e-03	4.468892514755997691e-01	8.059298206709672452e-02	-2.837190402617735877e-02	-2.007948492429348451e-03
3.962688638701478467e-09	1.680353390886930143e+00	8.016823541120992047e+00	3.095056185623577538e-01	1.044512809015457969e-02	2.116478824105623782e-03	4.458389310466845390e-01	8.042362480390401192e-02	-2.818128147016615848e-02	-1.988302976064266255e-03
4.150404757850472502e-09	1.672786462755615711e+00	7.976244419495162497e+00	3.096793783357650875e-01	1.027579749373207750e-02	2.086055600140334851e-03	4.448673554272737918e-01	8.027619321082613002e-02	-2.798996909068957387e-02	-1.969267114253615922e-03
4.347013158125017173e-09	1.665102367837491881e+00	7.936204359238948847e+00	3.098120681948827726e-01	1.011512793242643447e-02	2.057511098491683274e-03	4.439729454968704969e-01	8.015030657950905635e-02	-2.779815413499410817e-02	-1.950834341661431817e-03
4.552935074866938773e-09	1.657311533136457626e+00	7.896722153036032310e+00	3.099042484916828544e-01	9.962864287817067149e-03	2.030785716843867914e-03	4.431543579024365687e-01	8.004561735588899829e-02	-2.760601890233480363e-02	-1.932997943042401431e-03
4.768611697714474181e-09	1.649424228999176512e+00	7.857816214897220597e+00	3.099564925953263717e-01	9.818732344895587938e-03	2.005815783408167099e-03	4.424101255230069030e-01	7.996176546705591193e-02	-2.741374082039352983e-02	-1.915751114795944928e-03
4.994505115855140358e-09	1.641450563404277530e+00	7.819504475098135288e+00	3.099693908608088244e-01	9.682476284203638678e-03	1.982542687985767212e-03	4.417388362143997438e-01	7.989839932497179442e-02	-2.722149232580886591e-02	-1.899086924096552451e-03
5.231099308056257792e-09	1.633400502279174882e+00	7.781804560745638533e+00	3.099435482025605926e-01	9.553855307512671563e-03	1.960911875600175342e-03	4.411391195294260270e-01	7.985517422826039768e-02	-2.702944169629573068e-02	-1.882998434573678569e-03
5.478901179593956120e-09	1.625283847876666909e+00	7.744733695976134591e+00	3.098795847451516483e-01	9.432631590440774746e-03	1.940870215192832442e-03	4.406095886011361373e-01	7.983174541236896793e-02	-2.683775272294367659e-02	-1.867478687310093494e-03
5.738441648302404521e-09	1.617110253995096780e+00	7.708308819104118470e+00	3.097781347557793663e-01	9.318570227837462416e-03	1.922365280218812445e-03	4.401488416226098654e-01	7.982776657095345951e-02	-2.664658534119371952e-02	-1.852520784827208509e-03
6.010276782070388176e-09	1.608889123048177217e+00	7.672545946750831014e+00	3.096398531338035998e-01	9.211503654197936500e-03	1.905362138319986179e-03	4.397557683018816777e-01	7.984292880610212306e-02	-2.645609299874428916e-02	-1.838117593123496070e-03
6.294988990221888141e-09	1.600629809747078136e+00	7.637461271091583903e+00	3.094654109802227882e-01	9.111179821431950737e-03	1.889804896481598294e-03	4.394288198348962338e-01	7.987686652031288081e-02	-2.626642804993342337e-02	-1.824262277399516224e-03
6.593188271333541710e-09	1.592341422199957002e+00	7.603070208605012148e+00	3.092554962430875132e-01	9.017418439516682732e-03	1.875655594159624873e-03	4.391667647979767830e-01	7.992925381116469663e-02	-2.607773703626813794e-02	-1.810947895705387932e-03
6.905513520162316861e-09	1.584032959254217054e+00	7.569388091562092136e+00	3.090108126881684902e-01	8.930034919600603888e-03	1.862875552412331971e-03	4.389683224908155212e-01	7.999975823062931146e-02	-2.589016424745249276e-02	-1.798167724996118299e-03
7.232633896483518810e-09	1.575713202795850254e+00	7.536429580740266587e+00	3.087320832640215729e-01	8.848849970089828557e-03	1.851427500175172004e-03	4.388322067257434123e-01	8.008804445447657849e-02	-2.570384914008106564e-02	-1.785915005065165199e-03
7.575250258771920716e-09	1.567390734133772057e+00	7.504208720244076147e+00	3.084200513761938267e-01	8.773686526253753407e-03	1.841275006273970566e-03	4.387571102378641230e-01	8.019377210481698492e-02	-2.551892679159194557e-02	-1.774182965092644705e-03
7.934096665797492339e-09	1.559074018410694151e+00	7.472739308441780359e+00	3.080754825167498212e-01	8.704403359820081162e-03	1.832390144286772998e-03	4.387418649947071314e-01	8.031661370104754838e-02	-2.533553011135160002e-02	-1.762965001309850033e-03
8.309941949353386453e-09	1.550771330259288261e+00	7.442034647716878837e+00	3.076991601310544722e-01	8.640822380271735367e-03	1.824736391300399397e-03	4.387850964736300652e-01	8.045621388943291485e-02	-2.515378815042760771e-02	-1.752254574997486655e-03
8.703591361485183753e-09	1.542490772999759896e+00	7.412107560929903194e+00	3.072918888013443373e-01	8.582804143313464695e-03	1.818286634816595462e-03	4.388855839562418870e-01	8.061223224279015498e-02	-2.497382678292284219e-02	-1.742045243700059273e-03
9.115888299750837812e-09	1.534240233821044574e+00	7.382970146131335731e+00	3.068544954990236606e-01	8.530205189040742167e-03	1.813012777611180222e-03	4.390420542421772931e-01	8.078431675872588258e-02	-2.479576753802842370e-02	-1.732330540907893370e-03
9.547716114208065503e-09	1.526027531446449759e+00	7.354634426580320294e+00	3.063878320292049429e-01	8.482889585772852500e-03	1.808888403984696856e-03	4.392532347703542728e-01	8.097210905659738001e-02	-2.461973118715037046e-02	-1.723104250225426142e-03
1.000000000000000021e-08	1.517860250667364630e+00	7.327111755121304526e+00	3.058927665841597032e-01	8.440727877191177633e-03	1.805888845393479897e-03	4.395178563339620648e-01	8.117524775346968147e-02	-2.444583423134152542e-02	-1.714360207960758048e-03
