# Pressure Mass Radius Compactness k2 k3 h2 h3 j2 j3
9.999999999999999799e-13	9.218261005697642174e-02	6.303637389335772667e+01	2.159374720159257677e-03	1.708988913591796659e-04	-1.412856786377766404e-05	9.938872965703028362e-01	3.304960756500912034e-01	-8.373424205729418168e-07	-1.133737697083200417e-07
1.047370897959448749e-12	9.380397985493668656e-02	5.607030937635320811e+01	2.470350334319935948e-03	1.880926168389361315e-04	2.843959722589540614e-05	9.929915038199174093e-01	3.300841608160537399e-01	-1.103720324719926492e-06	-1.319589334691061087e-07
1.096985797892381920e-12	9.554702173089017758e-02	5.044557466774592314e+01	2.796818705300940441e-03	2.148437177320790541e-04	2.281304213818490572e-05	9.920720923633276067e-01	3.296527745439727375e-01	-1.475092796091613800e-06	-1.554327521305020088e-07
1.148951000187311009e-12	9.740908376748669273e-02	4.582236475660392472e+01	3.139006357780911409e-03	2.535238221836866573e-04	4.917170521387195250e-05	9.911306397368983001e-01	3.292016887290503679e-01	-1.987540998387323062e-06	-1.855114221904784082e-07
1.203377840777590522e-12	9.938894906937688345e-02	4.196544748199487174e+01	3.497167832786226074e-03	3.070624736702765945e-04	4.093996685609041763e-05	9.901751941415707359e-01	3.287307021896707093e-01	-2.685703404007688129e-06	-2.246329266652442648e-07
1.260382929679727463e-12	1.014863999790658750e-01	3.870704890410112853e+01	3.871578067656486835e-03	3.789317597796537911e-04	6.329432251428800213e-05	9.892090112352752707e-01	3.282396660077694373e-01	-3.623622507570170838e-06	-2.761578975484001003e-07
1.320088400831416649e-12	1.037019363695635965e-01	3.592443924452691562e+01	4.262526608061588049e-03	4.731046570245138580e-04	6.099855859947886177e-05	9.882391648121944261e-01	3.277284916225830513e-01	-4.865533693385670594e-06	-3.445969016346610186e-07
1.382622173764653478e-12	1.060365815741523832e-01	3.352586490657174778e+01	4.670312733598701999e-03	5.939388265345882942e-04	7.079992415752459274e-05	9.872752710740273496e-01	3.271971375019612771e-01	-6.486535911779135631e-06	-4.358718313018010380e-07
1.448118227674535917e-12	1.084917441358201479e-01	3.144142193674061758e+01	5.095241197067191911e-03	7.462619004509091648e-04	7.974232360046072806e-05	9.863258529231520022e-01	3.266456687976818651e-01	-8.573158103996646588e-06	-5.575793787859165696e-07
1.516716888470924089e-12	1.110691129278020550e-01	2.961696317309924709e+01	5.537618247307062209e-03	9.351898558073254040e-04	9.205969906252982153e-05	9.854007990115808413e-01	3.260742301825435563e-01	-1.122378043300377573e-05	-7.192853878398606687e-07
1.588565129428052692e-12	1.137705732128792002e-01	2.800992782036724904e+01	5.997747681961261221e-03	1.166062189957390140e-03	1.112313149203496238e-04	9.845107315301300233e-01	3.254830506150813152e-01	-1.454890313154678537e-05	-9.328081757951137420e-07
1.663816886076127415e-12	1.165981310755656586e-01	2.658642496095992058e+01	6.475926067981880446e-03	1.444388981185069400e-03	1.318682861381402190e-04	9.836660003282762244e-01	3.248724689711579572e-01	-1.867121058299585294e-05	-1.212498879590095556e-06
1.742633386009647278e-12	1.195536958503579938e-01	2.531921155464828388e+01	6.972412355541060015e-03	1.775765161777383269e-03	1.600547110492481499e-04	9.828783055598887541e-01	3.242429779129663570e-01	-2.372520479656236244e-05	-1.575496703831804774e-06
1.825183494319046040e-12	1.226390708008555236e-01	2.418612342594291320e+01	7.487430799169605272e-03	2.165710258664994749e-03	1.957332912879333536e-04	9.821582657448673093e-01	3.235951949364754276e-01	-2.985671664940346942e-05	-2.041946181825486131e-06
1.911644075385703708e-12	1.258561943000445216e-01	2.316886434906738046e+01	8.021213635528901334e-03	2.619587025559815593e-03	2.390043786630739232e-04	9.815171507591643474e-01	3.229297992114646410e-01	-3.722284352112021201e-05	-2.635233927474149692e-06
2.002200371815584363e-12	1.292071457918154143e-01	2.225220791997342928e+01	8.574003544947406824e-03	3.142707040231137224e-03	2.920055670397820116e-04	9.809656807979729720e-01	3.222475963807873711e-01	-4.599155734019869199e-05	-3.382191521329046933e-06
2.097046401323230665e-12	1.326941319534407360e-01	2.142339232590132880e+01	9.146052957583713713e-03	3.739903583353332370e-03	3.565895007429102821e-04	9.805138552451611034e-01	3.215493687409052281e-01	-5.634109969785602428e-05	-4.313219614505441343e-06
2.196385372416542332e-12	1.363194772226444251e-01	2.067165107643194233e+01	9.737623554125964670e-03	4.415771152288998011e-03	4.334748831081875874e-04	9.801712159226868559e-01	3.208359964571384504e-01	-6.845940201340793116e-05	-5.462427685540427294e-06
2.300430119772921506e-12	1.400856112882784554e-01	1.998784576950657410e+01	1.034898541622919846e-02	5.174482500359160568e-03	5.245204725810377784e-04	9.799465051944438176e-01	3.201084019896230370e-01	-8.254335422103833725e-05	-6.867692648190748352e-06
2.409403560239526876e-12	1.439950554285369111e-01	1.936417611382544735e+01	1.098041591412298942e-02	6.019664386036492794e-03	6.317704641036036694e-04	9.798474980488595110e-01	3.193675079005835471e-01	-9.879799844975311544e-05	-8.570681952064328467e-06
2.523539170434765862e-12	1.480504091450823012e-01	1.879394883778655512e+01	1.163219855399946073e-02	6.954463075273526265e-03	7.560360463852759064e-04	9.798810009712705105e-01	3.186142781158098902e-01	-1.174356745353882147e-04	-1.061683110463536185e-05
2.643081486974102692e-12	1.522543345467383402e-01	1.827139221601816743e+01	1.230462153300524233e-02	7.981412382181756957e-03	8.991517839119408375e-04	9.800526833868781207e-01	3.178496651459608580e-01	-1.386750711548165728e-04	-1.305526287552780600e-05
2.768286630392061017e-12	1.566095399990704296e-01	1.779150603716011148e+01	1.299797617664716180e-02	9.102423016256752999e-03	1.062829421873062253e-03	9.803670419548917714e-01	3.170746129886395370e-01	-1.627402288858680534e-04	-1.593866035081964151e-05
2.899422853882880921e-12	1.611187611237668849e-01	1.734993958298535333e+01	1.371255498613595247e-02	1.031877841850762680e-02	1.248250468545788333e-03	9.808273566449051684e-01	3.162900455299784142e-01	-1.898594808045320247e-04	-1.932308917795417640e-05
3.036771118035460378e-12	1.657847753101968358e-01	1.694288922836326350e+01	1.444865457849800645e-02	1.163103340880543290e-02	1.457019481554179931e-03	9.814355034662544108e-01	3.154968286225734997e-01	-2.202645133344032684e-04	-2.326777586636728337e-05
3.180625692794118977e-12	1.706105280086924469e-01	1.656700847834017765e+01	1.520659458383734688e-02	1.303918809299694885e-02	1.690212135979831309e-03	9.821922336937467524e-01	3.146957724561382785e-01	-2.541903080121862358e-04	-2.783498597024246067e-05
3.331294787934670055e-12	1.755991790901462180e-01	1.621934254751863591e+01	1.598672374339008689e-02	1.454255074155944537e-02	1.949232761883338931e-03	9.830968942421902668e-01	3.138875682686005919e-01	-2.918748065740118624e-04	-3.308982616009010185e-05
3.489101213406766494e-12	1.807541125428198114e-01	1.589727614924312071e+01	1.678942040302871738e-02	1.613989056633035810e-02	2.234804458979902653e-03	9.841476935079535027e-01	3.130728183510245732e-01	-3.335585247286337201e-04	-3.910003856995242975e-05
3.654383070957261569e-12	1.860789444592749198e-01	1.559848898514883686e+01	1.761509291380041961e-02	1.782939237755820985e-02	2.547813391123443429e-03	9.853416336562292877e-01	3.122520049034607226e-01	-3.794841842920598850e-04	-4.593576003138554424e-05
3.827494478516314936e-12	1.915775303872981616e-01	1.532091780886971932e+01	1.846417989450496039e-02	1.960869184389145772e-02	2.889219040655364220e-03	9.866745768337220612e-01	3.114254831235455101e-01	-4.298964167621621940e-04	-5.366927585222505209e-05
4.008806328898464320e-12	1.972539740244359796e-01	1.506272386080937942e+01	1.933715071707440766e-02	2.147493285910610783e-02	3.259265750961116113e-03	9.881413280031584589e-01	3.105934844455592314e-01	-4.850415657948925117e-04	-6.237477547829110207e-05
4.198707084443905621e-12	2.031126344314850840e-01	1.482226500016121484e+01	2.023450574431031115e-02	2.342479443278657619e-02	3.658483310273537032e-03	9.897357239490465197e-01	3.097561066009953401e-01	-5.451675114557147416e-04	-7.212808926878118063e-05
4.397603609302712498e-12	2.091581339035143428e-01	1.459807170908780272e+01	2.115677662593547573e-02	2.545451734072168987e-02	4.086870349518783967e-03	9.914506484172149747e-01	3.089133078005265043e-01	-6.105235756370385467e-04	-8.300643004465004828e-05
4.605922041145112927e-12	2.153953656360986790e-01	1.438882639822307574e+01	2.210452654067459125e-02	2.755995202904741592e-02	4.544567600028067388e-03	9.932781472254270660e-01	3.080649070885324581e-01	-6.813604688599280909e-04	-9.508812782824429524e-05
4.824108704165373984e-12	2.218295016464816860e-01	1.419334551388991628e+01	2.307835042622914321e-02	2.973659293536325826e-02	5.031312219149978136e-03	9.952094821157502214e-01	3.072105822360475247e-01	-7.579302981619017191e-04	-1.084523671600251456e-04
5.052631065335679604e-12	2.284658218750894310e-01	1.401056863237824324e+01	2.407884841130122563e-02	3.197956474791421172e-02	5.546768324991684269e-03	9.972351732266583335e-01	3.063498943410252195e-01	-8.404843366866436918e-04	-1.231785103288237336e-04
5.291978735958436557e-12	2.353091388649395099e-01	1.383955565115441644e+01	2.510654101792155965e-02	3.428344491100253355e-02	6.090270375267148144e-03	9.993448404269590357e-01	3.054823518969046470e-01	-9.292649997480855991e-04	-1.393443027170616086e-04
5.542664520663095602e-12	2.423639660086166769e-01	1.367946192829474050e+01	2.616189935435280639e-02	3.664240948946878573e-02	6.660924471661214784e-03	1.001527403954148410e+00	3.046073952034804022e-01	-1.024506349280971231e-03	-1.570255041226856078e-04
5.805225516094907684e-12	2.496345579801144132e-01	1.352952255473469556e+01	2.724535496465915752e-02	3.905018768218197073e-02	7.257694831543804598e-03	1.003770956871622877e+00	3.037243526063003185e-01	-1.126433401516719647e-03	-1.762953283904799618e-04
6.080224261649427052e-12	2.571248613378606107e-01	1.338904162331476400e+01	2.835729582769663804e-02	4.150020202237760664e-02	7.879231752386252688e-03	1.006063038292979384e+00	3.028324798542433860e-01	-1.235260259799728999e-03	-1.972236448368727333e-04
6.368249944718585906e-12	2.648384638057319496e-01	1.325738314829201592e+01	2.949806221221223587e-02	4.398553044410336704e-02	8.523997135796801058e-03	1.008390559110014628e+00	3.019309414693988614e-01	-1.351188214440276428e-03	-2.198761720158378329e-04
6.669919663030115058e-12	2.727785408303412540e-01	1.313396332526308363e+01	3.066794231324725464e-02	4.649896830734751713e-02	9.190276596379947857e-03	1.010739916930516458e+00	3.010188244017436565e-01	-1.474403734405215459e-03	-2.443136368310555172e-04
6.985879746785234820e-12	2.809478000335501879e-01	1.301824389202219301e+01	3.186716779290579837e-02	4.903304863213511083e-02	9.876092753983043912e-03	1.013097030923507003e+00	3.000951415917830767e-01	-1.605076401147217426e-03	-2.705909221592695956e-04
7.316807143427207274e-12	2.893484234990809645e-01	1.290972640915661707e+01	3.309590924511168070e-02	5.158009871661645845e-02	1.057932686800385109e-02	1.015447454704758057e+00	2.991588467754055514e-01	-1.743356783630691095e-03	-2.987562082960001962e-04
7.663410868007462274e-12	2.979820079707658498e-01	1.280794732505627387e+01	3.435427158234191647e-02	5.413226861762470560e-02	1.129764636230631315e-02	1.017776423573446110e+00	2.982088381505573760e-01	-1.889374272163469584e-03	-3.288501196440274843e-04
8.026433522257174683e-12	3.068495035032479112e-01	1.271247368825797430e+01	3.564228946023167283e-02	5.668153471588732034e-02	1.202857653131784998e-02	1.020068853480204707e+00	2.972439595609530638e-01	-2.043234888506916154e-03	-3.609048861890155608e-04
8.406652885618316356e-12	3.159511497657164769e-01	1.262289943602449327e+01	3.695992258262061764e-02	5.921986343220610183e-02	1.276950245379631158e-02	1.022309677982987663e+00	2.962630515945333665e-01	-2.205019046434648130e-03	-3.949435170189782244e-04
8.804883581643446547e-12	3.252865224200538474e-01	1.253884154690019237e+01	3.830706603524800663e-02	6.173911699262436825e-02	1.351766396081841189e-02	1.024483599485205509e+00	2.952648968893828441e-01	-2.374781363728999898e-03	-4.309794559826958917e-04
9.221978823334340144e-12	3.348550629224091857e-01	1.245993501690334426e+01	3.968362412634370007e-02	6.423138241086852329e-02	1.427027822263431632e-02	1.026575603371871592e+00	2.942482210011907462e-01	-2.552559571985009088e-03	-4.690182304955552877e-04
9.658832241158709141e-12	3.446563823555049422e-01	1.238583219810629465e+01	4.108954841460013552e-02	6.668914276995548118e-02	1.502457442437221159e-02	1.028571234952429414e+00	2.932116914882163528e-01	-2.738380414087350240e-03	-5.090585854259031253e-04
1.011637979766206976e-11	3.546902904000309165e-01	1.231620384100830101e+01	4.252483789669891934e-02	6.910512176013251795e-02	1.577775462494522551e-02	1.030456264477457751e+00	2.921538720513696119e-01	-2.932261070958279859e-03	-5.510927488765794430e-04
1.059560179277614774e-11	3.649568108254445664e-01	1.225073952716997994e+01	4.398953810094258232e-02	7.147260550438996884e-02	1.652712772214848247e-02	1.032217396972182177e+00	2.910733305149821870e-01	-3.134210309907346868e-03	-5.951066401529772620e-04
1.109752496412069864e-11	3.754561979397045279e-01	1.218914767492341511e+01	4.548374062921965028e-02	7.378520272344482600e-02	1.727002105263395620e-02	1.033841757072390566e+00	2.899685720017416979e-01	-3.344229804473036576e-03	-6.410801756360018713e-04
1.162322468679854125e-11	3.861889501934730462e-01	1.213115526794632792e+01	4.700758251771781915e-02	7.603699409900319117e-02	1.800385632936018013e-02	1.035317226139174762e+00	2.888380948641372514e-01	-3.562315330524534751e-03	-6.889875468870265045e-04
1.217382727739662020e-11	3.971558234150676103e-01	1.207650739454192390e+01	4.856124564644735686e-02	7.822254980054249573e-02	1.872615691607674646e-02	1.036632492575326081e+00	2.876804016566351097e-01	-3.788457979300937067e-03	-7.387975298603852983e-04
1.275051240713012859e-11	4.083578434396692436e-01	1.202496665618489224e+01	5.014495614705349186e-02	8.033684324603461435e-02	1.943453144659226112e-02	1.037776874534233285e+00	2.864939873926292124e-01	-4.022645361360858811e-03	-7.904738111973577458e-04
1.335451562929897339e-11	4.197963171797764459e-01	1.197631249655744767e+01	5.175898364469164181e-02	8.237535079027817619e-02	2.012671478417343493e-02	1.038740553866391192e+00	2.852773743633379988e-01	-4.264862721727015298e-03	-8.439752979792243667e-04
1.398713102647241439e-11	4.314728432897995125e-01	1.193034047680412435e+01	5.340364048754376453e-02	8.433400081812038318e-02	2.080056772861671802e-02	1.039514478409144793e+00	2.840291103787794258e-01	-4.515094040400420734e-03	-8.992564395520389426e-04
1.464971398307287854e-11	4.433892982488196743e-01	1.188686159640775131e+01	5.507927760769808223e-02	8.620914803461224296e-02	2.145407189159540332e-02	1.040090326924095088e+00	2.827477758868620628e-01	-4.773322550565333756e-03	-9.562674240058698137e-04
1.534368408930013065e-11	4.555474410824222331e-01	1.184570228497685385e+01	5.678622946772607372e-02	8.799754902124581890e-02	2.208532847242906244e-02	1.040460583653157522e+00	2.814320421477907175e-01	-5.039522857238387318e-03	-1.014952532048732066e-03
1.607052818261638620e-11	4.679483932578276106e-01	1.180670305613932847e+01	5.852474832669261190e-02	8.969620602279075594e-02	2.269252481101574626e-02	1.040618329297046563e+00	2.800807105611006209e-01	-5.313649854319858062e-03	-1.075247817977087851e-03
1.683180353330955093e-11	4.805925441010477361e-01	1.176971585818455779e+01	6.029499806916225474e-02	9.130240623385708909e-02	2.327395433290786395e-02	1.040557334893029484e+00	2.786927344845555599e-01	-5.595636495784056356e-03	-1.137080791483457065e-03
1.762914118095944293e-11	4.934795053424482769e-01	1.173460203258587242e+01	6.209705304489594735e-02	9.281361962329975901e-02	2.382798806970413616e-02	1.040271824383142585e+00	2.772671928471716063e-01	-5.885392619519148362e-03	-1.200370386885924422e-03
1.846424942895546448e-11	5.066080670658841267e-01	1.170123070500427431e+01	6.393089641582096194e-02	9.422766461415572892e-02	2.435314611194315179e-02	1.039756846471719509e+00	2.758033435836465541e-01	-6.182803751767116177e-03	-1.265026965096389998e-03
1.933891750455232057e-11	5.199761578302843912e-01	1.166947746918425644e+01	6.579641873534293472e-02	9.554255416289694769e-02	2.484804432022816312e-02	1.039007920516865635e+00	2.743005813324961850e-01	-6.487730114929471034e-03	-1.330952428176476309e-03
2.025501939230666486e-11	5.335808060539383169e-01	1.163922330891649537e+01	6.769341644129732438e-02	9.675659658005528185e-02	2.531143565127932579e-02	1.038021262965544755e+00	2.727584674093841977e-01	-6.800005657206085151e-03	-1.398040378408613388e-03
2.121451784910627571e-11	5.474181045714587857e-01	1.161035370347002349e+01	6.962159060109068820e-02	9.786835772828755831e-02	2.574220511416710697e-02	1.036793697785189927e+00	2.711767247392891655e-01	-7.119437231906986831e-03	-1.466176364761182654e-03
2.221946860939528424e-11	5.614831777175216532e-01	1.158275789433143643e+01	7.158054578526344691e-02	9.887667525735739649e-02	2.613937626588333507e-02	1.035322686602536013e+00	2.695552403095832772e-01	-7.445803878652830152e-03	-1.535238198681572030e-03
2.327202478960412005e-11	5.757701518102208427e-01	1.155632827863600731e+01	7.356978923344330290e-02	9.978068441505590080e-02	2.650212224083180190e-02	1.033606387151384309e+00	2.678940729790991182e-01	-7.778856248297050247e-03	-1.605096345668748049e-03
2.437444150122221807e-11	5.902721290620251970e-01	1.153095991661473718e+01	7.558873026397214256e-02	1.005797723725162379e-01	2.682975711215273770e-02	1.031643545485693148e+00	2.661934446959084988e-01	-8.118316166794778063e-03	-1.675614389183598292e-03
2.552908068239516723e-11	6.049811052597148242e-01	1.150655026590501429e+01	7.763667137924042116e-02	1.012736354144663509e-01	2.712175118259214923e-02	1.029433645112383333e+00	2.644537589953531720e-01	-8.463874940705667579e-03	-1.746649277005692764e-03
2.673841615839943880e-11	6.198880487433141573e-01	1.148299920774172378e+01	7.971281818276970688e-02	1.018622315950696855e-01	2.737771862980852011e-02	1.026976776998882013e+00	2.626755796381692321e-01	-8.815195507199679453e-03	-1.818052412299898338e-03
2.800503894183625342e-11	6.349834179910732734e-01	1.146020895853239097e+01	8.181634662812266312e-02	1.023459048008430600e-01	2.759745582435321407e-02	1.024273813562232904e+00	2.608595977837470659e-01	-9.171925118112270875e-03	-1.889672870362596024e-03
2.933166278390048099e-11	6.502572575898069029e-01	1.143808446705605064e+01	8.394641302771403690e-02	1.027253520104511042e-01	2.778092548408763601e-02	1.021326328922338211e+00	2.590066121485929962e-01	-9.533698312737575592e-03	-1.961358539839781669e-03
3.072112998861759207e-11	6.656992081471201361e-01	1.141653372946219491e+01	8.610215301782092601e-02	1.030015525524854425e-01	2.792823540075104610e-02	1.018136447799929289e+00	2.571175137345025896e-01	-9.900137896885924729e-03	-2.032956835163092588e-03
3.217641750250735458e-11	6.812985152571040537e-01	1.139546799755481743e+01	8.828268063604628735e-02	1.031758636764800868e-01	2.803966486928579846e-02	1.014707092884390871e+00	2.551933134117687074e-01	-1.027085588160442375e-02	-2.104315384238661119e-03
3.370064329271925032e-11	6.970440397398748322e-01	1.137480191179933620e+01	9.048708768413364634e-02	1.032498945790985417e-01	2.811562388866159154e-02	1.011041701021683892e+00	2.532351099661279692e-01	-1.064545448174232523e-02	-2.175282717784415409e-03
3.529707302730657668e-11	7.129242674663767154e-01	1.135445359323781389e+01	9.271444297868772222e-02	1.032255927115346000e-01	2.815667397945098918e-02	1.007144450625915733e+00	2.512441126207816122e-01	-1.102352702846139815e-02	-2.245708914519349043e-03
3.696912707195032437e-11	7.289273230244488477e-01	1.133434468474913004e+01	9.496379217836774245e-02	1.031051218746448783e-01	2.816348961148269422e-02	1.003019983969234863e+00	2.492216101155066144e-01	-1.140465906000788510e-02	-2.315446271070219740e-03
3.872038781812557004e-11	7.450409817018415204e-01	1.131440038123571235e+01	9.723415720544871521e-02	1.028909192251057092e-01	2.813687312776269947e-02	9.986735642126832735e-01	2.471689883007627542e-01	-1.178842922801014680e-02	-2.384349898559253063e-03
4.055460735840827506e-11	7.612526855471246634e-01	1.129454942912209781e+01	9.952453620169335324e-02	1.025856419719502338e-01	2.807773292844833665e-02	9.941109630181034218e-01	2.450877138065649385e-01	-1.217441036963805463e-02	-2.452278334853526427e-03
4.247571552536894126e-11	7.775495723090751765e-01	1.127472409915364793e+01	1.018339051899491282e-01	1.021921590374674504e-01	2.798708033660437036e-02	9.893384546002802482e-01	2.429793333049481141e-01	-1.256217081800453661e-02	-2.519094162696000269e-03
4.448782831127576069e-11	7.939190113539157378e-01	1.125485959137632364e+01	1.041612913402356067e-01	1.017134952563521488e-01	2.786600519175174914e-02	9.843625755868229410e-01	2.408453912402985231e-01	-1.295128774938288096e-02	-2.584666602605385950e-03
4.659525668664686662e-11	8.103489847873122098e-01	1.123489391110727098e+01	1.065058227419282827e-01	1.011528126680931033e-01	2.771567011833033639e-02	9.791900207396229128e-01	2.386873878676711858e-01	-1.334135678335107711e-02	-2.648873203374943561e-03
4.880251583654433574e-11	8.268276265893294008e-01	1.121476876774451981e+01	1.088666579015944852e-01	1.005134431035755588e-01	2.753730807922853685e-02	9.738278628643873835e-01	2.365068450303221548e-01	-1.373198151708684804e-02	-2.711598110077353442e-03
5.111433483440165318e-11	8.433431996919001916e-01	1.119442973855916534e+01	1.112429782591612820e-01	9.979875572903078307e-02	2.733218479816910962e-02	9.682832478503867746e-01	2.343052817049984526e-01	-1.412277345776439229e-02	-2.772732165685585452e-03
5.353566677410718816e-11	8.598841067252873671e-01	1.117382630253337794e+01	1.136339860237698257e-01	9.901229081630076589e-02	2.710162994935392394e-02	9.625637542854235118e-01	2.320842497546338479e-01	-1.451335262136379395e-02	-2.832173080988021306e-03
5.607169938205469661e-11	8.764389008113141477e-01	1.115291182044572871e+01	1.160389023569100841e-01	9.815761874950360011e-02	2.684699469083742795e-02	9.566770536427775529e-01	2.298452990474010027e-01	-1.490334818359713952e-02	-2.889825603906446497e-03
5.872786613189488850e-11	8.929962941910895013e-01	1.113164348643589641e+01	1.184569654382845172e-01	9.723838417369577714e-02	2.656965896887821324e-02	9.506310400677386863e-01	2.275899896118147858e-01	-1.529239897269613763e-02	-2.945601624528383818e-03
6.150985788580503926e-11	9.095451651742562094e-01	1.110998225659853134e+01	1.208874284725395265e-01	9.625826980802652810e-02	2.627102083556833237e-02	9.444337539285950767e-01	2.253198863603065316e-01	-1.568015383327680048e-02	-2.999420227020295829e-03
6.442363508721370414e-11	9.260745666213864302e-01	1.108789276088483966e+01	1.233295580406986308e-01	9.522098275549190083e-02	2.595248736564777919e-02	9.380933608522613598e-01	2.230365545824009033e-01	-1.606627207458170489e-02	-3.051207750029080300e-03
6.747544053110686101e-11	9.425737320634541838e-01	1.106534320380169589e+01	1.257826322556737375e-01	9.413022633742647305e-02	2.561546602945679457e-02	9.316180913485488935e-01	2.207415555728002299e-01	-1.645042373456250678e-02	-3.100897779539282979e-03
7.067181273927477085e-11	9.590320821903209891e-01	1.104230525802248586e+01	1.282459390646224495e-01	9.298971501314791388e-02	2.526136433951940707e-02	9.250162924339291326e-01	2.184364501556647076e-01	-1.683228984750045551e-02	-3.148431130560320080e-03
7.401959996915652408e-11	9.754390026846927464e-01	1.101875425495649807e+01	1.307187404227539707e-01	9.180312296930796812e-02	2.489157598273714425e-02	9.182963511783415189e-01	2.161228146997216104e-01	-1.721155737244755776e-02	-3.193755173898724358e-03
7.752597488629464062e-11	9.917813008100033745e-01	1.099467163720212959e+01	1.331998965074349950e-01	9.057435229805398114e-02	2.450756128580095644e-02	9.114679532043066246e-01	2.138026153391529294e-01	-1.758786036523688964e-02	-3.236817021807978506e-03
8.119844993184008328e-11	1.008042247430212646e+00	1.097004276098122233e+01	1.356877523581301592e-01	8.930727970717712572e-02	2.411078716184319320e-02	9.045415516775258125e-01	2.114782220306380967e-01	-1.796075749395156795e-02	-3.277561671772322681e-03
8.504489341802668113e-11	1.024202211930987483e+00	1.094485341752224805e+01	1.381802566366163998e-01	8.800586275421677651e-02	2.370275858391451135e-02	8.975284665982640186e-01	2.091523369910514019e-01	-1.832974655586620122e-02	-3.315934601024150136e-03
8.907354638610458163e-11	1.040238801594227214e+00	1.091908850874276560e+01	1.406749916029791658e-01	8.667399697371400147e-02	2.328497605748928306e-02	8.904404429499881424e-01	2.068279177690761361e-01	-1.869426784962296972e-02	-3.351883011086688371e-03
9.329304026284695888e-11	1.056127060020765285e+00	1.089273131343731293e+01	1.431692052231624546e-01	8.531551225068748079e-02	2.285893278564560260e-02	8.832895815831109942e-01	2.045081411934831228e-01	-1.905370909248416469e-02	-3.385357179980423657e-03
9.771241535346501225e-11	1.071839709281227293e+00	1.086576312008956258e+01	1.456598454283520305e-01	8.393414791116063367e-02	2.242610159548017595e-02	8.760882117050401430e-01	2.021963563725732438e-01	-1.940741144260933054e-02	-3.416311807009691712e-03
1.023411402105452712e-10	1.087347426180320653e+00	1.083816312767930690e+01	1.481435960168555888e-01	8.253356738836049866e-02	2.198793458423008509e-02	8.688488739458032351e-01	1.998960517478732823e-01	-1.975467638617699195e-02	-3.444707293451136198e-03
1.071891319205126445e-10	1.102619143658670309e+00	1.080990855104856330e+01	1.506169134569592949e-01	8.111735206016314204e-02	2.154585522301703457e-02	8.615842490464143966e-01	1.976108151094685961e-01	-2.009477315899466099e-02	-3.470510882173385558e-03
1.122667773510811312e-10	1.117622374490825576e+00	1.078097488281629346e+01	1.530760645765105732e-01	7.968897051299632384e-02	2.110124399181709937e-02	8.543070186508966435e-01	1.953442871083382604e-01	-2.042694676732344922e-02	-3.493697686225532163e-03
1.175849554052158201e-10	1.132323551337301559e+00	1.075133627678628656e+01	1.555171646089709703e-01	7.825177461377121058e-02	2.065543136100573759e-02	8.470298027335196878e-01	1.931001239298794914e-01	-2.075042638907075368e-02	-3.514251562448675228e-03
1.231550603292826197e-10	1.146688372976485404e+00	1.072096603009792659e+01	1.579362143677022767e-01	7.680903400613109389e-02	2.020970376976532687e-02	8.397652119693562733e-01	1.908819769518216303e-01	-2.106443359839978158e-02	-3.532165718687629245e-03
1.289890261253308184e-10	1.160683096189672803e+00	1.068983530963072504e+01	1.603292940012206458e-01	7.536379332640194550e-02	1.976525368779206981e-02	8.325251929068769874e-01	1.886933003411501719e-01	-2.136821155070109390e-02	-3.547444335232444960e-03
1.350993521198024986e-10	1.174278608884273378e+00	1.065790871569199894e+01	1.626931951853673730e-01	7.391861512950599622e-02	1.932309094319217130e-02	8.253194816918324461e-01	1.865368141747845154e-01	-2.166111512065861319e-02	-3.560107061559284001e-03
1.414991297434578731e-10	1.187450730967511081e+00	1.062515019720743936e+01	1.650253856167360755e-01	7.247572780519545566e-02	1.888407152783439305e-02	8.181560914881036428e-01	1.844145796780496394e-01	-2.194261951817303921e-02	-3.570188911489064528e-03
1.482020705798860072e-10	1.200179913861165071e+00	1.059152706960698964e+01	1.673239115903642493e-01	7.103713698248056985e-02	1.844892949754049424e-02	8.110417780243832642e-01	1.823281191028632287e-01	-2.221231435069134785e-02	-3.577738741931786853e-03
1.552225357427047968e-10	1.212451077759305385e+00	1.055701172220394746e+01	1.695873504981489088e-01	6.960467681968131315e-02	1.801829313849770756e-02	8.039822666666961437e-01	1.802784801385415581e-01	-2.246989971641487685e-02	-3.582817512893656658e-03
1.625755666443793407e-10	1.224253366094831597e+00	1.052158256315571805e+01	1.718147618035162361e-01	6.818003199575135842e-02	1.759269613111395791e-02	7.969823923961198986e-01	1.782662932534147537e-01	-2.271518003749739209e-02	-3.585496414570984395e-03
1.702769172225897821e-10	1.235579862496229531e+00	1.048522448934951612e+01	1.740056392862248669e-01	6.676474901457771227e-02	1.717258661809609871e-02	7.900462020566872967e-01	1.762918234563866371e-01	-2.294805685676652024e-02	-3.585855046194111675e-03
1.783430876931905687e-10	1.246427290527175158e+00	1.044792904113349508e+01	1.761598654781296458e-01	6.536026242021619748e-02	1.675834123741782450e-02	7.831770947639167257e-01	1.743550247280542809e-01	-2.316852110771162182e-02	-3.583979708798402941e-03
1.867913599020784805e-10	1.256795709753115498e+00	1.040969434203708488e+01	1.782776689794839386e-01	6.396787298036873959e-02	1.635026410018616122e-02	7.763778100199481003e-01	1.724555722134613889e-01	-2.337664527742604886e-02	-3.579961861257900928e-03
1.956398343517064725e-10	1.266688214230399678e+00	1.037052489441180825e+01	1.803595846075634612e-01	6.258880122935865653e-02	1.594860876417274545e-02	7.696506373385280098e-01	1.705929195426541256e-01	-2.357257556440454926e-02	-3.573896724917633317e-03
2.049074689815846066e-10	1.276110639905851052e+00	1.033043128018951151e+01	1.824064166249926011e-01	6.122413207699155951e-02	1.555356764791344069e-02	7.629972877410267085e-01	1.687663121655393339e-01	-2.375652431550318022e-02	-3.565882074607099831e-03
2.146141197858401440e-10	1.285071331250685400e+00	1.028942957290271742e+01	1.844192158537784620e-01	5.987485902868447396e-02	1.516528966901164836e-02	7.564190495178395590e-01	1.669748259190793616e-01	-2.392876363061895509e-02	-3.556017115215182305e-03
2.247805833548729991e-10	1.293582754502948351e+00	1.024753162116812533e+01	1.863996896925089464e-01	5.854158165226412691e-02	1.478379810609575795e-02	7.499153506664464341e-01	1.652170005901508476e-01	-2.408965385834837061e-02	-3.544398859956063210e-03
2.354286414322420067e-10	1.301661910829594593e+00	1.020473971250555323e+01	1.883503796428455668e-01	5.722437674052949230e-02	1.440895787516665791e-02	7.434831197025449923e-01	1.634906893731738753e-01	-2.423964779225663835e-02	-3.531118653504719714e-03
2.465811075822603842e-10	1.309327856790375222e+00	1.016105676385194734e+01	1.902741389862071530e-01	5.592319214862336713e-02	1.404059128628105425e-02	7.371186091837300669e-01	1.617935452764025228e-01	-2.437924148857042658e-02	-3.516263730488198951e-03
2.582618760682674929e-10	1.316601355878054047e+00	1.011648729708206140e+01	1.921740719755194171e-01	5.463787858774487444e-02	1.367848878055745974e-02	7.308175545442215926e-01	1.601230738707465628e-01	-2.450896690375790193e-02	-3.499917216221008071e-03
2.704959730463131364e-10	1.323504700268192336e+00	1.007103749339941245e+01	1.940535134124690697e-01	5.336821254168731127e-02	1.332241747513934066e-02	7.245752591080365512e-01	1.584766572050922695e-01	-2.462938778791803202e-02	-3.482157956301284302e-03
2.833096101839318258e-10	1.330061556207082551e+00	1.002471520433438990e+01	1.959160122830292672e-01	5.211391108270016503e-02	1.297212758803841133e-02	7.183866503687702521e-01	1.568515724441319481e-01	-2.474109615049173080e-02	-3.463060410415565692e-03
2.967302408188872501e-10	1.336296837571225415e+00	9.977529950764896682e+00	1.977653196302537331e-01	5.087466020308791664e-02	1.262736205381177063e-02	7.122463765754187826e-01	1.552450124158979150e-01	-2.484470942112041933e-02	-3.442694609685346963e-03
3.107866187782014063e-10	1.342236610018559873e+00	9.929492953292630375e+00	1.996053802556954915e-01	4.965009541235330948e-02	1.228785180393945735e-02	7.061487468736910023e-01	1.536540845732123628e-01	-2.494086838756278887e-02	-3.421126190840386491e-03
3.255088599835056406e-10	1.347908024913506475e+00	9.880617203924654035e+00	2.014403279650529011e-01	4.843980784563095554e-02	1.195332034166779467e-02	7.000877491522454754e-01	1.520758204487672738e-01	-2.503023581826544636e-02	-3.398416473371062424e-03
3.409285069746807543e-10	1.353339278919304833e+00	9.830917587926261803e+00	2.032744835832847596e-01	4.724346229794298968e-02	1.162351579959262741e-02	6.940574341457113050e-01	1.505072224645949974e-01	-2.511349567667852528e-02	-3.374622572583701671e-03
3.570785964900469852e-10	1.358559605277208870e+00	9.780411065142214255e+00	2.051123564442089153e-01	4.606057904027702904e-02	1.129815229350203745e-02	6.880511973071775644e-01	1.489451828496725916e-01	-2.519135335931857109e-02	-3.349797627843822349e-03
3.739937302478801677e-10	1.363599117513489611e+00	9.729118433800733712e+00	2.069585897561211918e-01	4.489083906364721432e-02	1.097699507778426321e-02	6.820628426677540768e-01	1.473866373970117438e-01	-2.526453335273556866e-02	-3.323991687708390333e-03
3.917101490809260641e-10	1.368486792053099643e+00	9.677079687460144797e+00	2.088173249172887436e-01	4.373422223970106770e-02	1.065990208876340696e-02	6.760877828526093980e-01	1.458290057278689711e-01	-2.533374655546520929e-02	-3.297259651690629279e-03
4.102658105827190344e-10	1.373248740539768864e+00	9.624352961516459359e+00	2.106919305569491530e-01	4.259114022903145308e-02	1.034687067943792019e-02	6.701238136695218950e-01	1.442704149743116449e-01	-2.539965132346095472e-02	-3.269660912008394340e-03
4.297004704320835313e-10	1.377907763799902208e+00	9.571004945323883462e+00	2.125851097094089981e-01	4.146217252056586672e-02	1.003797232266376120e-02	6.641701307296851153e-01	1.427095368046446544e-01	-2.546283684476005268e-02	-3.241255048802249312e-03
4.500557675700488183e-10	1.382482964045457674e+00	9.517107733732006025e+00	2.144988844078151990e-01	4.034810093659643021e-02	9.733363054193531691e-03	6.582274735773852026e-01	1.411456054327491494e-01	-2.552381214947763502e-02	-3.212100908767677714e-03
4.713753134116729086e-10	1.386989562150930499e+00	9.462736460247617387e+00	2.164345964808928602e-01	3.924965904837261071e-02	9.433212571195578530e-03	6.522972797770552056e-01	1.395783057795923765e-01	-2.558300062518549869e-02	-3.182256268549043306e-03
4.937047852839003559e-10	1.391438816383352206e+00	9.407967356964000771e+00	2.183929163149138652e-01	3.816776348017389409e-02	9.137767942522105266e-03	6.463824606353094637e-01	1.380078540922150543e-01	-2.564073638042795727e-02	-3.151777539779748380e-03
5.170920242896755486e-10	1.395838021266042617e+00	9.352876093241675903e+00	2.203738596892428070e-01	3.710324937848463039e-02	8.847276685978431449e-03	6.404864768071346637e-01	1.364348657331322934e-01	-2.569726321584632836e-02	-3.120719764734094289e-03
5.415871378079465267e-10	1.400190553483899869e+00	9.297536344151112075e+00	2.223768088109739360e-01	3.605698228841616726e-02	8.562014986934853022e-03	6.346136891244104072e-01	1.348603756888283600e-01	-2.575273422953272898e-02	-3.089136532650479851e-03
5.672426068491988835e-10	1.404495961441311946e+00	9.242018541145704091e+00	2.244005382669101156e-01	3.502982743385286979e-02	8.282275629504291109e-03	6.287692169108723972e-01	1.332857966463364130e-01	-2.580721271261127853e-02	-3.057079982705391760e-03
5.941133984965039838e-10	1.408750092959892619e+00	9.186388791159659561e+00	2.264432455245680709e-01	3.402252967051541677e-02	8.008330832478226247e-03	6.229584706448042519e-01	1.317128346583442411e-01	-2.586067421937615976e-02	-3.024600870086643911e-03
6.222570836730231313e-10	1.412945246951209599e+00	9.130707959391925144e+00	2.285025839529407354e-01	3.303587970853173739e-02	7.740476235098406495e-03	6.171876843406566282e-01	1.301435287631140525e-01	-2.591300891505338849e-02	-2.991748535375617340e-03
6.517339604882420571e-10	1.417070196646790903e+00	9.075033726748136687e+00	2.305756021568050596e-01	3.207054012935863646e-02	7.478975862484501039e-03	6.114633535150296728e-01	1.285801890038250350e-01	-2.596402359603416574e-02	-2.958572637240870339e-03
6.826071834272379248e-10	1.421110799903828603e+00	9.019424389952389376e+00	2.326587298085746602e-01	3.112726133264068912e-02	7.224118218777502050e-03	6.057930029981194453e-01	1.270254815421496819e-01	-2.601345768581009993e-02	-2.925125799633407440e-03
7.149428986597561750e-10	1.425052157230739303e+00	8.963929330658775285e+00	2.347483621918538821e-01	3.020660580034423628e-02	6.976132285243594709e-03	6.001835475622134819e-01	1.254819647870985821e-01	-2.606102389276857001e-02	-2.891457927789107749e-03
7.488103857590030225e-10	1.428879485613288258e+00	8.908588937117249529e+00	2.368410163581213812e-01	2.930894095560578408e-02	6.735182059582899526e-03	5.946410735315748042e-01	1.239519913545231722e-01	-2.610642755626303019e-02	-2.857615794389466082e-03
7.842822061337681836e-10	1.432578520268359634e+00	8.853436378902918236e+00	2.389333649586103114e-01	2.843450631315423693e-02	6.501383719003546273e-03	5.891710286455316137e-01	1.224377162468495983e-01	-2.614937687303913252e-02	-2.823643643286810785e-03
8.214343584919422200e-10	1.436135788451085915e+00	8.798499015529495537e+00	2.410222576673641259e-01	2.758340736420114223e-02	6.274803187947264327e-03	5.837781640045642817e-01	1.209410811588907120e-01	-2.618959036835218773e-02	-2.789583633041659884e-03
8.603464416684491388e-10	1.439538796827791289e+00	8.743799563758289040e+00	2.431047336755915722e-01	2.675560757283054064e-02	6.055453739773026395e-03	5.784664779057236972e-01	1.194638037191093627e-01	-2.622680208462300697e-02	-2.755476090578470698e-03
9.011018251665036851e-10	1.442776161319992978e+00	8.689357081949255601e+00	2.451780284444685376e-01	2.595102168512138097e-02	5.843322776875718022e-03	5.732395464199226964e-01	1.180074197941397424e-01	-2.626076540165495771e-02	-2.721359679576533085e-03
9.437878277775391497e-10	1.445837693149407910e+00	8.635187797235984064e+00	2.472395763194953633e-01	2.516947675746271720e-02	5.638361600688958364e-03	5.681003713000729594e-01	1.165732666303055665e-01	-2.629125591905302761e-02	-2.687271536157938550e-03
9.884959046625586031e-10	1.448714450784858165e+00	8.581305808769734256e+00	2.492870097534355955e-01	2.441073825498169675e-02	5.440494012904539128e-03	5.630514739321018647e-01	1.151624996357554498e-01	-2.631807341698530131e-02	-2.653247345141585955e-03
1.035321843295661502e-09	1.451398764094168570e+00	8.527723678091689408e+00	2.513181559410913035e-01	2.367452511697361664e-02	5.249621273146183077e-03	5.580949536218396956e-01	1.137761048339760717e-01	-2.634104311594040113e-02	-2.619321386545110132e-03
1.084365968689608688e-09	1.453884240114619697e+00	8.474452889844110715e+00	2.533310330755751960e-01	2.296051153240748557e-02	5.065624354631059235e-03	5.532324970083494220e-01	1.124149070135904566e-01	-2.636001645178423156e-02	-2.585526547422964047e-03
1.135733358343102889e-09	1.456165751039707468e+00	8.421503018860184042e+00	2.553238818212022476e-01	2.226832619299668262e-02	4.888364790351695625e-03	5.484653411239580612e-01	1.110795574645197653e-01	-2.637487055080652357e-02	-2.551893569205434913e-03
1.189534067370320724e-09	1.458239065244481436e+00	8.368882602017546191e+00	2.572950836638795979e-01	2.159756885480102265e-02	4.717691915327511254e-03	5.437944220309337551e-01	1.097705910941936119e-01	-2.638550101936983083e-02	-2.518451549743465703e-03
1.245883364295008068e-09	1.460100435537665220e+00	8.316601135790111954e+00	2.592430321089252421e-01	2.094785065092432536e-02	4.553454330518522455e-03	5.392206664579430875e-01	1.084885140049694219e-01	-2.639181452835872785e-02	-2.485229246259482681e-03
1.304901978014401580e-09	1.461746479055523240e+00	8.264668739245413676e+00	2.611661220181542009e-01	2.031878347781561692e-02	4.395498655596754255e-03	5.347449624755253872e-01	1.072338071484030958e-01	-2.639372622864535889e-02	-2.452254860402706613e-03
1.366716356462010101e-09	1.463174123673271598e+00	8.213095805789940584e+00	2.630627514038763604e-01	1.970998716391017883e-02	4.243671829422438792e-03	5.303681868720712123e-01	1.060069301707605161e-01	-2.639115856353492842e-02	-2.419555788908326135e-03
1.431458937523481393e-09	1.464380586746854673e+00	8.161892753606609929e+00	2.649313264829836201e-01	1.912107743867007617e-02	4.097818823642460258e-03	5.260911528500901158e-01	1.048083152181742000e-01	-2.638404098796886393e-02	-2.387158452122767512e-03
1.499268432786047049e-09	1.465363367513979886e+00	8.111069846939731320e+00	2.667702674699371501e-01	1.855167032169429547e-02	3.957783911036582419e-03	5.219146219839493339e-01	1.036383670738434959e-01	-2.637230985710251399e-02	-2.355088137435477468e-03
1.570290124729377524e-09	1.466120252784427480e+00	8.060637073806862674e+00	2.685780154188192048e-01	1.800138055362216979e-02	3.823411063678665289e-03	5.178392915842304767e-01	1.024974613528766149e-01	-2.635590874830040509e-02	-2.323368897791407758e-03
1.644676177994662829e-09	1.466649326625253380e+00	8.010604052708057310e+00	2.703530392636209201e-01	1.746981745283853263e-02	3.694542884108122961e-03	5.138657711526817273e-01	1.013859398879320972e-01	-2.633478881298612073e-02	-2.292023456365859836e-03
1.722585965398783835e-09	1.466948984780385379e+00	7.960979982033471458e+00	2.720938426697977475e-01	1.695655504455658921e-02	3.571012702543441535e-03	5.099944516568154507e-01	1.003040926323638948e-01	-2.630890926064255106e-02	-2.261073148790109302e-03
1.804186409392068039e-09	1.467017950635221890e+00	7.911773610627275133e+00	2.737989707552703766e-01	1.646130106417933309e-02	3.452692105503534555e-03	5.062262015877201371e-01	9.925224994299873538e-02	-2.627823785764827128e-02	-2.230537877281519882e-03
1.889652339691211477e-09	1.466855291456364396e+00	7.862993132785010886e+00	2.754670197774050644e-01	1.598354911595178604e-02	3.339393777566999465e-03	5.025609130801728108e-01	9.823058619920481405e-02	-2.624275134457174086e-02	-2.200436021960522001e-03
1.979166867853557524e-09	1.466460456940712254e+00	7.814645269016834206e+00	2.770966803653777677e-01	1.552292436112502790e-02	3.230968962607022599e-03	4.989988951822769137e-01	9.723929415571046231e-02	-2.620243577633283791e-02	-2.170783839920289917e-03
2.072921779595369695e-09	1.465833376726944692e+00	7.766735455512252528e+00	2.786867548555703178e-01	1.507900073108302264e-02	3.127256506853488133e-03	4.955400975709900457e-01	9.627847722860399804e-02	-2.615728880809197951e-02	-2.141595511319130309e-03
2.171117945694509622e-09	1.464974528324225256e+00	7.719268508693799546e+00	2.802361519626749287e-01	1.465134812403609196e-02	3.028095291967067889e-03	4.921843134281907450e-01	9.534817860630404041e-02	-2.610732159734485691e-02	-2.112883501360929631e-03
2.273965752357932151e-09	1.463884961487297964e+00	7.672248853771042043e+00	2.817438879192580292e-01	1.423953658052170071e-02	2.933326235470021508e-03	4.889311977151843402e-01	9.444838668862882980e-02	-2.605255946075904494e-02	-2.084658685475124663e-03
2.381685551976160644e-09	1.462566303393046718e+00	7.625680705123790482e+00	2.832090853351655335e-01	1.384312919371893588e-02	2.842789968169031570e-03	4.857802393710959898e-01	9.357903256707490736e-02	-2.599304201175883788e-02	-2.056930461593935600e-03
2.494508135230316413e-09	1.461020753113151827e+00	7.579568204527807218e+00	2.846309711931110931e-01	1.346169720369548399e-02	2.756331300510405941e-03	4.827308298673727571e-01	9.274000201934051724e-02	-2.592882305877351398e-02	-2.029706853497332316e-03
2.612675225563326382e-09	1.459251066721785284e+00	7.533915534767153588e+00	2.860088736141442323e-01	1.309480903673393426e-02	2.673796322921921827e-03	4.797822208115899989e-01	9.193113256990403936e-02	-2.585997009510323380e-02	-2.002994584877460828e-03
2.736439997074666368e-09	1.457260541964010780e+00	7.488727003410471816e+00	2.873422193491907972e-01	1.274203784815260143e-02	2.595034460475251648e-03	4.769335606219147761e-01	9.115222051386157043e-02	-2.578656416628981318e-02	-1.976799214188547545e-03
2.866067616948244470e-09	1.455052992306647086e+00	7.444007116735670060e+00	2.886305292859535632e-01	1.240296347213712402e-02	2.519899157534062975e-03	4.741839092723183491e-01	9.040302593226989814e-02	-2.570869882548522389e-02	-1.951125160671105495e-03
3.001835813575592210e-09	1.452632724425838129e+00	7.399760619260402628e+00	2.898734156778839388e-01	1.207717377157468269e-02	2.448248167839948627e-03	4.715322487762511061e-01	8.968327597958968000e-02	-2.562647977941098776e-02	-1.925975821120386438e-03
3.144035471591500167e-09	1.450004510363406940e+00	7.355992540527029000e+00	2.910705778120571408e-01	1.176424955292790578e-02	2.379939671168101317e-03	4.689774216784621808e-01	8.899265952430919502e-02	-2.554002396572455438e-02	-1.901353626062374409e-03
3.292971255097148186e-09	1.447173526912598929e+00	7.312707757570358069e+00	2.922218101534654888e-01	1.146379594802654847e-02	2.314840695245182472e-03	4.665182642494324905e-01	8.833084316485365073e-02	-2.544945804486400259e-02	-1.877259902344823473e-03
3.448962260405766611e-09	1.444145188020119264e+00	7.269910241664289785e+00	2.933270021294315244e-01	1.117540702835094317e-02	2.252818064815733691e-03	4.641534502524180539e-01	8.769745249200842918e-02	-2.535491303051276221e-02	-1.853694406353514554e-03
3.612342699709437910e-09	1.440925127052249399e+00	7.227604555183549273e+00	2.943860774296326310e-01	1.089868983582328692e-02	2.193744308129086558e-03	4.618816578408478923e-01	8.709211317860855728e-02	-2.525652686660791180e-02	-1.830656649143544206e-03
3.783462617131932968e-09	1.437519127784522732e+00	7.185796023653278297e+00	2.953989736624898499e-01	1.063327368503027073e-02	2.137499854324913934e-03	4.597016329685452152e-01	8.651446562455779310e-02	-2.515444082936793210e-02	-1.808145733838451745e-03
3.962688638701478467e-09	1.433933099680292589e+00	7.144490564875637162e+00	2.963656445674693884e-01	1.037879878777555817e-02	2.083970370548700757e-03	4.576121374699621547e-01	8.596415847920141351e-02	-2.504879982813157380e-02	-1.786160494725931190e-03
4.150404757850472502e-09	1.430173052065336403e+00	7.103694558762223998e+00	2.972860605641278742e-01	1.013490937724629247e-02	2.033044394024429314e-03	4.556119180946360814e-01	8.544084335898603777e-02	-2.493975139447764458e-02	-1.764699437380678115e-03
4.347013158125017173e-09	1.426245080572365653e+00	7.063414749455375841e+00	2.981602106602382340e-01	9.901279963713170706e-03	1.984620587313583057e-03	4.536998261269494792e-01	8.494419105459964647e-02	-2.482744516159927917e-02	-1.743760722655010066e-03
4.552935074866938773e-09	1.422155357938178932e+00	7.023658160936704142e+00	2.989881048627729965e-01	9.677584305426721600e-03	1.938599137171854005e-03	4.518746744118652403e-01	8.447387116765356363e-02	-2.471203252494878072e-02	-1.723342166863890213e-03
4.768611697714474181e-09	1.417910127880194882e+00	6.984432035649419390e+00	2.997697764056903580e-01	9.463508984587219730e-03	1.894885460474013536e-03	4.501352983010315501e-01	8.402955996719185805e-02	-2.459366632012018397e-02	-1.703441242113201649e-03
4.994505115855140358e-09	1.413515701127443513e+00	6.945743781502208947e+00	3.005052841903600447e-01	9.258753397369569316e-03	1.853389961320748690e-03	4.484805545065155830e-01	8.361093913983887183e-02	-2.447250057791632363e-02	-1.684055081398449887e-03
5.231099308056257792e-09	1.408978452553820926e+00	6.907600931127475086e+00	3.011947150340841262e-01	9.063023752510088876e-03	1.814026448064670919e-03	4.469092921472571645e-01	8.321769143326632201e-02	-2.434869032661707289e-02	-1.665180491663430717e-03
5.478901179593956120e-09	1.404304815697491993e+00	6.870011090178498314e+00	3.018381859200574002e-01	8.876036460681325027e-03	1.776712840929098444e-03	4.454203671942914000e-01	8.284950161216196596e-02	-2.422239130979783259e-02	-1.646813956681252890e-03
5.738441648302404521e-09	1.399501184746564819e+00	6.832981164141243902e+00	3.024358582615813140e-01	8.697515087874731210e-03	1.741370585459019052e-03	4.440126154915733925e-01	8.250604915076105439e-02	-2.409375727530438036e-02	-1.628951298752284206e-03
6.010276782070388176e-09	1.394573869157873958e+00	6.796517115930853947e+00	3.029879407427237270e-01	8.527185595665178267e-03	1.707923290820653013e-03	4.426848283965191255e-01	8.218700402371309499e-02	-2.396293866677177281e-02	-1.611587598193977037e-03
6.294988990221888141e-09	1.389529218680497280e+00	6.760624930291729839e+00	3.034946752724390073e-01	8.364782549749249022e-03	1.676298013567140144e-03	4.414357959072818249e-01	8.189203603728052727e-02	-2.383008603661884023e-02	-1.594717715248437353e-03
6.593188271333541710e-09	1.384373633262263592e+00	6.725310687461250936e+00	3.039563369219655531e-01	8.210051176607367079e-03	1.646425625837357820e-03	4.402643172030992202e-01	8.162081589404943105e-02	-2.369535006945498734e-02	-1.578336325827262151e-03
6.905513520162316861e-09	1.379113564764643529e+00	6.690580563912887690e+00	3.043732352971770250e-01	8.062745936080438491e-03	1.618240429295849476e-03	4.391691934013967069e-01	8.137301380432646059e-02	-2.355888165490030439e-02	-1.562437961464768332e-03
7.232633896483518810e-09	1.373755514672709399e+00	6.656440826644447917e+00	3.047457153211343694e-01	7.922627879527620667e-03	1.591679269901937312e-03	4.381492149868882469e-01	8.114829710019644260e-02	-2.342083175496388267e-02	-1.547017026792411529e-03
7.575250258771920716e-09	1.368306029657490264e+00	6.622897823723425503e+00	3.050741576936216171e-01	7.789468835270379685e-03	1.566682721257980438e-03	4.372031817481263904e-01	8.094633292549954784e-02	-2.328135126810232380e-02	-1.532067821584180483e-03
7.934096665797492339e-09	1.362771698477241555e+00	6.589957979997246973e+00	3.053589793823413001e-01	7.663044988142238105e-03	1.543193171241319731e-03	4.363298724458792299e-01	8.076678341673400319e-02	-2.314059093146580981e-02	-1.517584562756050083e-03
8.309941949353386453e-09	1.357159144129889139e+00	6.557627777141644465e+00	3.056006337417025986e-01	7.543144645328963768e-03	1.521156826791891965e-03	4.355280819643382872e-01	8.060931045870339817e-02	-2.299870110853746707e-02	-1.503561398590227494e-03
8.703591361485183753e-09	1.351475018251926397e+00	6.525913736068400972e+00	3.057996109852628708e-01	7.429561209534700679e-03	1.500521977934476990e-03	4.347965879399647293e-01	8.047357121735286556e-02	-2.285583170237170253e-02	-1.489992427656312802e-03
9.115888299750837812e-09	1.345725993139408327e+00	6.494822404281939576e+00	3.059564378455097988e-01	7.322097624099275365e-03	1.481239900319555099e-03	4.341341725105728466e-01	8.035922036254361522e-02	-2.271213189563628040e-02	-1.476871709360516550e-03
9.547716114208065503e-09	1.339918726239271329e+00	6.464360179680317842e+00	3.060716786217424490e-01	7.220559294806103666e-03	1.463263043397425647e-03	4.335395878847301820e-01	8.026590507087626170e-02	-2.256774938692215557e-02	-1.464193219598780484e-03
1.000000000000000021e-08	1.334059604544758360e+00	6.434532053705583010e+00	3.061459371150256348e-01	7.124758507606887212e-03	1.446546467660463032e-03	4.330115756376538005e-01	8.019326749844946089e-02	-2.242282405607942328e-02	-1.451950354067464829e-03
