# Pressure Mass Radius Compactness k2 k3 h2 h3 j2 j3
9.999999999999999799e-13	6.686929899938246491e-01	2.202382322069508518e+03	4.483367022682298677e-04	2.492145346959085545e-02	5.412459651528255921e-09	9.314741448036707450e-01	3.390087302587510565e-01	-1.346911102059590556e-05	-3.513506278070289777e-06
1.047370897959448749e-12	6.591787460145343003e-01	2.468473777985208471e+03	3.943164659034041511e-04	2.094032429172253476e-02	-2.484894452527203303e-09	1.393990937549215214e+00	3.399301706448851768e-01	-1.299313469042992555e-05	-3.454431325973089170e-06
1.096985797892381920e-12	6.385121450585895531e-01	2.822600716198759073e+03	3.340334429853386426e-04	2.295872617636166013e-02	-7.669672325413956502e-10	2.838379557627325411e+00	3.411270257618930768e-01	-1.216656924409558633e-05	-3.322039481952728773e-06
1.148951000187311009e-12	5.920414376263086753e-01	3.323729958105465357e+03	2.630247448524231156e-04	1.116913392626113152e-02	7.242476379143540812e-11	1.812800791660517663e-01	3.426922210388261836e-01	-1.074273515094754812e-05	-3.013475280711715344e-06
1.203377840777590522e-12	4.876266779428253262e-01	4.108831906064869145e+03	1.752424508281896537e-04	2.405974414197185624e-03	3.819207440650431641e-12	2.245681408426512468e-02	3.447055057868587125e-01	-8.030543793847876973e-06	-2.334111830579795484e-06
1.260382929679727463e-12	2.353828311726746392e-01	4.863680912103512128e+03	7.146278586430294131e-05	2.718174596438253915e-05	8.843776823812034727e-15	3.871730060240126023e-04	3.434042496647743969e-01	-2.010433357617800882e-06	-8.263126327658682493e-07
1.320088400831416649e-12	9.053822871640911096e-02	6.795804152798936002e+02	1.967258245409757777e-04	1.532277493794535067e-03	-7.930563463960000488e-10	1.008796273599569249e+00	3.333857064797430270e-01	-2.977017746501045123e-07	-8.124078524341115029e-08
1.382622173764653478e-12	8.793785790177928441e-02	2.460817469758125355e+02	5.276752397111814791e-04	3.097071944452851715e-04	2.137998092028797672e-08	9.986007415946916987e-01	3.327160193819301837e-01	-2.659679137469701312e-07	-6.325197703048613073e-08
1.448118227674535917e-12	8.862519489886093449e-02	1.442512784702930446e+02	9.072098718797836150e-04	2.002323016987674260e-04	-2.480391320941125776e-07	9.975569884637728313e-01	3.321765601550229485e-01	-3.173363552184482825e-07	-6.772595109335736552e-08
1.516716888470924089e-12	9.013010743505248112e-02	1.008539451024041114e+02	1.319614966876685256e-03	1.658804165073892920e-04	-6.964433740215790294e-07	9.964007043833910116e-01	3.316169416119443825e-01	-4.082308128754454804e-07	-7.871757929894835276e-08
1.588565129428052692e-12	9.205669542255390247e-02	7.723938743213153657e+01	1.759895152592699363e-03	1.555965865242231027e-04	-4.886502842011349892e-05	9.950390624996415800e-01	3.310276847289033708e-01	-5.475102083185385161e-07	-9.447654401902591487e-08
1.663816886076127415e-12	9.427341503320939287e-02	6.254641359663001765e+01	2.225650988720146578e-03	1.588700603943859189e-04	-1.620390542543216281e-04	9.936623194119588165e-01	3.304083107935700259e-01	-7.611659758109004705e-07	-1.151876128934960604e-07
1.742633386009647278e-12	9.672234158382866931e-02	5.259235806080761932e+01	2.715653734622244277e-03	1.743688669469405550e-04	3.339738184515785870e-04	9.922316295775214234e-01	3.297593066831109310e-01	-1.091881692659306680e-06	-1.419970993356215449e-07
1.825183494319046040e-12	9.937447033999301238e-02	4.543932269368029608e+01	3.229335841052382965e-03	2.043639438745907587e-04	5.148119591975007254e-05	9.907644532877509791e-01	3.290810817499887353e-01	-1.601339333969446870e-06	-1.771278560080223583e-07
1.911644075385703708e-12	1.022140952503784173e-01	4.007281659011364638e+01	3.766440882339852029e-03	2.533232641256453056e-04	5.552138392488210580e-05	9.892683842803630112e-01	3.283740429532043259e-01	-2.372515793160581940e-06	-2.242406379293535212e-07
2.002200371815584363e-12	1.052325705743791529e-01	3.591228945484105850e+01	4.326904615244877954e-03	3.271358657921974748e-04	5.111433953437543378e-05	9.877541223852837060e-01	3.276385289809295998e-01	-3.511733482931498535e-06	-2.889404951039221423e-07
2.097046401323230665e-12	1.084252977544604007e-01	3.260247049478781634e+01	4.910778524593508582e-03	4.329394317192588899e-04	6.292886946574502514e-05	9.862385795055190751e-01	3.268749269888186482e-01	-5.150209809344741298e-06	-3.793975843892324909e-07
2.196385372416542332e-12	1.117902439240688606e-01	2.991414099632290302e+01	5.518202104453204596e-03	5.788309976120595973e-04	6.775968442620811799e-05	9.847373049005547774e-01	3.260836798945039861e-01	-7.445136788347962111e-06	-5.070239858180605555e-07
2.300430119772921506e-12	1.153272277304677601e-01	2.769293357085559748e+01	6.149405381463475539e-03	7.736457442655499030e-04	8.239141524668171658e-05	9.832691852755470752e-01	3.252652909682191562e-01	-1.058038193082977025e-05	-6.872021274416659006e-07
2.409403560239526876e-12	1.190373137842394985e-01	2.583127615433205548e+01	6.804676614733141081e-03	1.026728987316218771e-03	9.983734944430378813e-05	9.818522821505315523e-01	3.244203673055202075e-01	-1.476663549484519531e-05	-9.400215863309661121e-07
2.523539170434765862e-12	1.229214133310838203e-01	2.425238474207478490e+01	7.484164606421706868e-03	1.347651165827396143e-03	1.233140676158807954e-04	9.805069393809021649e-01	3.235498955966791823e-01	-2.023948584054228005e-05	-1.290889791255821867e-06
2.643081486974102692e-12	1.269803559061334075e-01	2.289985446964940863e+01	8.187928708699304670e-03	1.745871219919961767e-03	1.544185734330531822e-04	9.792530598145747778e-01	3.226551487254514794e-01	-2.725751739154895655e-05	-1.771090170246535498e-06
2.768286630392061017e-12	1.312153732980030907e-01	2.173114717777006533e+01	8.916046036060210761e-03	2.230547308505373850e-03	1.957515762160506531e-04	9.781103996459242778e-01	3.217375445622101537e-01	-3.610086543770879813e-05	-2.418293207676087535e-06
2.899422853882880921e-12	1.356279997992960729e-01	2.071360267386667076e+01	9.668607952227367339e-03	2.810312926131425595e-03	2.492057843559215857e-04	9.770975510269925834e-01	3.207986409208181122e-01	-4.706892724619253146e-05	-3.276908650105897918e-06
3.036771118035460378e-12	1.402199853633445681e-01	1.982174903706155078e+01	1.044571516419531484e-02	3.493068842399078659e-03	3.164543111975241059e-04	9.762319377222000716e-01	3.198401178571682046e-01	-6.047775843182641301e-05	-4.398302278697365503e-06
3.180625692794118977e-12	1.449932240162022934e-01	1.903544247826066993e+01	1.124747315754258577e-02	4.285761520430589160e-03	3.999475721911079150e-04	9.755291318512847587e-01	3.188637393260932429e-01	-7.665722353988387733e-05	-5.840858934212768492e-06
3.331294787934670055e-12	1.499496915070424874e-01	1.833855375377342156e+01	1.207398769838295693e-02	5.194333887255022687e-03	5.024791408195807257e-04	9.750028121692233540e-01	3.178713663334664097e-01	-9.594795982055561692e-05	-7.669874614480527361e-06
3.489101213406766494e-12	1.550915087538319026e-01	1.771800943240934245e+01	1.292538021895753807e-02	6.223506859115971249e-03	6.261526694091667069e-04	9.746643378142826331e-01	3.168648624020867222e-01	-1.186987396295925110e-04	-9.957345882491057756e-06
3.654383070957261569e-12	1.604213112563373789e-01	1.716306941032171451e+01	1.380185110957162474e-02	7.376853914634461974e-03	7.734741383342718952e-04	9.745226158847587472e-01	3.158460019215539316e-01	-1.452657731471366977e-04	-1.278183799910602359e-05
3.827494478516314936e-12	1.659420055325310783e-01	1.666486205338060245e+01	1.470363950953780703e-02	8.656774475974658017e-03	9.465657168674677458e-04	9.745842129478277105e-01	3.148165093591692165e-01	-1.760097898600751336e-04	-1.622801932538076757e-05
4.008806328898464320e-12	1.716566600018534783e-01	1.621600839754269074e+01	1.563100609606024247e-02	1.006435834684545928e-02	1.147807234057776453e-03	9.748530746328116781e-01	3.137780046791918687e-01	-2.112934678885049428e-04	-2.038611762696735115e-05
4.198707084443905621e-12	1.775684850966192108e-01	1.581032460031983433e+01	1.658423099067945355e-02	1.159952729628608431e-02	1.379101328067516711e-03	9.753308218184502110e-01	3.127320262016598518e-01	-2.514792277710805701e-04	-2.535129823048365538e-05
4.397603609302712498e-12	1.836808151017216562e-01	1.544259223382659663e+01	1.756361178043143456e-02	1.326094416708747080e-02	1.642323140272622080e-03	9.760165568468368580e-01	3.116799599680757926e-01	-2.969271834331209587e-04	-3.122294421788833203e-05
4.605922041145112927e-12	1.899970919781530931e-01	1.510837908684001718e+01	1.856946175340006694e-02	1.504611176075390175e-02	1.938911687790435909e-03	9.769070336783830522e-01	3.106230361706420195e-01	-3.479932806093067330e-04	-3.810391051061966364e-05
4.824108704165373984e-12	1.965208297567868634e-01	1.480389886142278222e+01	1.960210516319472671e-02	1.695147352005358862e-02	2.270183719890026767e-03	9.779968719341551875e-01	3.095623266352022229e-01	-4.050273244176033193e-04	-4.609965588144407275e-05
5.052631065335679604e-12	2.032553129202734066e-01	1.452590980677006982e+01	2.066183068146533117e-02	1.897228592416963858e-02	2.636991805721513368e-03	9.792783882180081667e-01	3.084987348984619127e-01	-4.683685289782845004e-04	-5.531695295510037982e-05
5.291978735958436557e-12	2.102036263997100196e-01	1.427161714652756075e+01	2.174889779855631450e-02	2.110283613962251822e-02	3.039972618109158635e-03	9.807420114991560744e-01	3.074330127526115342e-01	-5.383434742544455486e-04	-6.586282960262035196e-05
5.542664520663095602e-12	2.173689010494775087e-01	1.403858966432533606e+01	2.286357636588640108e-02	2.333648891734518838e-02	3.479315215124322621e-03	9.823762426088692434e-01	3.063656699116785176e-01	-6.152667512697482894e-04	-7.784387730595915505e-05
5.805225516094907684e-12	2.247543106410803404e-01	1.382470315787342230e+01	2.400614638603176115e-02	2.566588701839814940e-02	3.954962169471519517e-03	9.841680442938219864e-01	3.052969961696712642e-01	-6.994399141657890165e-04	-9.136533987828528245e-05
6.080224261649427052e-12	2.323630583352488121e-01	1.362809421974046131e+01	2.517689632534645880e-02	2.808298642696309064e-02	4.466405259524897781e-03	9.861029063834090280e-01	3.042270422766379934e-01	-7.911504659241299113e-04	-1.065301830527220399e-04
6.368249944718585906e-12	2.401983622839423127e-01	1.344712200571569127e+01	2.637612132217323491e-02	3.057920912123738080e-02	5.012841270340603721e-03	9.881651387951865262e-01	3.031556357206467434e-01	-8.906709811964047064e-04	-1.234382029479626545e-04
6.669919663030115058e-12	2.482634428333019561e-01	1.328033637819492974e+01	2.760412169379715050e-02	3.314547094422186369e-02	5.593111576983149195e-03	9.903379220710516462e-01	3.020823665601484187e-01	-9.982583921388356405e-04	-1.421851604546167376e-04
6.985879746785234820e-12	2.565616513548054090e-01	1.312644879962670963e+01	2.886122286148264104e-02	3.577243032668687983e-02	6.205759559124760308e-03	9.926037572456760660e-01	3.010066086291734999e-01	-1.114155401344936371e-03	-1.628623425910189220e-04
7.316807143427207274e-12	2.650966396153677240e-01	1.298430856776333897e+01	3.014780030120918497e-02	3.845055643925541361e-02	6.849091256134652410e-03	9.949445316104810200e-01	2.999274878415871814e-01	-1.238593100780992782e-03	-1.855563865069178578e-04
7.663410868007462274e-12	2.738721778333663148e-01	1.285288886656157814e+01	3.146425100292701837e-02	4.117011347401767357e-02	7.521041779160890332e-03	9.973415465617982978e-01	2.988439008043442535e-01	-1.371788850208961697e-03	-2.103483376213282057e-04
8.026433522257174683e-12	2.828921267012572960e-01	1.273127144099392538e+01	3.281098874508987795e-02	4.392143012535247582e-02	8.219413227068228869e-03	9.997760921535913115e-01	2.977546101840634618e-01	-1.513946104677704827e-03	-2.373130685425625587e-04
8.406652885618316356e-12	2.921604287904021047e-01	1.261863301299313633e+01	3.418844265130946414e-02	4.669474446145795848e-02	8.941758626269880744e-03	1.002229111893594871e+00	2.966581689275885059e-01	-1.665254421607595750e-03	-2.665187251722364267e-04
8.804883581643446547e-12	3.016811045598014607e-01	1.251423362537594208e+01	3.559705635045284922e-02	4.948041611602822798e-02	9.685417568023031373e-03	1.004681644589948242e+00	2.955529994952327821e-01	-1.825889789030710371e-03	-2.980263512198400586e-04
9.221978823334340144e-12	3.114582430922658851e-01	1.241740664451344500e+01	3.703728648802111223e-02	5.226888466379023268e-02	1.044758236799145541e-02	1.007114732530169032e+00	2.944373755973160867e-01	-1.996014705734087437e-03	-3.318894374541015140e-04
9.658832241158709141e-12	3.214957060408172862e-01	1.232755256165006941e+01	3.850955932247994429e-02	5.505075805118237603e-02	1.122530032651447053e-02	1.009509708861924260e+00	2.933095073488530269e-01	-2.175773224683028029e-03	-3.681525390469485249e-04
1.011637979766206976e-11	3.317965186339706385e-01	1.224413488777409675e+01	4.001418305109864099e-02	5.781663401514257339e-02	1.201543578528931934e-02	1.011848009344755495e+00	2.921676003126948418e-01	-2.365279262783265713e-03	-4.068484539371045039e-04
1.059560179277614774e-11	3.423634493029343306e-01	1.216666640343011174e+01	4.155143509212406994e-02	6.055732218544338658e-02	1.281475077557157373e-02	1.014111416697629497e+00	2.910097996856447211e-01	-2.564626177541630241e-03	-4.479997465332603173e-04
1.109752496412069864e-11	3.531991269726631466e-01	1.209470246724900200e+01	4.312158020971181699e-02	6.326397606769512683e-02	1.361996110199163723e-02	1.016282294264366781e+00	2.898342128616144819e-01	-2.773889028160382748e-03	-4.916189260194361345e-04
1.162322468679854125e-11	3.643060212944224663e-01	1.202783643382352707e+01	4.472486835215079559e-02	6.592809619660633391e-02	1.442774395363714129e-02	1.018343592099143713e+00	2.886389175718895306e-01	-2.993124558720412602e-03	-5.377082435151752781e-04
1.217382727739662020e-11	3.756864208875486111e-01	1.196569562319293034e+01	4.636153231548942322e-02	6.854157518301437491e-02	1.523478025463173569e-02	1.020278946224806749e+00	2.874219842760509791e-01	-3.222371153930064791e-03	-5.862595389331638285e-04
1.275051240713012859e-11	3.873424121306905388e-01	1.190793779007075059e+01	4.803178545104808822e-02	7.109675618438474065e-02	1.603778408402950148e-02	1.022072809854967845e+00	2.861815058648720100e-01	-3.461648839868154085e-03	-6.372541594044246315e-04
1.335451562929897339e-11	3.992760226884163322e-01	1.185424729002675370e+01	4.973584295105053232e-02	7.358639100470551475e-02	1.683351034359950246e-02	1.023710311505010795e+00	2.849155676264608084e-01	-3.710962734335304311e-03	-6.906636689977078145e-04
1.398713102647241439e-11	4.114897941315461827e-01	1.180433037187004430e+01	5.147400347035714641e-02	7.600394146071520751e-02	1.761887201758292887e-02	1.025177744139498692e+00	2.836222555508892129e-01	-3.970316038196675633e-03	-7.464526926777904393e-04
1.464971398307287854e-11	4.239863160340034409e-01	1.175791566489650819e+01	5.324658194458584126e-02	7.834315530904775726e-02	1.839082088667359088e-02	1.026461791014789959e+00	2.822996326016319890e-01	-4.239701554284367770e-03	-8.045771998988739343e-04
1.534368408930013065e-11	4.367680262377791611e-01	1.171475285278478395e+01	5.505388134668457584e-02	8.059833657204189261e-02	1.914646747192686946e-02	1.027550193367815279e+00	2.809458681226355004e-01	-4.519097990003551057e-03	-8.649838091356331108e-04
1.607052818261638620e-11	4.498404209907858053e-01	1.167460118883338183e+01	5.689664499230650402e-02	8.276519494658489406e-02	1.988326379128703761e-02	1.028432699104882664e+00	2.795588954567502227e-01	-4.808542019694531447e-03	-9.276255290151053318e-04
1.683180353330955093e-11	4.632193856511981900e-01	1.163721275667495014e+01	5.877707730218221377e-02	8.484034398022799461e-02	2.059916815482524047e-02	1.029097868895450851e+00	2.781354925091745200e-01	-5.108297847866580255e-03	-9.924985577660914212e-04
1.762914118095944293e-11	4.769240206853074815e-01	1.160236080760091504e+01	6.069781598831467534e-02	8.682209489696016136e-02	2.129250220544891617e-02	1.029537266821779040e+00	2.766723214124381380e-01	-5.418706156304308602e-03	-1.059609325121131391e-03
1.846424942895546448e-11	4.909731303301170802e-01	1.156984722913969499e+01	6.266143488012589080e-02	8.870730117321148911e-02	2.196132700924498943e-02	1.029739419458863603e+00	2.751659632613666084e-01	-5.740105077579122500e-03	-1.128956797041545798e-03
1.933891750455232057e-11	5.053729428020452552e-01	1.153952260489539050e+01	6.466873702216587028e-02	9.049195335210227786e-02	2.260326992728193055e-02	1.029694576702953501e+00	2.736145243633720248e-01	-6.072542999629827916e-03	-1.200470208764052625e-03
2.025501939230666486e-11	5.201228149946802715e-01	1.151125986923371158e+01	6.671957651500794173e-02	9.217145310434324279e-02	2.321577216683430242e-02	1.029393386145951217e+00	2.720169044016653159e-01	-6.415898430632215391e-03	-1.274035502132686093e-03
2.121451784910627571e-11	5.352210732583547736e-01	1.148493724252578474e+01	6.881368469640604391e-02	9.374172809603796563e-02	2.379646045213087285e-02	1.028827652726299613e+00	2.703722151885850633e-01	-6.770011878141448704e-03	-1.349524374249499179e-03
2.221946860939528424e-11	5.506649728356133311e-01	1.146043731166668778e+01	7.095066943902897383e-02	9.519924706174083540e-02	2.434316373743406967e-02	1.027990368822744971e+00	2.686797893267002801e-01	-7.134685356015552961e-03	-1.426794808657767593e-03
2.327202478960412005e-11	5.664506260523501924e-01	1.143764638837743952e+01	7.313000962568763641e-02	9.654101222994890263e-02	2.485392670249156680e-02	1.026875703822313302e+00	2.669391906620816046e-01	-7.509681207839325433e-03	-1.505691558584772161e-03
2.437444150122221807e-11	5.825729350214463587e-01	1.141645399077450307e+01	7.535105004092172709e-02	9.776462093694551769e-02	2.532703983849143511e-02	1.025479155800107733e+00	2.651502406052124172e-01	-7.894721121503365038e-03	-1.586046779202912507e-03
2.552908068239516723e-11	5.990255300430757934e-01	1.139675242321527904e+01	7.761299686400154052e-02	9.886803434332774865e-02	2.576098180044668340e-02	1.023797016570029861e+00	2.633129691684963358e-01	-8.289485387843626221e-03	-1.667680810920570220e-03
2.673841615839943880e-11	6.158007129245243183e-01	1.137843645703336826e+01	7.991491352690480165e-02	9.985003710384783571e-02	2.615456021887130333e-02	1.021827461145169647e+00	2.614277337294871328e-01	-8.693612319467554708e-03	-1.750403086474350669e-03
2.800503894183625342e-11	6.328894075742395042e-01	1.136140306224469576e+01	8.225571746743615131e-02	1.007097738665515135e-01	2.650678697938029654e-02	1.019569468503231047e+00	2.594951141520703275e-01	-9.106698014841882807e-03	-1.834013201008148066e-03
2.933166278390048099e-11	6.502811197860788317e-01	1.134555123819116318e+01	8.463417759748201319e-02	1.014469673333980027e-01	2.681694564594468491e-02	1.017023344231848814e+00	2.575159684663882453e-01	-9.528296356526910760e-03	-1.918302088971089595e-03
3.072112998861759207e-11	6.679639026353949571e-01	1.133078187257807379e+01	8.704891240843036504e-02	1.020618702087804225e-01	2.708457952014010212e-02	1.014190619097979251e+00	2.554914237585459436e-01	-9.957919303468563618e-03	-2.003053330539717857e-03
3.217641750250735458e-11	6.859243334984354012e-01	1.131699766871859048e+01	8.949838912406124503e-02	1.025552467050327710e-01	2.730949120717027570e-02	1.011074016820616484e+00	2.534228741378571903e-01	-1.039503752961427538e-02	-2.088044565276467833e-03
3.370064329271925032e-11	7.041475016728578895e-01	1.130410312590775845e+01	9.198092376852035068e-02	1.029283539704366757e-01	2.749173575624094465e-02	1.007677421723528477e+00	2.513119746247347575e-01	-1.083908143303705801e-02	-2.173049012940052489e-03
3.529707302730657668e-11	7.226170365138282481e-01	1.129200454517387620e+01	9.449468618663640906e-02	1.031829499902703895e-01	2.763161917782657948e-02	1.004005904937126159e+00	2.491606352846150174e-01	-1.128944316620394440e-02	-2.257837189829445083e-03
3.696912707195032437e-11	7.413196209933394787e-01	1.128060749033826404e+01	9.703831392124227795e-02	1.033212450155422957e-01	2.772969783715874270e-02	1.000064598627231627e+00	2.469704746332452017e-01	-1.174558822351633690e-02	-2.342198697155136334e-03
3.872038781812557004e-11	7.602503884002296264e-01	1.126981527692949214e+01	9.961163948733824103e-02	1.033458049726529021e-01	2.778674477326089146e-02	9.958573541366162463e-01	2.447421803720061517e-01	-1.220718830646834799e-02	-2.425965492786202448e-03
4.055460735840827506e-11	7.794056075922198845e-01	1.125953495889878297e+01	1.022146880285143000e-01	1.032593104719088245e-01	2.780363662064262720e-02	9.913879413850522626e-01	2.424763447119464843e-01	-1.267394336453769518e-02	-2.508977338668018451e-03
4.247571552536894126e-11	7.987816082404378681e-01	1.124967798770886063e+01	1.048475292008923948e-01	1.030645351709120472e-01	2.778133397725397746e-02	9.866602640241017852e-01	2.401735868902864224e-01	-1.314555548117444551e-02	-2.591077002364154669e-03
4.448782831127576069e-11	8.183747641694297803e-01	1.124016005810204710e+01	1.075102738881948961e-01	1.027643498936458982e-01	2.772087737787325840e-02	9.816783883945164879e-01	2.378345576308255049e-01	-1.362172846656331884e-02	-2.672110319882849052e-03
4.659525668664686662e-11	8.381814745294472457e-01	1.123090087725502606e+01	1.102030714029228614e-01	1.023616914252511306e-01	2.762337226329727308e-02	9.764464818248789202e-01	2.354599324385837633e-01	-1.410216740759197285e-02	-2.751926242525128477e-03
4.880251583654433574e-11	8.581981444350890165e-01	1.122182392118065231e+01	1.129261068988946654e-01	1.018595378375616450e-01	2.748997450043957902e-02	9.709687641836803884e-01	2.330504043558738470e-01	-1.458657815187703807e-02	-2.830376866001379447e-03
5.111433483440165318e-11	8.784193096890361430e-01	1.121285695784997394e+01	1.156793466628969064e-01	1.012611316711649195e-01	2.732194557877612451e-02	9.652504772235822594e-01	2.306069519915245336e-01	-1.507462211344899432e-02	-2.907310511830599360e-03
5.353566677410718816e-11	8.988316020723813304e-01	1.120393412180704651e+01	1.184617166767581581e-01	1.005698565691514612e-01	2.712062819867020608e-02	9.592987823294543137e-01	2.281314785899420661e-01	-1.556577183116749849e-02	-2.982550995537127606e-03
5.607169938205469661e-11	9.194188284480404594e-01	1.119499293473738533e+01	1.212717946253466100e-01	9.978948693557596061e-02	2.688751457724107216e-02	9.531223061919871231e-01	2.256262793323644822e-01	-1.605943585291824682e-02	-3.055920336231470347e-03
5.872786613189488850e-11	9.401638247634429568e-01	1.118597319960761460e+01	1.241080629015316461e-01	9.892401421628768676e-02	2.662419123002732896e-02	9.467303246438387720e-01	2.230937774752976277e-01	-1.655500471278339991e-02	-3.127247041075970849e-03
6.150985788580503926e-11	9.610484800223555446e-01	1.117681694081855248e+01	1.269689105887713276e-01	9.797760594647876575e-02	2.633232912913217177e-02	9.401326726664623878e-01	2.205365155572175384e-01	-1.705185252035105320e-02	-3.196367079066459414e-03
6.442363508721370414e-11	9.820537680753902432e-01	1.116746827824050037e+01	1.298526370934510732e-01	9.695453434409190274e-02	2.601365329419563430e-02	9.333395682434324492e-01	2.179571243500672828e-01	-1.754933891834788151e-02	-3.263124819161292677e-03
6.747544053110686101e-11	1.003159781923042893e+00	1.115787345828418253e+01	1.327574541976007938e-01	9.585928646691854738e-02	2.566996605307244814e-02	9.263619225795272083e-01	2.153583477913822986e-01	-1.804681072826165578e-02	-3.327373855136931975e-03
7.067181273927477085e-11	1.024345998660057822e+00	1.114798069747678788e+01	1.356815206464582479e-01	9.469632391949685257e-02	2.530307901359324374e-02	9.192106682505694071e-01	2.127429491701005870e-01	-1.854360974327816380e-02	-3.388978587475954124e-03
7.401959996915652408e-11	1.045592405886418108e+00	1.113773978207189508e+01	1.386230941605869349e-01	9.347026319245306525e-02	2.491484963267219174e-02	9.118970596053131983e-01	2.101136387616129586e-01	-1.903909906065737179e-02	-3.447817521051506785e-03
7.752597488629464062e-11	1.066878866502954493e+00	1.112710235847098872e+01	1.415804421500554966e-01	9.218563297308919602e-02	2.450711044894031757e-02	9.044321639859362882e-01	2.074730751714508603e-01	-1.953264933404414566e-02	-3.503781496999186246e-03
8.119844993184008328e-11	1.088184724322460051e+00	1.111602223723298444e+01	1.445517831000877051e-01	9.084700567008127670e-02	2.408170278554380705e-02	8.968273142219898020e-01	2.048239487868047104e-01	-2.002362988024790000e-02	-3.556772656704268367e-03
8.504489341802668113e-11	1.109488857844525667e+00	1.110445540939954512e+01	1.475352903354164025e-01	8.945896215649468131e-02	2.364045929299823934e-02	8.890940240149562968e-01	2.021689631759553962e-01	-2.051141080459642843e-02	-3.606704838168995654e-03
8.907354638610458163e-11	1.130769742808199529e+00	1.109236012335904853e+01	1.505290959128220696e-01	8.802605115520158174e-02	2.318519095474786545e-02	8.812438847009969045e-01	1.995108205855595507e-01	-2.099536517750568917e-02	-3.653503901607213153e-03
9.329304026284695888e-11	1.152005506741519802e+00	1.107969692493052882e+01	1.535312936496552316e-01	8.655280111619964578e-02	2.271768353263830392e-02	8.732886084233636437e-01	1.968522181568397034e-01	-2.147487056910878447e-02	-3.697107818879882997e-03
9.771241535346501225e-11	1.173174247424055849e+00	1.106642845599153624e+01	1.565399805393387633e-01	8.504365669446593834e-02	2.223967955615822889e-02	8.652398097639251162e-01	1.941958008407553282e-01	-2.194931776729045977e-02	-3.737467486037674043e-03
1.023411402105452712e-10	1.194255172938181842e+00	1.105251885251851895e+01	1.595534141677419360e-01	8.350289459504939282e-02	2.175284459616807706e-02	8.571085823174573459e-01	1.915440167824830897e-01	-2.241813544118586438e-02	-3.774548189402128929e-03
1.071891319205126445e-10	1.215227865198255097e+00	1.103793415032503766e+01	1.625699063457606286e-01	8.193467890218344984e-02	2.125878456889494783e-02	8.489058017798906119e-01	1.888992171517949459e-01	-2.288077386860674911e-02	-3.808327498624160864e-03
1.122667773510811312e-10	1.236071902543743217e+00	1.102264259224316234e+01	1.655877647959531906e-01	8.034303876838133629e-02	2.075903962800292046e-02	8.406421398580797844e-01	1.862636917590907437e-01	-2.333669662654452512e-02	-3.838794162587562744e-03
1.175849554052158201e-10	1.256767164263610459e+00	1.100661444529543864e+01	1.686053327592768603e-01	7.873189785150143394e-02	2.025508658386473287e-02	8.323281083448290651e-01	1.836396463185460959e-01	-2.378538736327799608e-02	-3.865948152385375713e-03
1.231550603292826197e-10	1.277294530168828324e+00	1.098982144791644977e+01	1.716210880204928346e-01	7.710496012599517279e-02	1.974830839918575304e-02	8.239736116398306276e-01	1.810291023366903673e-01	-2.422636486543461656e-02	-3.889800914560867257e-03
1.289890261253308184e-10	1.297635262658198618e+00	1.097223725226331403e+01	1.746335506013826366e-01	7.546578571135027780e-02	1.924001441325681391e-02	8.155882818390366440e-01	1.784339856139510738e-01	-2.465916922185063670e-02	-3.910373735584581067e-03
1.350993521198024986e-10	1.317770063902018007e+00	1.095383830317273777e+01	1.776411379893126086e-01	7.381784628550125404e-02	1.873145857889150015e-02	8.071818128378253077e-01	1.758562432567724876e-01	-2.508334192124641107e-02	-3.927696408535211355e-03
1.414991297434578731e-10	1.337677527493028595e+00	1.093460554802502749e+01	1.806419218780851155e-01	7.216467827952020853e-02	1.822388577955350031e-02	7.987647008406965066e-01	1.732980540817346538e-01	-2.549839455588626819e-02	-3.941806347482162791e-03
1.482020705798860072e-10	1.357336111178210292e+00	1.091452293492080905e+01	1.836339096510235802e-01	7.050970207661788614e-02	1.771847668496105005e-02	7.903473783445487122e-01	1.707615730120136122e-01	-2.590385186449864832e-02	-3.952750772680375078e-03
1.552225357427047968e-10	1.376724645546742565e+00	1.089357703329517157e+01	1.866151134796560362e-01	6.885620054907339027e-02	1.721634037023021466e-02	7.819400717299460624e-01	1.682488767185755796e-01	-2.629926254781841596e-02	-3.960586660641224332e-03
1.625755666443793407e-10	1.395822402349996993e+00	1.087175700976510662e+01	1.895835547767252549e-01	6.720729351612420022e-02	1.671850810293814063e-02	7.735527166150161227e-01	1.657619525497580071e-01	-2.668420064118588730e-02	-3.965380178825942022e-03
1.702769172225897821e-10	1.414609165839723959e+00	1.084905461481377031e+01	1.925372689634596568e-01	6.556593808736085882e-02	1.622593553957138446e-02	7.651949505263766493e-01	1.633026977928519752e-01	-2.705826686469457384e-02	-3.967206083615807018e-03
1.783430876931905687e-10	1.433065341506251977e+00	1.082546412662742519e+01	1.954743162183288363e-01	6.393492634214990866e-02	1.573950154119344719e-02	7.568760900705884254e-01	1.608729108706027922e-01	-2.742109055145057483e-02	-3.966147076050930906e-03
1.867913599020784805e-10	1.451173101357005502e+00	1.080098084673846337e+01	1.983929608158808700e-01	6.231678309364019341e-02	1.525997960618529804e-02	7.486046082221561315e-01	1.584741446726976866e-01	-2.777235151712657488e-02	-3.962292812016704815e-03
1.956398343517064725e-10	1.468916598264792484e+00	1.077560068504732094e+01	2.012917075816393342e-01	6.071374930972683187e-02	1.478803572735570664e-02	7.403880312665837016e-01	1.561076840424623913e-01	-2.811178258438896266e-02	-3.955738430318822552e-03
2.049074689815846066e-10	1.486280888930674227e+00	1.074932159675920929e+01	2.041691272445958771e-01	5.912787403712593814e-02	1.432425778660841552e-02	7.322334054091302891e-01	1.537746908424410530e-01	-2.843914752600483833e-02	-3.946583709962703246e-03
2.146141197858401440e-10	1.503251896278844590e+00	1.072214364239527740e+01	2.070238468800745524e-01	5.756106543319514796e-02	1.386917005914226585e-02	7.241474636848939106e-01	1.514762286626021026e-01	-2.875423981708861640e-02	-3.934932396021258681e-03
2.247805833548729991e-10	1.519816440841057714e+00	1.069406906864401741e+01	2.098545493652101135e-01	5.601504781156934482e-02	1.342322499040392823e-02	7.161364753722309073e-01	1.492132503525600562e-01	-2.905688257293903565e-02	-3.920891591524371285e-03
2.354286414322420067e-10	1.535962250250031413e+00	1.066510221713164341e+01	2.126599732393995579e-01	5.449139670348980558e-02	1.298681453415291044e-02	7.082063503540874105e-01	1.469866126345397150e-01	-2.934692817426864941e-02	-3.904571103097127099e-03
2.465811075822603842e-10	1.551678022570148308e+00	1.063524935473732569e+01	2.154389219221537199e-01	5.299152103294047650e-02	1.256026654111793740e-02	7.003625585687094368e-01	1.447970641788927093e-01	-2.962425856554195408e-02	-3.886082724985019405e-03
2.582618760682674929e-10	1.566953728109499178e+00	1.060451829583619876e+01	2.181903110013431457e-01	5.151666461861241497e-02	1.214384692959299093e-02	6.926100750459149857e-01	1.426452208166975877e-01	-2.988878999191020222e-02	-3.865539403650425452e-03
2.704959730463131364e-10	1.581780526522756691e+00	1.057291862570975205e+01	2.209131508328951166e-01	5.006791701986909593e-02	1.173776522074829534e-02	6.849534212134740230e-01	1.405315826925595535e-01	-3.014047075143330354e-02	-3.843054733921889669e-03
2.833096101839318258e-10	1.596150710519270044e+00	1.054046190708045039e+01	2.236065327790195678e-01	4.864618904372641772e-02	1.134216874570478754e-02	6.773965785567025444e-01	1.384565315823680087e-01	-3.037927941849055680e-02	-3.818742533070284065e-03
2.967302408188872501e-10	1.610057692844119037e+00	1.050716170994066800e+01	2.262696249655798408e-01	4.725232632291451879e-02	1.095717615306633988e-02	6.699433752439345469e-01	1.364203829971888382e-01	-3.060522384036402574e-02	-3.792716395295709590e-03
3.107866187782014063e-10	1.623495974686058885e+00	1.047303352702748569e+01	2.289016679956543676e-01	4.588700385366154683e-02	1.058285043274981123e-02	6.625971108619671535e-01	1.344233460560673721e-01	-3.081833963376926291e-02	-3.765089187621940229e-03
3.255088599835056406e-10	1.636461122096512399e+00	1.043809475788477314e+01	2.315019705178230358e-01	4.455079484321915195e-02	1.021921943791138758e-02	6.553607880218526027e-01	1.324655559070863076e-01	-3.101868885503118387e-02	-3.735972662881186738e-03
3.409285069746807543e-10	1.648949657342546615e+00	1.040236454978850844e+01	2.340698960676317886e-01	4.324418098516830122e-02	9.866280114717417699e-03	6.482371511097072547e-01	1.305470863003096449e-01	-3.120635706808337628e-02	-3.705477054319687193e-03
3.570785964900469852e-10	1.660958594151852319e+00	1.036586375583101649e+01	2.366047966528995183e-01	4.196750873684225447e-02	9.523990355844893022e-03	6.412285773657249166e-01	1.286679692836401045e-01	-3.138144384029634831e-02	-3.673711004765310619e-03
3.739937302478801677e-10	1.672485187110285709e+00	1.032861459446082897e+01	2.391059826590432591e-01	4.072114931810612987e-02	9.192311067440424657e-03	6.343376754119378624e-01	1.268282768553834206e-01	-3.154405732675760743e-02	-3.640781362803499101e-03
3.917101490809260641e-10	1.683526910429610002e+00	1.029064022958975499e+01	2.415727274520223233e-01	3.950520270670543344e-02	8.871136249402614832e-03	6.275661831227923315e-01	1.250280003974385823e-01	-3.169431297221593502e-02	-3.606792810940588710e-03
4.102658105827190344e-10	1.694081474083756200e+00	1.025196447997239702e+01	2.440042750421371476e-01	3.832000104448009259e-02	8.560412679223082175e-03	6.209168079340650070e-01	1.232672437123210341e-01	-3.183233323925291347e-02	-3.571847596642461521e-03
4.297004704320835313e-10	1.704146855796187632e+00	1.021261164143102818e+01	2.463998479462380375e-01	3.716553411242995431e-02	8.260003818091313579e-03	6.143910814873789761e-01	1.215459889486040779e-01	-3.195824767273538342e-02	-3.536045313032001609e-03
4.500557675700488183e-10	1.713721278855051544e+00	1.017260652925943987e+01	2.487586422753358395e-01	3.604186586229822520e-02	7.969791032574807810e-03	6.079909000278691522e-01	1.198642671865906145e-01	-3.207219239612333489e-02	-3.499482897843160002e-03
4.713753134116729086e-10	1.722803100463189185e+00	1.013197508987300566e+01	2.510797955427526706e-01	3.494897635977078226e-02	7.689635346264741926e-03	6.017179563488822547e-01	1.182221080656422063e-01	-3.217430871045355578e-02	-3.462255122622398366e-03
4.937047852839003559e-10	1.731390974348204992e+00	1.009074373582014594e+01	2.533624250843765635e-01	3.388675329362066113e-02	7.419375548026524957e-03	5.955736582124799838e-01	1.166195144275343487e-01	-3.226474500150548763e-02	-3.424453959310298345e-03
5.170920242896755486e-10	1.739483930726132721e+00	1.004893907945859333e+01	2.556056460996342095e-01	3.285509533948016009e-02	7.158854746726713535e-03	5.895595013962023900e-01	1.150564991063995623e-01	-3.234365748029295606e-02	-3.386168264979662942e-03
5.415871378079465267e-10	1.747081411034262732e+00	1.000658788177572056e+01	2.578085783412510934e-01	3.185378981778967666e-02	6.907889683998147574e-03	5.836765829262104965e-01	1.135330258651390811e-01	-3.241121022859436152e-02	-3.347483636510704876e-03
5.672426068491988835e-10	1.754183305743853172e+00	9.963716965095164468e+00	2.599703545005594418e-01	3.088259426251507844e-02	6.666292007152812941e-03	5.779258997352039184e-01	1.120490421821811605e-01	-3.246757570874116150e-02	-3.308482293438965143e-03
5.941133984965039838e-10	1.760789985331582708e+00	9.920353186654550015e+00	2.620901263584698992e-01	2.994119129916503197e-02	6.433856834017539876e-03	5.723081573956385615e-01	1.106044544993124434e-01	-3.251293480362672794e-02	-3.269242983129653536e-03
6.222570836730231313e-10	1.766902364109887325e+00	9.876523238628983847e+00	2.641670807491523498e-01	2.902925275093048638e-02	6.210379341680999712e-03	5.668240023273483086e-01	1.091991506914968268e-01	-3.254747709282795193e-02	-3.229840692312183157e-03
6.517339604882420571e-10	1.772521977805132209e+00	9.832253707988074964e+00	2.662004512954303515e-01	2.814637489145684762e-02	5.995638442562165916e-03	5.614737460515317746e-01	1.078329636520976575e-01	-3.257140149454298972e-02	-3.190346559334853328e-03
6.826071834272379248e-10	1.777651025855100375e+00	9.787571079569861610e+00	2.681895266833336233e-01	2.729208977963615279e-02	5.789401749358529664e-03	5.562573920526999727e-01	1.065056759076701692e-01	-3.258491874857655235e-02	-3.150828123991528465e-03
7.149428986597561750e-10	1.782292342348610115e+00	9.742502039787005685e+00	2.701336400766193857e-01	2.646595870538009238e-02	5.591445102244740027e-03	5.511750196318373485e-01	1.052170622639879011e-01	-3.258824684031938479e-02	-3.111348922216649292e-03
7.488103857590030225e-10	1.786449451656591414e+00	9.697073323539322942e+00	2.720321836533155513e-01	2.566746280965317983e-02	5.401529860013990110e-03	5.462263202455682753e-01	1.039668392830596505e-01	-3.258161537289740173e-02	-3.071968983807219725e-03
7.842822061337681836e-10	1.790126542496458750e+00	9.651311865703277704e+00	2.738846026859074190e-01	2.489607129082897080e-02	5.219417528782932005e-03	5.414108747113480780e-01	1.027546963133099261e-01	-3.256526276083600985e-02	-3.032744650006535120e-03
8.214343584919422200e-10	1.793328469954193594e+00	9.605244501695846537e+00	2.756904065895759981e-01	2.415123349634223579e-02	5.044868871856120381e-03	5.367281072411678178e-01	1.015802890431834887e-01	-3.253943549396000334e-02	-2.993728377574016077e-03
8.603464416684491388e-10	1.796060750936228079e+00	9.558897678966014055e+00	2.774491793623390934e-01	2.343233494168001085e-02	4.877634240217153944e-03	5.321770857368484098e-01	1.004432153641662689e-01	-3.250438924089372322e-02	-2.954968932183817207e-03
9.011018251665036851e-10	1.798329392437683305e+00	9.512298029073672723e+00	2.791605394845554922e-01	2.273880409564704025e-02	4.717477169518555745e-03	5.277570014212624727e-01	9.934308160888080663e-02	-3.246038220531018148e-02	-2.916511331482734160e-03
9.437878277775391497e-10	1.800140946059416214e+00	9.465472324020444361e+00	2.808241516132785609e-01	2.207007248901188615e-02	4.564168809595581938e-03	5.234669918112831999e-01	9.827948700299495022e-02	-3.240768104428699142e-02	-2.878397750742571828e-03
9.884959046625586031e-10	1.801502421064105519e+00	9.418447498316385946e+00	2.824397145707855383e-01	2.142546344587965487e-02	4.417456623310176203e-03	5.193056687732261478e-01	9.725196390411204594e-02	-3.234655451957233613e-02	-2.840666925718265436e-03
1.035321843295661502e-09	1.802421314704798272e+00	9.371250512366469110e+00	2.840069722808987174e-01	2.080438886969458029e-02	4.277114852688818254e-03	5.152719485946571920e-01	9.626007786067231065e-02	-3.227727693768232820e-02	-2.803354656080153402e-03
1.084365968689608688e-09	1.802905583459846195e+00	9.323908369103458327e+00	2.855257111604547204e-01	2.020625811563460036e-02	4.142922345103166801e-03	5.113646659082623502e-01	9.530338385866515827e-02	-3.220012540308694882e-02	-2.766493666238038340e-03
1.135733358343102889e-09	1.802963605837810457e+00	9.276447505516783210e+00	2.869957754406858297e-01	1.963040627891968898e-02	4.014643914529148622e-03	5.075822430596298451e-01	9.438137970989909920e-02	-3.211537895555389294e-02	-2.730113393558059563e-03
1.189534067370320724e-09	1.802604128713771958e+00	9.228894318512260497e+00	2.884170454645901271e-01	1.907623598389569797e-02	3.892065629447286068e-03	5.039233252399307750e-01	9.349359135393701947e-02	-3.202331779564143721e-02	-2.694240493070070106e-03
1.245883364295008068e-09	1.801836241786189285e+00	9.181275224439628957e+00	2.897894340522881307e-01	1.854310796086732979e-02	3.774967683978499872e-03	5.003863038122915441e-01	9.263951664431284427e-02	-3.192422347326810683e-02	-2.658899101811775748e-03
1.304901978014401580e-09	1.800669355214386202e+00	9.133616652473682151e+00	2.911128853314413067e-01	1.803044065451845160e-02	3.663148863563789239e-03	4.969697565448005783e-01	9.181867947155832044e-02	-3.181837790762015450e-02	-2.624110908629954074e-03
1.366716356462010101e-09	1.799113191039432014e+00	9.085945045709639345e+00	2.923873755374476469e-01	1.753761286228151806e-02	3.556402139408326203e-03	4.936720148081339410e-01	9.103057641205722361e-02	-3.170606326873211256e-02	-2.589895306938915735e-03
1.431458937523481393e-09	1.797177760021499537e+00	9.038286622255723657e+00	2.936129192575336888e-01	1.706403570696498478e-02	3.454532617681291707e-03	4.904914778616810134e-01	9.027471385883438504e-02	-3.158756161787072692e-02	-2.556269356308725916e-03
1.499268432786047049e-09	1.794873312538220800e+00	8.990667126893713501e+00	2.947895721122107404e-01	1.660911775218278444e-02	3.357349054525178133e-03	4.874264549022968018e-01	8.955058862207318504e-02	-3.146315236415599820e-02	-2.523247714278858880e-03
1.570290124729377524e-09	1.792210306489254945e+00	8.943111913818382774e+00	2.959174255418454136e-01	1.617227605445106450e-02	3.264665502328366765e-03	4.844752188423266936e-01	8.885769419340251718e-02	-3.133311334083783983e-02	-2.490842930553429074e-03
1.644676177994662829e-09	1.789199388729251661e+00	8.895646333049773702e+00	2.969965934270365482e-01	1.575295817064331291e-02	3.176307654517666803e-03	4.816361188393700754e-01	8.819554139003911442e-02	-3.119772035437361896e-02	-2.459065827788318222e-03
1.722585965398783835e-09	1.785851373433196443e+00	8.848295660279589470e+00	2.980272128329904402e-01	1.535055961309924298e-02	3.092091786365542064e-03	4.789072022984442456e-01	8.756361009129091932e-02	-3.105724627348957489e-02	-2.427925465601837515e-03
1.804186409392068039e-09	1.782177244891412826e+00	8.801085046662315392e+00	2.990094482349935356e-01	1.496456968044309818e-02	3.011859927744560406e-03	4.762868798078628840e-01	8.696142850985499884e-02	-3.091196267917349985e-02	-2.397429493107952007e-03
1.889652339691211477e-09	1.778188118031988951e+00	8.754039423358824124e+00	2.999434903127893848e-01	1.459452213667604761e-02	2.935468381774818895e-03	4.737737059767856973e-01	8.638854859234383621e-02	-3.076213719956725698e-02	-2.367583859098513609e-03
1.979166867853557524e-09	1.773895192713624169e+00	8.707183054801790334e+00	3.008295658171154519e-01	1.423975601397671834e-02	2.862729552860003059e-03	4.713652605880802593e-01	8.584440582716525159e-02	-3.060803366702948350e-02	-2.338392979499498339e-03
2.072921779595369695e-09	1.769309732363550047e+00	8.660539794025536864e+00	3.016679276732236459e-01	1.389987524133389114e-02	2.793521763904470694e-03	4.690602883784480426e-01	8.532858035580573319e-02	-3.044991138245998347e-02	-2.309859835613133853e-03
2.171117945694509622e-09	1.764443047360787054e+00	8.614133369044587596e+00	3.024588442659672527e-01	1.357435435468018307e-02	2.727695871025390736e-03	4.668568815121147964e-01	8.484058352594570085e-02	-3.028802433380417894e-02	-2.281986132682200900e-03
2.273965752357932151e-09	1.759306538051762736e+00	8.567987355170789243e+00	3.032026095617996742e-01	1.326267760434928639e-02	2.665107888763114212e-03	4.647531149529569028e-01	8.437992981423272920e-02	-3.012262564724165273e-02	-2.254772890603307187e-03
2.381685551976160644e-09	1.753911616807362073e+00	8.522125141417687288e+00	3.038995327913788791e-01	1.296448618999628682e-02	2.605650660573831465e-03	4.627477512159728357e-01	8.394621740099306173e-02	-2.995396183221507233e-02	-2.228219868843688434e-03
2.494508135230316413e-09	1.748269747552043007e+00	8.476569834856867658e+00	3.045499504664338497e-01	1.267924294676239447e-02	2.549181438964251856e-03	4.608386548228812774e-01	8.353895055275577242e-02	-2.978227753599397079e-02	-2.202326170254982098e-03
2.612675225563326382e-09	1.742392313070643795e+00	8.431343831060033267e+00	3.051542207068852486e-01	1.240648187572419153e-02	2.495572468803239005e-03	4.590239693454059022e-01	8.315766248964528984e-02	-2.960780896621151986e-02	-2.177089592296528337e-03
2.736439997074666368e-09	1.736290673678549723e+00	8.386469187921949953e+00	3.057127219079660008e-01	1.214591171616270088e-02	2.444742547299314124e-03	4.573026163369922070e-01	8.280199325393636234e-02	-2.943078820594617270e-02	-2.152507268897953935e-03
2.866067616948244470e-09	1.729976166573083285e+00	8.341967761723479313e+00	3.062258493632424861e-01	1.189700457487968301e-02	2.396553949324963743e-03	4.556723483081783210e-01	8.247144208074565219e-02	-2.925144409576689586e-02	-2.128575903957954235e-03
3.001835813575592210e-09	1.723460065355247872e+00	8.297861246233228627e+00	3.066940081685386454e-01	1.165942066392757284e-02	2.350916258903378540e-03	4.541317709502756261e-01	8.216562155664644540e-02	-2.906999882511836913e-02	-2.105291461246615575e-03
3.144035471591500167e-09	1.716753625843803643e+00	8.254171105763408178e+00	3.071176252220185754e-01	1.143272266069764002e-02	2.307716812869155688e-03	4.526789765733588156e-01	8.188408407107852782e-02	-2.888667287926744570e-02	-2.082649738519771164e-03
3.292971255097148186e-09	1.709867994687479520e+00	8.210918409682301800e+00	3.074971405965944427e-01	1.121668652607325442e-02	2.266896794017662399e-03	4.513130372222033948e-01	8.162651137012912061e-02	-2.870167884025513413e-02	-2.060645675458396952e-03
3.448962260405766611e-09	1.702814193406301024e+00	8.168123595063713438e+00	3.078330149679467942e-01	1.101082684852421750e-02	2.228334212330374854e-03	4.500317297108940573e-01	8.139242516419523121e-02	-2.851522453111550101e-02	-2.039273918390070890e-03
3.612342699709437910e-09	1.695603134610726093e+00	8.125806674895089898e+00	3.081257262122600316e-01	1.081484998285469484e-02	2.191955654837563286e-03	4.488337070888724911e-01	8.118146217125254971e-02	-2.832751243739058122e-02	-2.018528651783520287e-03
3.783462617131932968e-09	1.688245642696439397e+00	8.083987459976070156e+00	3.083757660628707598e-01	1.062842670239995402e-02	2.157679627174482508e-03	4.477174153314951166e-01	8.099323681238319861e-02	-2.813874059084502458e-02	-1.998403837123051592e-03
3.962688638701478467e-09	1.680752440390035352e+00	8.042685477885720857e+00	3.085836419092919947e-01	1.045126109017381448e-02	2.125433730591252783e-03	4.466814231413731573e-01	8.082738266226768831e-02	-2.794910259320332324e-02	-1.978893226953285824e-03
4.150404757850472502e-09	1.673134157316815696e+00	8.001920019699511499e+00	3.087498777423340335e-01	1.028301125516159487e-02	2.095136349026926765e-03	4.457240407639053714e-01	8.068350682954816833e-02	-2.775878814455625190e-02	-1.959990456891031515e-03
4.347013158125017173e-09	1.665401268997882545e+00	7.961709835451840966e+00	3.088750157845732147e-01	1.012343499116385645e-02	2.066729060487396130e-03	4.448440207185122008e-01	8.056126935184861060e-02	-2.756798114832712324e-02	-1.941688815911117322e-03
4.552935074866938773e-09	1.657564063105060548e+00	7.922073003262497970e+00	3.089596164358331398e-01	9.972231183499442875e-03	2.040141104247137922e-03	4.440397953644517060e-01	8.046029534136028838e-02	-2.737686001626874269e-02	-1.923981391636215600e-03
4.768611697714474181e-09	1.649632697238624601e+00	7.883027312887568527e+00	3.090042551131070847e-01	9.829143345256726241e-03	2.015312983471921528e-03	4.433099792205362211e-01	8.038023459483821520e-02	-2.718559867681734007e-02	-1.906861179032934674e-03
4.994505115855140358e-09	1.641617199366024682e+00	7.844590257531163680e+00	3.090095235362463333e-01	9.693913297230079273e-03	1.992185429949649283e-03	4.426531455806216875e-01	8.032073366725503427e-02	-2.699436719864026224e-02	-1.890321162015603119e-03
5.231099308056257792e-09	1.633527465228704623e+00	7.806779017949439847e+00	3.089760307168386011e-01	9.566297444668107539e-03	1.970703156082258527e-03	4.420679049072818168e-01	8.028144464310676964e-02	-2.680333176249905316e-02	-1.874354304385219020e-03
5.478901179593956120e-09	1.625373250807889747e+00	7.769610437564018035e+00	3.089044033245199050e-01	9.446061987981724598e-03	1.950813586518220953e-03	4.415528821683804561e-01	8.026202171342954050e-02	-2.661265453396775491e-02	-1.858953557414307414e-03
5.738441648302404521e-09	1.617164117252212430e+00	7.733100760168925447e+00	3.087952863925673697e-01	9.332986512195684883e-03	1.932468004908798531e-03	4.411067341720941726e-01	8.026212357056883295e-02	-2.642249276072956496e-02	-1.844111792193813210e-03
6.010276782070388176e-09	1.608909440337894070e+00	7.697265711937106403e+00	3.086493425125084733e-01	9.226857697411395762e-03	1.915619798465196654e-03	4.407281205644258404e-01	8.028140922136568769e-02	-2.623299914444529937e-02	-1.829821846058909268e-03
6.294988990221888141e-09	1.600618447732242267e+00	7.662120737211735033e+00	3.084672500903614667e-01	9.127461225636049683e-03	1.900222490547916112e-03	4.404156670501387372e-01	8.031953367289644541e-02	-2.604432285484841944e-02	-1.816076671451285216e-03
6.593188271333541710e-09	1.592300219071187906e+00	7.627680924923058825e+00	3.082497068116868966e-01	9.034617466686415202e-03	1.886238006547252257e-03	4.401681344703721743e-01	8.037616670151570553e-02	-2.585660958544972257e-02	-1.802869259584634516e-03
6.905513520162316861e-09	1.583963677345099574e+00	7.593960960976982477e+00	3.079974303715058426e-01	8.948120435722895644e-03	1.873622353081961373e-03	4.399841248293299145e-01	8.045095695060014429e-02	-2.567000194273463126e-02	-1.790192716507478694e-03
7.232633896483518810e-09	1.575617570311895532e+00	7.560975127823053477e+00	3.077111552649582915e-01	8.867823065634454840e-03	1.862346213066710943e-03	4.398624943820738098e-01	8.054358380664379535e-02	-2.548463823500983841e-02	-1.778040175861799561e-03
7.575250258771920716e-09	1.567270425763355846e+00	7.528736978933261881e+00	3.073916375557076419e-01	8.793507983609692713e-03	1.852362316131866537e-03	4.398017291591940214e-01	8.065367481936795702e-02	-2.530065280529412639e-02	-1.766404794247300805e-03
7.934096665797492339e-09	1.558930601770837754e+00	7.497259696676285223e+00	3.070396503119616760e-01	8.725051899065387404e-03	1.843647935961450395e-03	4.398007379848904996e-01	8.078091183921609630e-02	-2.511817603371491181e-02	-1.755279796555787039e-03
8.309941949353386453e-09	1.550606286835618297e+00	7.466555940583742057e+00	3.066559899548642609e-01	8.662284624777511974e-03	1.836168172143071717e-03	4.398581706422100002e-01	8.092493779593137870e-02	-2.493733542563695768e-02	-1.744658494076888619e-03
8.703591361485183753e-09	1.542305513584201426e+00	7.436637962424364368e+00	3.062414743339959555e-01	8.605058868970153277e-03	1.829893737171125979e-03	4.399727542788726131e-01	8.108540088929475087e-02	-2.475825546792460516e-02	-1.734534301975866871e-03
9.115888299750837812e-09	1.534036145466903811e+00	7.407517533228530127e+00	3.057969430832712665e-01	8.553230258475923165e-03	1.824796143353959186e-03	4.401431973950244991e-01	8.126194229851162187e-02	-2.458105739771874673e-02	-1.724900715846303806e-03
9.547716114208065503e-09	1.525805848766678352e+00	7.379205777544634692e+00	3.053232587689606037e-01	8.506663018229415618e-03	1.820849025946795095e-03	4.403682157917428452e-01	8.145419857088381788e-02	-2.440585905689905341e-02	-1.715751274477922330e-03
1.000000000000000021e-08	1.517622097813238868e+00	7.351713271566753249e+00	3.048213036326629100e-01	8.465226814772375610e-03	1.818027438995963117e-03	4.406465204367254196e-01	8.166180092330732609e-02	-2.423277457069939952e-02	-1.707079575882471069e-03
