# Pressure Mass Radius Compactness k2 k3 h2 h3 j2 j3
9.999999999999999799e-13	9.871053542559617144e-02	6.176114025688535492e+01	2.360034964183762782e-03	1.974278580266207472e-04	1.668391161338514771e-05	9.933402029875455508e-01	3.302335637020968884e-01	-1.078824543221592008e-06	-1.376636381876204628e-07
1.047370897959448749e-12	9.970277651750414361e-02	5.721763898463171927e+01	2.573046024092620968e-03	2.112080600031430533e-04	3.021939899543893220e-05	9.927338511178422920e-01	3.299516068046899342e-01	-1.293472354914356255e-06	-1.522586691430575426e-07
1.096985797892381920e-12	1.007342280267623097e-01	5.328032168987070349e+01	2.791775292037070554e-03	2.292933849091394617e-04	-2.731895272953848352e-04	9.921160109478539546e-01	3.296625605217554100e-01	-1.557393679993492729e-06	-1.691371044487046869e-07
1.148951000187311009e-12	1.018018312674826981e-01	4.984056267566180765e+01	3.016080222141198641e-03	2.522017845726069892e-04	6.500509911699593388e-05	9.914950902022586776e-01	3.293666202282201083e-01	-1.879884472212245908e-06	-1.887528358098204141e-07
1.203377840777590522e-12	1.029030701321828473e-01	4.681323088031772528e+01	3.245861253224189939e-03	2.805337927289244066e-04	5.993660494976748871e-05	9.908685627915246874e-01	3.290639458005772955e-01	-2.271273122268279771e-06	-2.116645165587773660e-07
1.260382929679727463e-12	1.040360499789878407e-01	4.413060370877356320e+01	3.481081738702310711e-03	3.148673420800769175e-04	7.570984513184248193e-05	9.902397572954777516e-01	3.287545930505137437e-01	-2.743009420753069581e-06	-2.385638161088005472e-07
1.320088400831416649e-12	1.051995004161988406e-01	4.173822968942677392e+01	3.721773058361390208e-03	3.559495351171200386e-04	6.273775755590295616e-05	9.896072228809980054e-01	3.284385914055893974e-01	-3.307713411597303655e-06	-2.702798334979513321e-07
1.382622173764653478e-12	1.063927824192650445e-01	3.959190852306776520e+01	3.968039297255017070e-03	4.044944238205393531e-04	6.515443519922119024e-05	9.889742423136530514e-01	3.281158509190895689e-01	-3.979293085890108351e-06	-3.078068442947788886e-07
1.448118227674535917e-12	1.076158964651460909e-01	3.765545432169751905e+01	4.220061411777944853e-03	4.612856795653628842e-04	6.168196569325080979e-05	9.883414259116422018e-01	3.277862008039371111e-01	-4.773115438813826268e-06	-3.523343267719225141e-07
1.516716888470924089e-12	1.088694946315685030e-01	3.589901318505653904e+01	4.478101483367551670e-03	5.271598829896476796e-04	7.231216444938116353e-05	9.877091572127432162e-01	3.274493752141161562e-01	-5.706210867684749299e-06	-4.052699148071938455e-07
1.588565129428052692e-12	1.101548988975397936e-01	3.429778085938692556e+01	4.742507540515849065e-03	6.030456867297112611e-04	7.191015452031609230e-05	9.870800550389132733e-01	3.271050164739620070e-01	-6.797559739993931015e-06	-4.682818674597874349e-07
1.663816886076127415e-12	1.114743047856063679e-01	3.283081432335775673e+01	5.013757822996686188e-03	6.899287227477250836e-04	8.187153377174371291e-05	9.864529537144123283e-01	3.267526029001921462e-01	-8.068644689345861270e-06	-5.433574571982795104e-07
1.742633386009647278e-12	1.128304901788644982e-01	3.148055781743699555e+01	5.292419862916107089e-03	7.889026122522161191e-04	8.527736242186789728e-05	9.858293297922468001e-01	3.263915125470605583e-01	-9.543756663549347481e-06	-6.328402387900664452e-07
1.825183494319046040e-12	1.142258986578855995e-01	3.023286518226885278e+01	5.578989077046639378e-03	9.011235745949091810e-04	9.417509637555500975e-05	9.852097182720312984e-01	3.260212417129777496e-01	-1.124945480027649694e-05	-7.394516762456268613e-07
1.911644075385703708e-12	1.156623856938795714e-01	2.907630628421578578e+01	5.873853979525154624e-03	1.027746182250027307e-03	1.063513291753938507e-04	9.845959126843240039e-01	3.256414375940354100e-01	-1.321426982120566421e-05	-8.662918923737831371e-07
2.002200371815584363e-12	1.171409016088101884e-01	2.800170574772043608e+01	6.177237650787996762e-03	1.169911676947981869e-03	1.167516872217016041e-04	9.839894330131755407e-01	3.252519856008006527e-01	-1.546801881163996443e-05	-1.016831144238582130e-06
2.097046401323230665e-12	1.186621596144988022e-01	2.700120463224282119e+01	6.489322277048837490e-03	1.328705717285701008e-03	1.293539589371567788e-04	9.833921756038630502e-01	3.248528219274976481e-01	-1.804230637521391306e-05	-1.194963434535024249e-06
2.196385372416542332e-12	1.202271204860304310e-01	2.606778347540831930e+01	6.810336572638271170e-03	1.505289366546061231e-03	1.452776233329931843e-04	9.828060237395769283e-01	3.244438561113434094e-01	-2.097123568228034557e-05	-1.405086821186690350e-06
2.300430119772921506e-12	1.218370598502676594e-01	2.519516370920821302e+01	7.140563088185516126e-03	1.700814410229831153e-03	1.633734907423941998e-04	9.822323848119686174e-01	3.240249294864248064e-01	-2.429171628901083692e-05	-1.652159623576604551e-06
2.409403560239526876e-12	1.234935495778393677e-01	2.437775488003567048e+01	7.480330782134287336e-03	1.916479169520045583e-03	1.835255893444566748e-04	9.816730956977914868e-01	3.235958447648530356e-01	-2.804369867204883733e-05	-1.941757523451179676e-06
2.523539170434765862e-12	1.251982165476333286e-01	2.361067117855599662e+01	7.829969033887843044e-03	2.153501770915665012e-03	2.066658013421142749e-04	9.811298392750061881e-01	3.231564271112103426e-01	-3.226989431561574955e-05	-2.280092465760320145e-06
2.643081486974102692e-12	1.269526083472257150e-01	2.288965366898664655e+01	8.189787657215424899e-03	2.413071488831968099e-03	2.335107732222972037e-04	9.806042435588805395e-01	3.227065377494937048e-01	-3.701557170925865326e-05	-2.674031703004362279e-06
2.768286630392061017e-12	1.287581531215548081e-01	2.221096878804252839e+01	8.560073069024435113e-03	2.696338859855990609e-03	2.637608484294148132e-04	9.800980979776645619e-01	3.222460803077368818e-01	-4.232842691542689086e-05	-3.131116137698338389e-06
2.899422853882880921e-12	1.306162848910966401e-01	2.157127373866724440e+01	8.941116877675814659e-03	3.004442303646618663e-03	2.979714739721951071e-04	9.796131163938002206e-01	3.217749698891227972e-01	-4.825894868949475071e-05	-3.659628010591487172e-06
3.036771118035460378e-12	1.325292801878263926e-01	2.096731370874773859e+01	9.333387157441017101e-03	3.338649006753673099e-03	3.367315399808925181e-04	9.791507635285876532e-01	3.212929224648491400e-01	-5.486344749200957959e-05	-4.268900370024973260e-06
3.180625692794118977e-12	1.344999453802092071e-01	2.039607936758736884e+01	9.737459171765633359e-03	3.700287542879834423e-03	3.804627475456589234e-04	9.787123307362088909e-01	3.207995302649768177e-01	-6.220397905942072188e-05	-4.969393117190697327e-06
3.331294787934670055e-12	1.365313808244549842e-01	1.985487393126537370e+01	1.015396316750744737e-02	4.090767366039295590e-03	4.288195649886473808e-04	9.782992422174526803e-01	3.202943524221347760e-01	-7.034816301099569103e-05	-5.772748399669018527e-06
3.489101213406766494e-12	1.386270144281073202e-01	1.934127721448115977e+01	1.058358873730347836e-02	4.511547335610263838e-03	4.831866153824109682e-04	9.779127561017837422e-01	3.197768911634518152e-01	-7.936985836369635629e-05	-6.691934475928925842e-06
3.654383070957261569e-12	1.407904274038479508e-01	1.885315938779715239e+01	1.102704693861311994e-02	4.964125324957897184e-03	5.434486220801841095e-04	9.775542529387588608e-01	3.192466550210268372e-01	-8.934893414124520442e-05	-7.741298152031656131e-06
3.827494478516314936e-12	1.430230915268864145e-01	1.838908953209186592e+01	1.148460781267114650e-02	5.449506716922260068e-03	6.104538358648371483e-04	9.772254369149967479e-01	3.187036936446538959e-01	-1.003601637972030498e-04	-8.935418675718096018e-06
4.008806328898464320e-12	1.453246365079656488e-01	1.794806141134433375e+01	1.195616592728774435e-02	5.968219004006102175e-03	6.843900057085283749e-04	9.769281002561613914e-01	3.181485116365364574e-01	-1.124714727191554199e-04	-1.028879292136619575e-05
4.198707084443905621e-12	1.476940116829713046e-01	1.752914645750561462e+01	1.244148878550133293e-02	6.520440756128076561e-03	7.655452075044690821e-04	9.766637434851218602e-01	3.175817406125340248e-01	-1.257476212604664119e-04	-1.181612113120272287e-05
4.397603609302712498e-12	1.501294222491078578e-01	1.713147283379769803e+01	1.294021065777158780e-02	7.106043633382952245e-03	8.544418029733790321e-04	9.764336149487781169e-01	3.170041580258933789e-01	-1.402485448572068406e-04	-1.353201845905800094e-05
4.605922041145112927e-12	1.526282653436247250e-01	1.675421158266571808e+01	1.345182496789599537e-02	7.724513254161032190e-03	9.509663435028714671e-04	9.762385572741935080e-01	3.164166744351551985e-01	-1.560274850912270769e-04	-1.545067119248181843e-05
4.824108704165373984e-12	1.551870836661633501e-01	1.639656532491514440e+01	1.397567919907902016e-02	8.374900943090835687e-03	1.055581819416616255e-03	9.760789872229826969e-01	3.158203248075358016e-01	-1.731290536169878861e-04	-1.758545373136722139e-05
5.052631065335679604e-12	1.578015342503793217e-01	1.605775983232052084e+01	1.451097180649146834e-02	9.055843887647465132e-03	1.168098997100477932e-03	9.759548405693986295e-01	3.152162759088442123e-01	-1.915872187423953523e-04	-1.994849623223891367e-05
5.291978735958436557e-12	1.604713675613454738e-01	1.573646124495595267e+01	1.505777183894580797e-02	9.766840944571740860e-03	1.288887064281005928e-03	9.758653395298884092e-01	3.146046591062816589e-01	-2.114614181265284641e-04	-2.255529337228851886e-05
5.542664520663095602e-12	1.632152236068648010e-01	1.542941772708996595e+01	1.562001196957126491e-02	1.051249879391853194e-02	1.418718282507527373e-03	9.758093283374040805e-01	3.139813425943526748e-01	-2.329620784761787583e-04	-2.544210921481056021e-05
5.805225516094907684e-12	1.660609155754250166e-01	1.513320615243977230e+01	1.620342095312972408e-02	1.130015861203567153e-02	1.559409820428873158e-03	9.757864215933190755e-01	3.133403519899506939e-01	-2.564041018512177878e-04	-2.866176907909485491e-05
6.080224261649427052e-12	1.690432684801858876e-01	1.484468649399943629e+01	1.681500830620415166e-02	1.213948618755286181e-02	1.713177025524258244e-03	9.757977061215573622e-01	3.126745559833947197e-01	-2.822056376896069020e-04	-3.228496294370902163e-05
6.368249944718585906e-12	1.722025588884882052e-01	1.456128327773044440e+01	1.746265141902960533e-02	1.304204133727464472e-02	1.882601957770357187e-03	9.758461674135845421e-01	3.119761808672363856e-01	-3.108882545013176937e-04	-3.640173318386223439e-05
6.669919663030115058e-12	1.755682533646976407e-01	1.428233504988675406e+01	1.815168752167099775e-02	1.401651422845286155e-02	2.069916200522786080e-03	9.759364203312882458e-01	3.112404932190295237e-01	-3.429321548317919213e-04	-4.110150533658096903e-05
6.985879746785234820e-12	1.791674181927925547e-01	1.400793653757601298e+01	1.888665751597028847e-02	1.507096180156497663e-02	2.277495913920722561e-03	9.760744094506033086e-01	3.104638569594121433e-01	-3.788421114238920339e-04	-4.648228550404824572e-05
7.316807143427207274e-12	1.830298745027824359e-01	1.373837298464527734e+01	1.967238041787192429e-02	1.621420082727171100e-02	2.507764611173290796e-03	9.762673309638826291e-01	3.096425697086693796e-01	-4.192006890294319244e-04	-5.265907591937632058e-05
7.663410868007462274e-12	1.871877266657124284e-01	1.347411406480621210e+01	2.051385991335154257e-02	1.745566036868223189e-02	2.763458358692988392e-03	9.765236574031130878e-01	3.087729953656813131e-01	-4.646732418893847983e-04	-5.976563433413818944e-05
8.026433522257174683e-12	1.916748333148174388e-01	1.321579732169015209e+01	2.141617759593649958e-02	1.880513851169111211e-02	3.047544870840819715e-03	9.768530110181750103e-01	3.078516846770822935e-01	-5.160115669049235342e-04	-6.795602807653260602e-05
8.406652885618316356e-12	1.965262057861200673e-01	1.296420110080445021e+01	2.238437358616299222e-02	2.027252965571708920e-02	3.363060595355291289e-03	9.772660199943273840e-01	3.068755102670940871e-01	-5.740556127555896141e-04	-7.740583453315183396e-05
8.804883581643446547e-12	2.017773222049007720e-01	1.272020871682368082e+01	2.342331461879323951e-02	2.186744111582650252e-02	3.713140163494067867e-03	9.777739422908040545e-01	3.058417808032818930e-01	-6.397323901851948704e-04	-8.831276209422911729e-05
9.221978823334340144e-12	2.074633565152697590e-01	1.248476593051790040e+01	2.453755186588963549e-02	2.359883821571459248e-02	4.100880879214316259e-03	9.783883852676584780e-01	3.047483893638337493e-01	-7.140512544490222342e-04	-1.008964597437525665e-04
9.658832241158709141e-12	2.136183226552976211e-01	1.225883460609034614e+01	2.573117094273588701e-02	2.547454276318296407e-02	4.529207853583965167e-03	9.791206998455855848e-01	3.035939008303343289e-01	-7.980945915443782117e-04	-1.153972371671637765e-04
1.011637979766206976e-11	2.202741406134401114e-01	1.204334555831411180e+01	2.700763793866504947e-02	2.750075486478976636e-02	5.000732098866256248e-03	9.799814022039343708e-01	3.023776662125751691e-01	-8.930029976631331497e-04	-1.320734165567408365e-04
1.059560179277614774e-11	2.274596344791163516e-01	1.183915367623358783e+01	2.836964583068543252e-02	2.968148895264911477e-02	5.517649014358062820e-03	9.809793710430935176e-01	3.010998767428348377e-01	-9.999541641036373101e-04	-1.511970755602020527e-04
1.109752496412069864e-11	2.351994754254391751e-01	1.164699806621468525e+01	2.981896604326514377e-02	3.201807887061569602e-02	6.081520929721291255e-03	9.821211143453059123e-01	2.997616226724861832e-01	-1.120134774392951733e-03	-1.730479358973562888e-04
1.162322468679854125e-11	2.435130881849907059e-01	1.146746940213093247e+01	3.135631028822972316e-02	3.450868439819591849e-02	6.693129798156636188e-03	9.834099370661356643e-01	2.983649086571708020e-01	-1.254705189303321339e-03	-1.979053029582434362e-04
1.217382727739662020e-11	2.524135416896270412e-01	1.130098591362348515e+01	3.298120751106251719e-02	3.714784300424652658e-02	7.352301672552515738e-03	9.848451051197332218e-01	2.969126325580733194e-01	-1.404757004266514843e-03	-2.260380267827396747e-04
1.275051240713012859e-11	2.619064494765893647e-01	1.114777861275464588e+01	3.469190055480286805e-02	3.992618110729158343e-02	8.057808028556290650e-03	9.864212022753175990e-01	2.954085537011840734e-01	-1.571264173028688984e-03	-2.576926310184834089e-04
1.335451562929897339e-11	2.719889108861149873e-01	1.100788557521067013e+01	3.648526681118838266e-02	4.283017943208219241e-02	8.807183296852408652e-03	9.881274692216452937e-01	2.938572042735175804e-01	-1.755029064250423305e-03	-2.930799522613761069e-04
1.398713102647241439e-11	2.826485247379516563e-01	1.088115453013189793e+01	3.835676573118682042e-02	4.584222295021286170e-02	9.596741069670787147e-03	9.899476136344628197e-01	2.922638276962783443e-01	-1.956625288713417787e-03	-3.323607590147249010e-04
1.464971398307287854e-11	2.938625186747551576e-01	1.076725244047132790e+01	4.030041666448015009e-02	4.894069221618892879e-02	1.042147245643622322e-02	9.918595728360566355e-01	2.906342515579434793e-01	-2.176340093434889298e-03	-3.756311080566562019e-04
1.534368408930013065e-11	3.055970322857416988e-01	1.066568070230860599e+01	4.230880795693964247e-02	5.210036935411646586e-02	1.127514798055124362e-02	9.938358482535515348e-01	2.889747996660475549e-01	-2.414119236843055311e-03	-4.229082333480759393e-04
1.607052818261638620e-11	3.178066033539555524e-01	1.057579438484062706e+01	4.437313908683839653e-02	5.529291735797023377e-02	1.215036998047009341e-02	9.958439057077219658e-01	2.872921741369753312e-01	-2.669517986033480283e-03	-4.741179757332728527e-04
1.683180353330955093e-11	3.304339009773800129e-01	1.049682415074597230e+01	4.648329554860899243e-02	5.848759487386732958e-02	1.303876819022217748e-02	9.978470355616141374e-01	2.855933702847420763e-01	-2.941661707596499985e-03	-5.290847247013104413e-04
1.762914118095944293e-11	3.434097508001565657e-01	1.042789963421341426e+01	4.862795597864291719e-02	6.165206535045961861e-02	1.393120826733014114e-02	9.998053981856973582e-01	2.838855987172742568e-01	-3.229219490111922587e-03	-5.875248293494173425e-04
1.846424942895546448e-11	3.566534915927841443e-01	1.036807329232913233e+01	5.079473004044224305e-02	6.475323452606861208e-02	1.481803702492416087e-02	1.001677149317816928e+00	2.821762053514660917e-01	-3.530393706071190390e-03	-6.490442719663586015e-04
1.933891750455232057e-11	3.700736933312573917e-01	1.031634400225793691e+01	5.297032456652373683e-02	6.775823871008650190e-02	1.568940165714751908e-02	1.003419951481289818e+00	2.804726467045071669e-01	-3.842927639974841238e-03	-7.131411571000627033e-04
2.025501939230666486e-11	3.835692567946065168e-01	1.027167985729964883e+01	5.514073503417881578e-02	7.063527702605071346e-02	1.653552584638648404e-02	1.004992223682689811e+00	2.787824331940768618e-01	-4.164132421178716979e-03	-7.792132870291411861e-04
2.121451784910627571e-11	3.970308989758683516e-01	1.023303979244486328e+01	5.729145859597160884e-02	7.335451875045796710e-02	1.734703314846914105e-02	1.006354667274862003e+00	2.771131193439982376e-01	-4.490933326974733651e-03	-8.465707199201570653e-04
2.221946860939528424e-11	4.103430086893095630e-01	1.019939383453841408e+01	5.940772365814248751e-02	7.588882428577867212e-02	1.811521689372495858e-02	1.007471501528116153e+00	2.754722750100790929e-01	-4.819934241204610649e-03	-9.144528380827204699e-04
2.327202478960412005e-11	4.233871049925261865e-01	1.016973944517246764e+01	6.147492895742751734e-02	7.821463661864840045e-02	1.883235644096549130e-02	1.008311798933547720e+00	2.738673160912566962e-01	-5.147530153424892570e-03	-9.820557744282677314e-04
2.437444150122221807e-11	4.360623600466625449e-01	1.014309976073197106e+01	6.348164016615101546e-02	8.031571628877763602e-02	1.949287736390811418e-02	1.008852136085045759e+00	2.723034039254692007e-01	-5.470462478986088360e-03	-1.048651106891905103e-03
2.552908068239516723e-11	4.483039900302889236e-01	1.011856728611332024e+01	6.542199978399304561e-02	8.218579413395911415e-02	2.009411520297352260e-02	1.009078731964797804e+00	2.707818419877441318e-01	-5.786349609331642094e-03	-1.113698144981208017e-03
2.673841615839943880e-11	4.600806780968942356e-01	1.009536045995914222e+01	6.729493832740954251e-02	8.382709405603205877e-02	2.063585984472452589e-02	1.008987083066083201e+00	2.693008745105077706e-01	-6.093688364511280417e-03	-1.176845075802153981e-03
2.800503894183625342e-11	4.713908833503452356e-01	1.007284209364721050e+01	6.910339560587322461e-02	8.524845369877238899e-02	2.111981253045040058e-02	1.008580286917670099e+00	2.678563123937355295e-01	-6.391805523708372211e-03	-1.237918185493534773e-03
2.933166278390048099e-11	4.822593265318263489e-01	1.005051817802453407e+01	7.085368087886907695e-02	8.646369302242068455e-02	2.154910994086072645e-02	1.007867306527081563e+00	2.664419925349598151e-01	-6.680794758679446839e-03	-1.296906940931240489e-03
3.072112998861759207e-11	4.927338044188321886e-01	1.002802737335840533e+01	7.255495593670638343e-02	8.749012138684911233e-02	2.192788675847277824e-02	1.006861030568412252e+00	2.650500753024415679e-01	-6.961447809790462064e-03	-1.353947177073286249e-03
3.217641750250735458e-11	5.028828120729194051e-01	1.000512618875762705e+01	7.421889032153475285e-02	8.834748731562240553e-02	2.226097006737671330e-02	1.005576813472066844e+00	2.636712311471239301e-01	-7.235197282926343447e-03	-1.409306198609723429e-03
3.370064329271925032e-11	5.127929758700623397e-01	9.981663498111839061e+00	7.585939554316155353e-02	8.905661051855580379e-02	2.255351027330897498e-02	1.004029978139066470e+00	2.622946641540824242e-01	-7.504049531661974477e-03	-1.463365450392420516e-03
3.529707302730657668e-11	5.225476009000763478e-01	9.957566351555399820e+00	7.748950456608309778e-02	8.963618532304067077e-02	2.281003763949140950e-02	1.002234400498267286e+00	2.609104178654144124e-01	-7.770001098408241963e-03	-1.516499463586240938e-03
3.696912707195032437e-11	5.322168440512824450e-01	9.932818030007540600e+00	7.912001686264830136e-02	9.010163710935149839e-02	2.303414095100005457e-02	1.000202100299893981e+00	2.595103488547828019e-01	-8.034756134603202385e-03	-1.569018027073001541e-03
3.872038781812557004e-11	5.418591298917434518e-01	9.907434664400335933e+00	8.075983320123103493e-02	9.046547087654389918e-02	2.322859570028682624e-02	9.979430220532239382e-01	2.580878023385985154e-01	-8.299747908167866978e-03	-1.621170569504963490e-03
4.055460735840827506e-11	5.515223968421381073e-01	9.881450546012272795e+00	8.241621908756251169e-02	9.073777439309485549e-02	2.339553437050242643e-02	9.954654094153465582e-01	2.566374176929845374e-01	-8.566159667308108350e-03	-1.673150597608329560e-03
4.247571552536894126e-11	5.612449455309258539e-01	9.854908124396784430e+00	8.409498512786793556e-02	9.092636749055910128e-02	2.353649665232411536e-02	9.927755624188059347e-01	2.551549277072265309e-01	-8.834937731404033864e-03	-1.725098767843560865e-03
4.448782831127576069e-11	5.710559418156005984e-01	9.827850651262993509e+00	8.580060331305355836e-02	9.103724887035787028e-02	2.365256805972390519e-02	9.898784671486107190e-01	2.536371074346724930e-01	-9.106797349190447199e-03	-1.777104740021797366e-03
4.659525668664686662e-11	5.809751897939945398e-01	9.800317650226311628e+00	8.753619585833775918e-02	9.107473154582593211e-02	2.374442792411187581e-02	9.867779484251429922e-01	2.520817713618768718e-01	-9.382209734474483698e-03	-1.829205678429521960e-03
4.880251583654433574e-11	5.910093043023941783e-01	9.772354788774304524e+00	8.930285167897593357e-02	9.104186561949759171e-02	2.381244098594747019e-02	9.834787476439045273e-01	2.504884376834136672e-01	-9.661289980868919061e-03	-1.881366969336765137e-03
5.111433483440165318e-11	6.011589428717083461e-01	9.744005452763003561e+00	9.110076602842814841e-02	9.094107128298779819e-02	2.385686053748044960e-02	9.799857927607539265e-01	2.488573779814162723e-01	-9.943992976477366436e-03	-1.933521967878141460e-03
5.353566677410718816e-11	6.114251539477868480e-01	9.715302953272750841e+00	9.293026782951326059e-02	9.077459256938545662e-02	2.387797924954800435e-02	9.763033769327185141e-01	2.471887753587067305e-01	-1.023028816297042072e-02	-1.985605770226482950e-03
5.607169938205469661e-11	6.218097449706491142e-01	9.686274095857188016e+00	9.479185120747293802e-02	9.054453700834572127e-02	2.387611792074107245e-02	9.724352041922358358e-01	2.454826908790127549e-01	-1.052016943189153231e-02	-2.037557061949682100e-03
5.872786613189488850e-11	6.323154187566907281e-01	9.656941638447724685e+00	9.668617964214896998e-02	9.025294695653428290e-02	2.385163521205649340e-02	9.683845660993117832e-01	2.437390749752680330e-01	-1.081365881735842777e-02	-2.089318690777461438e-03
6.150985788580503926e-11	6.429458580984418470e-01	9.627326042627213809e+00	9.861408692204180759e-02	8.990198276866082083e-02	2.380497088222861130e-02	9.641548060515119367e-01	2.419578131075955096e-01	-1.111080883410030425e-02	-2.140837914130912061e-03
6.442363508721370414e-11	6.537057846212898093e-01	9.597446792446387320e+00	1.005765767950600187e-01	8.949356882188244655e-02	2.373653228575832788e-02	9.597484596983879568e-01	2.401386293336266464e-01	-1.141170416568225258e-02	-2.192066475642879143e-03
6.747544053110686101e-11	6.646010023532851196e-01	9.567323424150352196e+00	1.025748218600296413e-01	8.902957699157559857e-02	2.364673717939873993e-02	9.551677176813658798e-01	2.382811320313421299e-01	-1.171646290123496206e-02	-2.242960542906205241e-03
7.067181273927477085e-11	6.756384340584405956e-01	9.536976348836004647e+00	1.046101623498994770e-01	8.851263326564533240e-02	2.353628152868767962e-02	9.504164693166613498e-01	2.363850733347071242e-01	-1.202523765658993112e-02	-2.293480602028129690e-03
7.401959996915652408e-11	6.868261498485521699e-01	9.506427526358947944e+00	1.066841042949474433e-01	8.794419066760754411e-02	2.340549765177991209e-02	9.454954938859915226e-01	2.344497581699511446e-01	-1.233821629256100227e-02	-2.343591202319701694e-03
7.752597488629464062e-11	6.981733956469781122e-01	9.475701022010159846e+00	1.087983180161175706e-01	8.732647767549986395e-02	2.325499566280730263e-02	9.404073579699576690e-01	2.324746516163819776e-01	-1.265562283104477818e-02	-2.393260754564677587e-03
8.119844993184008328e-11	7.096906173634680570e-01	9.444823478133551831e+00	1.109546360362179684e-01	8.666150928503921214e-02	2.308533205659890272e-02	9.351539569664982787e-01	2.304590781397784782e-01	-1.297771807316737934e-02	-2.442461212679936967e-03
8.504489341802668113e-11	7.213894844885073709e-01	9.413824515916115132e+00	1.131550508540414973e-01	8.595128144775167345e-02	2.289707742408695137e-02	9.297370204874081390e-01	2.284022936999394182e-01	-1.330480021930076709e-02	-2.491167739468806361e-03
8.907354638610458163e-11	7.332829124629595130e-01	9.382737085632397722e+00	1.154017122893322561e-01	8.519778530128865879e-02	2.269081386076809634e-02	9.241581685749949981e-01	2.263034927098799554e-01	-1.363720541827322455e-02	-2.539358342238422737e-03
9.329304026284695888e-11	7.453850525156165974e-01	9.351597850601963913e+00	1.176969183795826684e-01	8.440297666567024570e-02	2.246712909232170818e-02	9.184188635788268495e-01	2.241618171527179626e-01	-1.397530735884152178e-02	-2.587013351854833450e-03
9.771241535346501225e-11	7.577092958862576833e-01	9.320451565257988236e+00	1.200427391024105755e-01	8.356888978938127599e-02	2.222665075389370845e-02	9.125213162076257767e-01	2.219767084323606976e-01	-1.431946124512210178e-02	-2.634107277371441468e-03
1.023411402105452712e-10	7.702645507197385388e-01	9.289353684528624200e+00	1.224403740164054372e-01	8.269770639669356271e-02	2.197008433961248827e-02	9.064696651457254672e-01	2.197484659186129952e-01	-1.466989869491121777e-02	-2.680594754636323167e-03
1.071891319205126445e-10	7.830551407044440415e-01	9.258362079076805529e+00	1.248902165793481234e-01	8.179157904890854702e-02	2.169819026522943131e-02	9.002693583169775193e-01	2.174781430763368939e-01	-1.502672324989374336e-02	-2.726411402300839108e-03
1.122667773510811312e-10	7.960805433321180846e-01	9.227532401287160013e+00	1.273918562471654525e-01	8.085261557657241749e-02	2.141178858651121217e-02	8.939270465272906030e-01	2.151675229998219474e-01	-1.538990144774606515e-02	-2.771474511968840052e-03
1.175849554052158201e-10	8.093351593124464838e-01	9.196914894734547374e+00	1.299440728761007968e-01	7.988274551412237467e-02	2.111172463485569764e-02	8.874501693669181179e-01	2.128190593354538085e-01	-1.575925479843688290e-02	-2.815684187557135777e-03
1.231550603292826197e-10	8.228081737268743145e-01	9.166551893409412344e+00	1.325448417443904625e-01	7.888381996675926378e-02	2.079889962899489353e-02	8.808471383972211743e-01	2.104358738012817864e-01	-1.613445436604963798e-02	-2.858925036022735584e-03
1.289890261253308184e-10	8.364834953201993883e-01	9.136475861903331719e+00	1.351913485364203971e-01	7.785760774750795365e-02	2.047426795044048412e-02	8.741272326763511735e-01	2.080217124551342056e-01	-1.651501765684640702e-02	-2.901068275186840031e-03
1.350993521198024986e-10	8.503397686733989991e-01	9.106707910440686504e+00	1.378800138843380707e-01	7.680578306336116601e-02	2.013882403554091705e-02	8.673004569043195611e-01	2.055808839301735413e-01	-1.690030775445362093e-02	-2.941974169727902284e-03
1.414991297434578731e-10	8.643504572317660672e-01	9.077256746395669040e+00	1.406065271307640197e-01	7.573001858998293367e-02	1.979362234160163964e-02	8.603776769598133756e-01	2.031182267870478841e-01	-1.728953476194468666e-02	-2.981494723134463665e-03
1.482020705798860072e-10	8.784839895020083445e-01	9.048118040263020134e+00	1.433658877093624273e-01	7.463172430691883408e-02	1.943968943563975649e-02	8.533697760474111549e-01	2.006389570998571847e-01	-1.768175902586758066e-02	-3.019476396093195240e-03
1.552225357427047968e-10	8.927039833893800624e-01	9.019274164600361132e+00	1.461524564207464238e-01	7.351264822427781842e-02	1.907818737981225449e-02	8.462891805913245191e-01	1.981487819212593982e-01	-1.807589791499515999e-02	-3.055763273973851821e-03
1.625755666443793407e-10	9.069695153489448769e-01	8.990694305003424702e+00	1.489600103018707544e-01	7.237435768218793142e-02	1.871024937248665782e-02	8.391483093731948451e-01	1.956536606574332537e-01	-1.847073309424634990e-02	-3.090199752475248848e-03
1.702769172225897821e-10	9.212354602376753299e-01	8.962334884144677716e+00	1.517818052579297528e-01	7.121846017113170335e-02	1.833702851969186420e-02	8.319600560101779729e-01	1.931597928584985191e-01	-1.886492127055327747e-02	-3.122633537222242045e-03
1.783430876931905687e-10	9.354528779214004164e-01	8.934140280591089223e+00	1.546106418658623471e-01	7.004666867773093331e-02	1.795970603487430720e-02	8.247378610228196516e-01	1.906735657895599068e-01	-1.925700638195322958e-02	-3.152918353873430772e-03
1.867913599020784805e-10	9.495699248697947459e-01	8.906043355332228018e+00	1.574390211989444566e-01	6.886071647552496899e-02	1.757944950280094371e-02	8.174952492823047701e-01	1.882013856850238698e-01	-1.964544702643637036e-02	-3.180917590653910450e-03
1.956398343517064725e-10	9.635370833793016621e-01	8.877964593856459530e+00	1.602600449539055560e-01	6.766222799524369835e-02	1.719733804532646432e-02	8.102442571547326944e-01	1.857489489520061654e-01	-2.002876536548032702e-02	-3.206517461324184023e-03
2.049074689815846066e-10	9.773121911736485368e-01	8.849817555226154653e+00	1.630681836430720177e-01	6.645264382294432948e-02	1.681429692487795835e-02	8.029942619399185189e-01	1.833206531940596296e-01	-2.040569208162514719e-02	-3.229638307005806147e-03
2.146141197858401440e-10	9.908611647098883868e-01	8.821516652663317970e+00	1.658592831360223285e-01	6.523336981297790660e-02	1.643112889000190521e-02	7.957525222685943866e-01	1.809196802134390436e-01	-2.077519038222497977e-02	-3.250234026266699168e-03
2.247805833548729991e-10	1.004157979047101579e+00	8.792982246329840379e+00	1.686304823473623871e-01	6.400579298472883205e-02	1.604851802316188680e-02	7.885244510621226555e-01	1.785481071434499301e-01	-2.113645797894233083e-02	-3.268289065603906599e-03
2.354286414322420067e-10	1.017184442931379440e+00	8.764143968969312581e+00	1.713801194756093826e-01	6.277134089270293427e-02	1.566705448386213062e-02	7.813140205319608622e-01	1.762070447467158907e-01	-2.148892236433034425e-02	-3.283814828248100229e-03
2.465811075822603842e-10	1.029929854094317143e+00	8.734942865380764587e+00	1.741076338429156656e-01	6.153146400093956192e-02	1.528723952005244663e-02	7.741239325169265717e-01	1.738967494560648419e-01	-2.183223198525898259e-02	-3.296845956250823387e-03
2.582618760682674929e-10	1.042390580034951775e+00	8.705332692221338320e+00	1.768134669484959232e-01	6.028762629959687896e-02	1.490949477310443694e-02	7.669557966561824092e-01	1.716167348820636651e-01	-2.216624460775602767e-02	-3.307436669142797565e-03
2.704959730463131364e-10	1.054569594879831929e+00	8.675280621052081642e+00	1.794989650266852477e-01	5.904132015171557890e-02	1.453417824635569455e-02	7.598103647877656464e-01	1.693658849971102220e-01	-2.249101391548228787e-02	-3.315657311222077255e-03
2.833096101839318258e-10	1.066475992338324019e+00	8.644767519957982316e+00	1.821662842913346625e-01	5.779394582455273793e-02	1.416156430615466040e-02	7.526873326708880541e-01	1.671425149660194787e-01	-2.280677501329621965e-02	-3.321591172580426118e-03
2.967302408188872501e-10	1.078124498194212633e+00	8.613787919126101755e+00	1.848183015758992909e-01	5.654694283607292898e-02	1.379189150258895019e-02	7.455858900913390208e-01	1.649445089321694979e-01	-2.311392951193633194e-02	-3.325331599917725686e-03
3.107866187782014063e-10	1.089536955930581863e+00	8.582343192961367606e+00	1.874590118667225358e-01	5.530149757219507411e-02	1.342529027138949366e-02	7.385033649336167905e-01	1.627689884901534767e-01	-2.341308137133892714e-02	-3.326979008930335512e-03
3.255088599835056406e-10	1.100740357443360296e+00	8.550433587435673388e+00	1.900933772865943394e-01	5.405803699108575888e-02	1.306167202234985621e-02	7.314338256070324062e-01	1.606122850611968189e-01	-2.370497507718241983e-02	-3.326631370291093393e-03
3.409285069746807543e-10	1.111757341942227528e+00	8.518067938185645005e+00	1.927254824950579148e-01	5.281828908250359861e-02	1.270134193328022361e-02	7.243767728475660750e-01	1.584719270829356152e-01	-2.399023601431924529e-02	-3.324374969490972477e-03
3.570785964900469852e-10	1.122604845107961102e+00	8.485260094470399750e+00	1.953583543562740776e-01	5.158240940836803651e-02	1.234421169074079172e-02	7.173282274877461617e-01	1.563456865015882546e-01	-2.426933248259870862e-02	-3.320283891073225885e-03
3.739937302478801677e-10	1.133294105812986396e+00	8.452025038084258313e+00	1.979940275904499003e-01	5.035182251703544665e-02	1.199058602497027164e-02	7.102895930983511574e-01	1.542325506710066629e-01	-2.454257440955093586e-02	-3.314420932724575740e-03
3.917101490809260641e-10	1.143830422856734641e+00	8.418377295865768772e+00	2.006335198609828785e-01	4.912786326522376734e-02	1.164078543864542105e-02	7.032633592162788050e-01	1.521322151881513429e-01	-2.481010608886063257e-02	-3.306839004949723142e-03
4.102658105827190344e-10	1.154210384625175667e+00	8.384341353843151268e+00	2.032760724001073105e-01	4.791201421485342254e-02	1.129520321802209189e-02	6.962546867632460890e-01	1.500455941270181504e-01	-2.507184110023528284e-02	-3.297587840595849265e-03
4.297004704320835313e-10	1.164426695260596833e+00	8.349945320792157233e+00	2.059201077770974608e-01	4.670608110487250997e-02	1.095433476749140510e-02	6.892708436406334016e-01	1.479742437478274997e-01	-2.532759080951784911e-02	-3.286717953588395077e-03
4.500557675700488183e-10	1.174472511173390243e+00	8.315213407317667560e+00	2.085641653409973650e-01	4.551168574216137713e-02	1.061862268600134891e-02	6.823184728910429708e-01	1.459195724599194610e-01	-2.557717975098771496e-02	-3.274281463261008527e-03
4.713753134116729086e-10	1.184341796391056745e+00	8.280167526088272112e+00	2.112069317812729219e-01	4.433011461278436871e-02	1.028840846114726162e-02	6.754030385612930232e-01	1.438827538465217437e-01	-2.582045566136399045e-02	-3.260332646164037541e-03
4.937047852839003559e-10	1.194029471553550215e+00	8.244828423463218314e+00	2.138472447448606095e-01	4.316278322679804880e-02	9.964062454839387600e-03	6.685303689776709302e-01	1.418649135424362440e-01	-2.605729361520020548e-02	-3.244928038523138460e-03
5.170920242896755486e-10	1.203531632832737674e+00	8.209215393210069323e+00	2.164841444779231350e-01	4.201026452883553641e-02	9.645710132521552807e-03	6.617033030933631155e-01	1.398666999911453990e-01	-2.628760156704076922e-02	-3.228125859067122651e-03
5.415871378079465267e-10	1.212844509536758153e+00	8.173347002939856054e+00	2.191166724873954141e-01	4.087396663340015640e-02	9.333708631903761543e-03	6.549276027965743596e-01	1.378891039503056803e-01	-2.651129165156195996e-02	-3.209985176883914035e-03
5.672426068491988835e-10	1.221963139325848324e+00	8.137242443793454072e+00	2.217435953401524773e-01	3.975465957094014707e-02	9.028235047367810101e-03	6.482072412371626680e-01	1.359330081678538638e-01	-2.672824616635069775e-02	-3.190566249368633096e-03
5.941133984965039838e-10	1.230881230474486054e+00	8.100920584993446028e+00	2.243633983893311701e-01	3.865323058963649611e-02	8.729499797094997585e-03	6.415469657010604010e-01	1.339994986481443939e-01	-2.693831346629274245e-02	-3.169930138819206187e-03
6.222570836730231313e-10	1.239591188614658446e+00	8.064399262965176618e+00	2.269743046342876103e-01	3.757052179612425241e-02	8.437700552573718787e-03	6.349517133310029759e-01	1.320897794506492862e-01	-2.714130881296300535e-02	-3.148138579787024358e-03
6.517339604882420571e-10	1.248083693477430423e+00	8.027697004600245378e+00	2.295741430528774329e-01	3.650746550752397707e-02	8.153058325713906720e-03	6.284272220206517101e-01	1.302052962552170678e-01	-2.733700521937385344e-02	-3.125255302907094766e-03
6.826071834272379248e-10	1.256347551835077736e+00	7.990834427223613368e+00	2.321602703409560153e-01	3.546466816428456986e-02	7.875700301399789910e-03	6.219786160126418162e-01	1.283475848585311774e-01	-2.752513203055402882e-02	-3.101347438286818255e-03
7.149428986597561750e-10	1.264370742247066692e+00	7.953830635743876165e+00	2.347298566452574731e-01	3.444322056581356623e-02	7.605883265528475858e-03	6.156129958502758459e-01	1.265184622169210349e-01	-2.770540038679300543e-02	-3.076483431212432597e-03
7.488103857590030225e-10	1.272140667567834393e+00	7.916702775746340848e+00	2.372799440087118017e-01	3.344375349269319841e-02	7.343732260481834404e-03	6.093359898703827326e-01	1.247195754036908716e-01	-2.787751052540324292e-02	-3.050732744569172820e-03
7.842822061337681836e-10	1.279644322889351482e+00	7.879465960374441913e+00	2.398074801471451190e-01	3.246687647762949713e-02	7.089360904135718830e-03	6.031532747313235188e-01	1.229525710459429544e-01	-2.804115649815742961e-02	-3.024165553704094827e-03
8.214343584919422200e-10	1.286868888668164734e+00	7.842132119035149174e+00	2.423094667248674450e-01	3.151319273425304962e-02	6.842875544032926347e-03	5.970704820266286017e-01	1.212190240838924432e-01	-2.819604112551218553e-02	-2.996851589769676701e-03
8.603464416684491388e-10	1.293802711456857546e+00	7.804709646157671266e+00	2.447831623295584902e-01	3.058296570960219660e-02	6.604282064393809243e-03	5.910917480021228299e-01	1.195201759325084656e-01	-2.834190114817233125e-02	-2.968859183767886233e-03
9.011018251665036851e-10	1.300435681642664987e+00	7.767205004909026655e+00	2.472261150625942872e-01	2.967645136515607504e-02	6.373575976051644269e-03	5.852209038252167428e-01	1.178570720524827614e-01	-2.847851797370166971e-02	-2.940255584698474658e-03
9.437878277775391497e-10	1.306759353712948712e+00	7.729623826593527980e+00	2.496361600779040124e-01	2.879376636583046503e-02	6.150706802451500789e-03	5.794609877172378631e-01	1.162305084194085042e-01	-2.860572116314697572e-02	-2.911106997567375603e-03
9.884959046625586031e-10	1.312766844308078440e+00	7.691971804908666499e+00	2.520113790392944919e-01	2.793493564816561595e-02	5.935592573448227223e-03	5.738144601354887575e-01	1.146410812329681089e-01	-2.872338598724696879e-02	-2.881478626831281576e-03
1.035321843295661502e-09	1.318451964999987958e+00	7.654256196826493941e+00	2.543498889656148343e-01	2.709996899500258932e-02	5.728143148499053976e-03	5.682837050149859293e-01	1.130893385867700052e-01	-2.883141223250883581e-02	-2.851435643201425535e-03
1.084365968689608688e-09	1.323808588044556034e+00	7.616485811943344508e+00	2.566497182393537302e-01	2.628885456176995039e-02	5.528260840988351126e-03	5.628711265022704469e-01	1.115758446695569867e-01	-2.892970808015235540e-02	-2.821043257949540275e-03
1.135733358343102889e-09	1.328830560056375898e+00	7.578670177747295789e+00	2.589088139896946750e-01	2.550156444475169815e-02	5.335843186562836196e-03	5.575791604749040786e-01	1.101011799639195904e-01	-2.901818736485851577e-02	-2.790366075780911347e-03
1.189534067370320724e-09	1.333512016745338702e+00	7.540817964191680822e+00	2.611251555150749804e-01	2.473802876220664027e-02	5.150777517749412400e-03	5.524100599068424433e-01	1.086658747548551046e-01	-2.909677602955243816e-02	-2.759466649023970333e-03
1.245883364295008068e-09	1.337848301057135370e+00	7.502935610387479137e+00	2.632969856443398426e-01	2.399806084123474667e-02	4.972920154976095790e-03	5.473653695031948097e-01	1.072702580777147308e-01	-2.916543342759682009e-02	-2.728403692572212158e-03
1.304901978014401580e-09	1.341836417393188485e+00	7.465028529059696716e+00	2.654228680459965739e-01	2.328138996990199161e-02	4.802104719437602122e-03	5.424459939496591998e-01	1.059144486887481224e-01	-2.922416399292460804e-02	-2.697232328475147184e-03
1.366716356462010101e-09	1.345475198422310781e+00	7.427101318176053901e+00	2.675017227281728527e-01	2.258767521190293767e-02	4.638146310205580949e-03	5.376522163385508701e-01	1.045983503375503693e-01	-2.927302044067150652e-02	-2.666003753212938757e-03
1.431458937523481393e-09	1.348765561606031005e+00	7.389155424774494385e+00	2.695329730850482552e-01	2.191644163366570155e-02	4.480827044701142688e-03	5.329832947468333693e-01	1.033215581746187162e-01	-2.931210621540573935e-02	-2.634762934108810829e-03
1.499268432786047049e-09	1.351710217674321202e+00	7.351191968767090579e+00	2.715164005585602447e-01	2.126715650804280461e-02	4.329915863578244657e-03	5.284379039015209001e-01	1.020834716468913411e-01	-2.934156984754867498e-02	-2.603550637040822919e-03
1.570290124729377524e-09	1.354313507567423969e+00	7.313213043689399839e+00	2.734520728886108976e-01	2.063925650345938695e-02	4.185175608137401727e-03	5.240143127093377373e-01	1.008833463688252607e-01	-2.936160119929913034e-02	-2.572404355938067138e-03
1.644676177994662829e-09	1.356581366188188031e+00	7.275220208201348626e+00	2.753404001283526470e-01	2.003212290124581352e-02	4.046358537699778699e-03	5.197102267570301581e-01	9.972026205571041246e-02	-2.937242773462361498e-02	-2.541357066068692348e-03
1.722585965398783835e-09	1.358521014480461142e+00	7.237215259986633953e+00	2.771820519858935739e-01	1.944511571025732063e-02	3.913215536325345516e-03	5.155230047748746713e-01	9.859318274036113494e-02	-2.937430680797720184e-02	-2.510437995931151696e-03
1.804186409392068039e-09	1.360140678584444096e+00	7.199201626552365951e+00	2.789778529922254391e-01	1.887759398654412224e-02	3.785501310810239668e-03	5.114498404889377126e-01	9.750101822016983555e-02	-2.936751969001727414e-02	-2.479673945845179903e-03
1.889652339691211477e-09	1.361449392808869341e+00	7.161184543670232827e+00	2.807287371238976204e-01	1.832893093032491802e-02	3.662978467623984567e-03	5.074878684474427581e-01	9.644265453878905769e-02	-2.935236644379364546e-02	-2.449089659934761132e-03
1.979166867853557524e-09	1.362456554093074645e+00	7.123171681649211884e+00	2.824356315925628524e-01	1.779852338257952374e-02	3.545420243446116646e-03	5.036343122571318442e-01	9.541701350683071126e-02	-2.932915570140282729e-02	-2.418708826190970555e-03
2.072921779595369695e-09	1.363171566644183041e+00	7.085172838413833496e+00	2.840993923800549381e-01	1.728580065455218376e-02	3.432613365169036659e-03	4.998865821816365629e-01	9.442308752764520807e-02	-2.929819575821944813e-02	-2.388554319205438321e-03
2.171117945694509622e-09	1.363603667729793356e+00	7.047200267353614045e+00	2.857207505398791092e-01	1.679028399038326805e-02	3.324373179017415299e-03	4.962425852518695946e-01	9.345999537745655616e-02	-2.925979100794995694e-02	-2.358648798243016907e-03
2.273965752357932151e-09	1.363761707428289061e+00	7.009269366631315279e+00	2.873002319698880203e-01	1.631146417341075919e-02	3.220510894089468040e-03	4.927002676494426914e-01	9.252694727168721267e-02	-2.921423790874752568e-02	-2.329015626513135893e-03
2.381685551976160644e-09	1.363653978435406922e+00	6.971396973075939307e+00	2.888381837124716633e-01	1.584893369824959611e-02	3.120869228954204627e-03	4.892581677955136210e-01	9.162330721555184132e-02	-2.916181930259243577e-02	-2.299677905821913542e-03
2.494508135230316413e-09	1.363288143847329437e+00	6.933602589147433548e+00	2.903347016559140736e-01	1.540230691869447395e-02	3.025300306126518530e-03	4.859151356175096526e-01	9.074857649395501324e-02	-2.910280473379640506e-02	-2.270659656172674748e-03
2.612675225563326382e-09	1.362671086017488653e+00	6.895910587450427620e+00	2.917894961873124804e-01	1.497128826433914359e-02	2.933681919779445799e-03	4.826707586231090974e-01	8.990248659579069823e-02	-2.903745058257039408e-02	-2.241987843126666546e-03
2.736439997074666368e-09	1.361808686856326833e+00	6.858346722418040997e+00	2.932019796079417540e-01	1.455561604619587911e-02	2.845904862512108838e-03	4.795250362622750506e-01	8.908493033650527471e-02	-2.896599109712530082e-02	-2.213690038890054300e-03
2.866067616948244470e-09	1.360705780820305133e+00	6.820936854747062128e+00	2.945713030254922260e-01	1.415508530269199254e-02	2.761878797153333957e-03	4.764784509648741784e-01	8.829595705091274060e-02	-2.888863618272394587e-02	-2.185793610350999019e-03
3.001835813575592210e-09	1.359366201393259033e+00	6.783706323639936642e+00	2.958963883222294755e-01	1.376936834440167443e-02	2.681485251638987804e-03	4.735311248246729665e-01	8.753565064008361762e-02	-2.880557207048680540e-02	-2.158325289228955456e-03
3.144035471591500167e-09	1.358182324064935997e+00	6.755481463034866074e+00	2.968738895436363601e-01	1.348558197239831113e-02	2.622694230478322258e-03	4.713553974439945726e-01	8.697663046614433069e-02	-2.873842321312477383e-02	-2.137711712048548200e-03
3.292971255097148186e-09	1.357121077871849435e+00	6.733948942448779285e+00	2.975904646846535551e-01	1.327544008475344504e-02	2.579485633106595212e-03	4.697480280013339171e-01	8.656692865065546139e-02	-2.868342974328517286e-02	-2.122177959689074134e-03
3.448962260405766611e-09	1.355902438793877840e+00	6.712923630438949019e+00	2.982544763155313139e-01	1.307665810329674758e-02	2.538981988500585256e-03	4.682377274481878682e-01	8.618645976571158440e-02	-2.862547689424353378e-02	-2.107229650226277728e-03
3.612342699709437910e-09	1.354509870514904124e+00	6.692332485570042344e+00	2.988648912819083514e-01	1.288860813902688134e-02	2.501064885896187463e-03	4.668228407243762423e-01	8.583531608545920399e-02	-2.856412511293956666e-02	-2.092830547801198017e-03
3.783462617131932968e-09	1.352935047560595017e+00	6.672118892702297188e+00	2.994217923583102348e-01	1.271066863982414120e-02	2.465601949407537821e-03	4.655007130073806620e-01	8.551308040985984571e-02	-2.849914085032121194e-02	-2.078947847954449105e-03
3.962688638701478467e-09	1.351174373407552753e+00	6.652237598760518011e+00	2.999258388595543723e-01	1.254225326661640230e-02	2.432460598831600197e-03	4.642683130106241007e-01	8.521909418672937719e-02	-2.843040978957044398e-02	-2.065551946220951524e-03
4.150404757850472502e-09	1.349227329677616938e+00	6.632651977658604814e+00	3.003780230358695791e-01	1.238281927188900414e-02	2.401513470695619719e-03	4.631224951665552925e-01	8.495257665802519176e-02	-2.835789531721000928e-02	-2.052616083367813683e-03
4.347013158125017173e-09	1.347095520605277041e+00	6.613332243572329183e+00	3.007795363320823756e-01	1.223186030980905926e-02	2.372638483467009746e-03	4.620600898730932715e-01	8.471268314273990019e-02	-2.828161435713839530e-02	-2.040116007081721732e-03
4.552935074866938773e-09	1.344782063257683014e+00	6.594254184100799776e+00	3.011316884813903805e-01	1.208891616427894451e-02	2.345722538329324865e-03	4.610780240103489747e-01	8.449854854407723437e-02	-2.820162188046045418e-02	-2.028029674965675135e-03
4.768611697714474181e-09	1.342291167447102973e+00	6.575398188661138121e+00	3.014358553938887852e-01	1.195356221306467792e-02	2.320659847042703429e-03	4.601733208126095320e-01	8.430930556027306511e-02	-2.811800025354998719e-02	-2.016336995644329218e-03
4.994505115855140358e-09	1.339627839012851984e+00	6.556748498167459083e+00	3.016934446386949631e-01	1.182539061525095074e-02	2.297347257768079815e-03	4.593430444034528604e-01	8.414408799108918924e-02	-2.803085170175112148e-02	-2.005019606234828642e-03
5.231099308056257792e-09	1.336797660906266616e+00	6.538292597679791207e+00	3.019058720042281929e-01	1.170405787813164067e-02	2.275697761432280211e-03	4.585845441039304027e-01	8.400207216716779057e-02	-2.794029278626783061e-02	-1.994060680853254174e-03
5.478901179593956120e-09	1.333806629550977396e+00	6.520020722915283784e+00	3.020745454597278390e-01	1.158922151973514579e-02	2.255623571746033333e-03	4.578951738556100715e-01	8.388244325565261117e-02	-2.784645030061716486e-02	-1.983444767009118551e-03
5.738441648302404521e-09	1.330661029676504015e+00	6.501925449903225740e+00	3.022008541614525923e-01	1.148057441911717186e-02	2.237045868785448970e-03	4.572724630792635026e-01	8.378442238826402932e-02	-2.774945815540184185e-02	-1.973157641848224866e-03
6.010276782070388176e-09	1.327367338017355625e+00	6.484001353535875367e+00	3.022861609887785850e-01	1.137783519123215445e-02	2.219892223109294280e-03	4.567140788611809832e-01	8.370726317471979816e-02	-2.764945499255773778e-02	-1.963186186553880861e-03
6.294988990221888141e-09	1.323932148893932181e+00	6.466244719411447406e+00	3.023317977414919366e-01	1.128073481715779862e-02	2.204093280425301320e-03	4.562177679113598727e-01	8.365024530248114931e-02	-2.754658241319086348e-02	-1.953518284502520942e-03
6.593188271333541710e-09	1.320362113719712349e+00	6.448653293974934364e+00	3.023390618734854152e-01	1.118903342740258829e-02	2.189587253982997611e-03	4.557814383184974338e-01	8.361268604138950844e-02	-2.744098346657384765e-02	-1.944142713598122699e-03
6.905513520162316861e-09	1.316663898319749393e+00	6.431226086413342813e+00	3.023092150053715010e-01	1.110249927345914080e-02	2.176314454538889973e-03	4.554030624887538958e-01	8.359392736410452274e-02	-2.733280170700297732e-02	-1.935049077902929867e-03
7.232633896483518810e-09	1.312844142696749206e+00	6.413963175465695166e+00	3.022434818833471537e-01	1.102091938620874262e-02	2.164220166456581277e-03	4.550807281163957718e-01	8.359334272760948759e-02	-2.722218022783808034e-02	-1.926227722540454742e-03
7.575250258771920716e-09	1.308909435229835827e+00	6.396865564709814045e+00	3.021430504702281028e-01	1.094410860434279903e-02	2.153257139967217505e-03	4.548126804193294848e-01	8.361034248293419679e-02	-2.710926109404134671e-02	-1.917669674008679482e-03
7.934096665797492339e-09	1.304866289572146343e+00	6.379935045848809771e+00	3.020090723679114131e-01	1.087187260358721090e-02	2.143375663389750999e-03	4.545971485887052577e-01	8.364434969542235143e-02	-2.699418483699879759e-02	-1.909366580861086892e-03
8.309941949353386453e-09	1.300721126565284713e+00	6.363174082097996731e+00	3.018426635204554120e-01	1.080404283552026563e-02	2.134532971490780365e-03	4.544325088377367816e-01	8.369482177781423227e-02	-2.687709006753706553e-02	-1.901310662223406125e-03
8.703591361485183753e-09	1.296480261215243068e+00	6.346585707123876041e+00	3.016449054139445640e-01	1.074045939665185107e-02	2.126688761505073251e-03	4.543172030540975626e-01	8.376123895801554364e-02	-2.675811321603168563e-02	-1.893494660923661843e-03
9.115888299750837812e-09	1.292149892745119155e+00	6.330173441045463534e+00	3.014168462347300848e-01	1.068097163096360866e-02	2.119805096887985695e-03	4.542497405783313957e-01	8.384310321420052059e-02	-2.663738832970165629e-02	-1.885911802423263567e-03
9.547716114208065503e-09	1.287736095854458584e+00	6.313941208369715063e+00	3.011595022604033889e-01	1.062544078584427495e-02	2.113847432172361561e-03	4.542287093191324510e-01	8.393993977975934551e-02	-2.651504692511904432e-02	-1.878555757568705102e-03
1.000000000000000021e-08	1.283244815970222552e+00	6.297893274075170744e+00	3.008738593553706986e-01	1.057373177437159403e-02	2.108782148361514931e-03	4.542527359257303998e-01	8.405129038540473663e-02	-2.639121791799042480e-02	-1.871420610502983178e-03
