# Pressure Mass Radius Compactness k2 k3 h2 h3 j2 j3
9.999999999999999799e-13	1.150635305733093833e-01	3.494422340809797589e+01	4.862196847644774736e-03	6.833325125295879260e-04	8.279472936475249358e-05	9.868877478521181912e-01	3.269528860933469394e-01	-7.585188176398496936e-06	-5.260151142026295564e-07
1.047370897959448749e-12	1.184992283052710843e-01	3.233922781050862483e+01	5.410733097832816536e-03	9.021818276264836770e-04	9.786541641476742656e-05	9.857085600451261920e-01	3.262431535405209693e-01	-1.065359694722949594e-05	-7.136581524980116110e-07
1.096985797892381920e-12	1.222118886821905170e-01	3.010312374966722615e+01	5.994764501199402809e-03	1.189217523162606344e-03	1.183764987961075327e-04	9.845662130475626439e-01	3.254924840966020860e-01	-1.481216360466426519e-05	-9.830321862332724740e-07
1.148951000187311009e-12	1.262174003011873880e-01	2.817065358657879059e+01	6.615955000734173759e-03	1.558705737924127909e-03	1.485427676659868918e-04	9.834857974884035903e-01	3.247004511734343790e-01	-2.036253654028430773e-05	-1.367300589319188418e-06
1.203377840777590522e-12	1.305328491004248692e-01	2.649096227117314228e+01	7.275993765163552875e-03	2.026194999658085302e-03	1.905875228422423300e-04	9.824951444528732258e-01	3.238670028566968950e-01	-2.766325735959430449e-05	-1.910178797653512600e-06
1.260382929679727463e-12	1.351764491300512239e-01	2.502385665163269124e+01	7.976585515010976152e-03	2.608273748551842835e-03	2.460279329916104096e-04	9.816247154272699227e-01	3.229924949053050720e-01	-3.713465705827572898e-05	-2.668099982556076769e-06
1.320088400831416649e-12	1.401674803314246209e-01	2.373716834218662797e+01	8.719439963000182037e-03	3.322352641056134596e-03	3.205141608487038101e-04	9.809069237122626239e-01	3.220777521435563839e-01	-4.926313847063663523e-05	-3.712489962852027305e-06
1.382622173764653478e-12	1.455262244972904129e-01	2.260485922352164678e+01	9.506260050524682412e-03	4.186287452579836796e-03	4.173338852342247198e-04	9.803755464153888211e-01	3.211240670936640895e-01	-6.460465285000961449e-05	-5.132079849043718357e-06
1.448118227674535917e-12	1.512738943471462483e-01	2.160563677716804065e+01	1.033872900081929912e-02	5.218075464754742473e-03	5.417220601332601486e-04	9.800652519130227391e-01	3.201332346126791184e-01	-8.378715878463232291e-05	-7.035175059016432703e-06
1.516716888470924089e-12	1.574325461863216868e-01	2.072192670293483374e+01	1.121849558258224827e-02	6.435448718866330041e-03	6.994381374256379612e-04	9.800108208538328425e-01	3.191075318428054364e-01	-1.075117964639738015e-04	-9.551750639033485706e-06
1.588565129428052692e-12	1.640249743270303373e-01	1.993909939948512999e+01	1.214715784975731704e-02	7.855484579299482767e-03	8.963578918452602641e-04	9.802464466707604407e-01	3.180497005604754346e-01	-1.365525930888720303e-04	-1.283528082141566146e-05
1.663816886076127415e-12	1.710745787872931245e-01	1.924488023857274399e+01	1.312624486486779936e-02	9.494196404898591971e-03	1.138145896080752697e-03	9.808050292196468511e-01	3.169629062498612870e-01	-1.717544187670111216e-04	-1.706415294967789098e-05
1.742633386009647278e-12	1.786052015733103626e-01	1.862889446001149452e+01	1.415719635464704126e-02	1.136617213035079864e-02	1.431828599170848360e-03	9.817174674335292783e-01	3.158506911607780743e-01	-2.140289728160441691e-04	-2.244253095661130867e-05
1.825183494319046040e-12	1.866409265783537941e-01	1.808231202515640135e+01	1.524134022717698288e-02	1.348412806642572577e-02	1.783698152169678128e-03	9.830118834006860151e-01	3.147168840937413226e-01	-2.643485945936167717e-04	-2.920053240996069410e-05
1.911644075385703708e-12	1.952058357150014689e-01	1.759756761907231137e+01	1.637986768335005644e-02	1.585861646866650043e-02	2.199534347551246848e-03	9.847130297813999622e-01	3.135655350947018083e-01	-3.237376505888380049e-04	-3.759355914045379022e-05
2.002200371815584363e-12	2.043237174238013432e-01	1.716813770238738357e+01	1.757380602471469641e-02	1.849769228420566555e-02	2.685532464358201653e-03	9.868417513560235887e-01	3.124008233415581093e-01	-3.932613929294076537e-04	-4.790067209869142422e-05
2.097046401323230665e-12	2.140177194154994078e-01	1.678836138629132435e+01	1.882398888146682644e-02	2.140659388098158783e-02	3.246918045699318574e-03	9.894142855513060608e-01	3.112269405440866721e-01	-4.740120514887196474e-04	-6.042184553253456859e-05
2.196385372416542332e-12	2.243099430267350425e-01	1.645329523686250894e+01	2.013102412782613940e-02	2.458754985191478545e-02	3.888303742004574175e-03	9.924419665049637462e-01	3.100480109469830881e-01	-5.670922123342516871e-04	-7.547405867994502044e-05
2.300430119772921506e-12	2.352209720034648122e-01	1.615859463032010268e+01	2.149525934492713466e-02	2.803949702667678581e-02	4.613130262167749324e-03	9.959306007652850568e-01	3.088679595555975932e-01	-6.735953553377947017e-04	-9.338611042609918983e-05
2.409403560239526876e-12	2.467693319394766438e-01	1.590041604991153257e+01	2.291674499485448629e-02	3.175800396644287010e-02	5.423939100159902091e-03	9.998803266782598786e-01	3.076904473566781650e-01	-7.945836422203907644e-04	-1.144921407827333452e-04
2.523539170434765862e-12	2.589708776894033004e-01	1.567533605217012749e+01	2.439519554141810279e-02	3.573511667662326863e-02	6.321879340682272190e-03	1.004285251155409231e+00	3.065187679542526467e-01	-9.310631252796847243e-04	-1.391238972671763057e-04
2.643081486974102692e-12	2.718381062677435733e-01	1.548028359060968917e+01	2.592994876419581554e-02	3.995925889752307419e-02	7.306725662207680209e-03	1.009133171816422925e+00	3.053557648241456146e-01	-1.083956555234546343e-03	-1.676017896036868207e-04
2.768286630392061017e-12	2.853793955420800277e-01	1.531248318380628426e+01	2.751992360792242243e-02	4.441515814761694270e-02	8.376641013437489611e-03	1.014405333123768793e+00	3.042037604680728480e-01	-1.254074176388556309e-03	-2.002249013162493501e-04
2.899422853882880921e-12	2.995980306474794741e-01	1.516940831339630869e+01	2.916356071784700563e-02	4.908388513306095186e-02	9.528217221855950561e-03	1.020076423484982842e+00	3.030645541868282611e-01	-1.442081009658654307e-03	-2.372597535986977401e-04
3.036771118035460378e-12	3.144918830159705303e-01	1.504873912355663279e+01	3.085883755821050914e-02	5.394298887269515647e-02	1.075650393437268225e-02	1.026114558349286332e+00	3.019393213608707049e-01	-1.648472397927883788e-03	-2.789302986178077690e-04
3.180625692794118977e-12	3.300568856960687247e-01	1.494831625350182058e+01	3.260368999711339005e-02	5.896813084111243025e-02	1.205524004138340717e-02	1.032483431644046323e+00	3.008283655864427697e-01	-1.873607515574753036e-03	-3.254199730414606339e-04
3.331294787934670055e-12	3.462880516816395082e-01	1.486613887546727852e+01	3.439612799675428184e-02	6.413379237503177843e-02	1.341727500681476337e-02	1.039143398233104421e+00	2.997310989982442386e-01	-2.117721249401868875e-03	-3.768707434628740705e-04
3.489101213406766494e-12	3.631793947056363714e-01	1.480036598002050319e+01	3.623422533821497177e-02	6.941365364668504456e-02	1.483461346238699671e-02	1.046052192940821746e+00	2.986461591068531041e-01	-2.380924661705587867e-03	-4.333805557075491783e-04
3.654383070957261569e-12	3.807238840696411941e-01	1.474931123193490556e+01	3.811611402404446042e-02	7.478093683161569916e-02	1.629864556906116327e-02	1.053165584424496259e+00	2.975715175095158260e-01	-2.663207620325058148e-03	-4.950018095622766038e-04
3.827494478516314936e-12	3.989134198261046760e-01	1.471143442189780259e+01	4.003998088514556380e-02	8.020864129409481513e-02	1.780029604876955454e-02	1.060437804428786546e+00	2.965045659982699089e-01	-2.964443161539816012e-03	-5.617407929315503066e-04
4.008806328898464320e-12	4.177388218644302320e-01	1.468533125438124465e+01	4.200406533578465024e-02	8.566983887170083467e-02	1.933016103664508129e-02	1.067822116838159197e+00	2.954422318116446955e-01	-3.284393219578515561e-03	-6.335579879611606680e-04
4.198707084443905621e-12	4.371898323459108004e-01	1.466972253910654445e+01	4.400665802044453206e-02	9.113787205789448953e-02	2.087870073612431085e-02	1.075271192459165803e+00	2.943810658158336757e-01	-3.622715489729978235e-03	-7.103691855243349099e-04
4.397603609302712498e-12	4.572551292636984344e-01	1.466344343485553559e+01	4.604610003961539383e-02	9.658657206703255560e-02	2.243636180458929291e-02	1.082737538289440637e+00	2.933173415667262862e-01	-3.978971122735543500e-03	-7.920472943449243441e-04
4.605922041145112927e-12	4.779223513853511629e-01	1.466543313331451870e+01	4.812078273078262275e-02	1.019904021873954125e-01	2.399368846655722601e-02	1.090173775036636261e+00	2.922471316305065847e-01	-4.352633064906421233e-03	-8.784247618993719798e-04
4.824108704165373984e-12	4.991781335843935574e-01	1.467472519976542777e+01	5.022914787990004348e-02	1.073246207820857945e-01	2.554146415783502266e-02	1.097532973240897602e+00	2.911663900020033946e-01	-4.743094814820679461e-03	-9.692964930497014603e-04
5.052631065335679604e-12	5.210081522986468316e-01	1.469043867678490578e+01	5.236968832633157045e-02	1.125653789245807668e-01	2.707076444759168310e-02	1.104768852696834669e+00	2.900710105767471680e-01	-5.149679428263532165e-03	-1.064423167232202150e-03
5.291978735958436557e-12	5.433971805146399214e-01	1.471176998396647839e+01	5.454094890818896035e-02	1.176899048956862176e-01	2.857309931149389776e-02	1.111836189943378184e+00	2.889569134150345997e-01	-5.571648619674497704e-03	-1.163534857048981403e-03
5.542664520663095602e-12	5.663291513053526627e-01	1.473798560410784653e+01	5.674152766090529570e-02	1.226765410713596266e-01	3.004043500741575626e-02	1.118690907717202032e+00	2.878200766203128369e-01	-6.008211809235744667e-03	-1.266334846629089137e-03
5.805225516094907684e-12	5.897872296346452492e-01	1.476841551590721124e+01	5.897007727314326070e-02	1.275048357883680761e-01	3.146526212302650644e-02	1.125290296902881959e+00	2.866565869445923398e-01	-6.458535031572634755e-03	-1.372503573972052356e-03
6.080224261649427052e-12	6.137538911273155984e-01	1.480244732619744497e+01	6.122530668082623584e-02	1.321556578944656501e-01	3.284065153080018007e-02	1.131593300603410679e+00	2.854626902757700924e-01	-6.921749575747897752e-03	-1.481702603055318028e-03
6.368249944718585906e-12	6.382110070786046752e-01	1.483952103441403736e+01	6.350598279628233422e-02	1.366112395632960719e-01	3.416027237488700186e-02	1.137560647765789135e+00	2.842348178107963474e-01	-7.396960305846274689e-03	-1.593578566430893951e-03
6.669919663030115058e-12	6.631399349083401118e-01	1.487912437928630283e+01	6.581093229297087233e-02	1.408552490474763719e-01	3.541842390493089854e-02	1.143155064219051331e+00	2.829696171321522957e-01	-7.883253587042556715e-03	-1.707767010883020839e-03
6.985879746785234820e-12	6.885216127562563404e-01	1.492078869522757678e+01	6.813904341664081543e-02	1.448728309603820597e-01	3.661003938477382785e-02	1.148341418729545760e+00	2.816639718413573856e-01	-8.379704774011948257e-03	-1.823896096737209586e-03
7.316807143427207274e-12	7.143366574103447997e-01	1.496408523101414723e+01	7.048926775864507166e-02	1.486506600386220678e-01	3.773069883738724983e-02	1.153086909671833471e+00	2.803150223239929684e-01	-8.885385219304577087e-03	-1.941590104595327607e-03
7.663410868007462274e-12	7.405654645594209606e-01	1.500862187352061028e+01	7.286062196746541375e-02	1.521769791142423278e-01	3.877662178382833974e-02	1.157361224071622230e+00	2.789201787962681811e-01	-9.399368785629328912e-03	-2.060472719679392727e-03
8.026433522257174683e-12	7.671883103785845925e-01	1.505404023396719460e+01	7.525218933357179230e-02	1.554416210420740130e-01	3.974465767507347203e-02	1.161136667214977436e+00	2.774771289355900672e-01	-9.920737839045444886e-03	-2.180170065155483811e-03
8.406652885618316356e-12	7.941854531632569492e-01	1.510001304064968153e+01	7.766312124280240481e-02	1.584360201829392578e-01	4.063227254632086061e-02	1.164388275536670125e+00	2.759838436378915238e-01	-1.044858871374255808e-02	-2.300313464860847742e-03
8.804883581643446547e-12	8.215372345471059212e-01	1.514624181552793480e+01	8.009263843692585039e-02	1.611532203161071264e-01	4.143752622344078207e-02	1.167093926540950788e+00	2.744385785141632561e-01	-1.098203665664942118e-02	-2.420541928972582031e-03
9.221978823334340144e-12	8.492241789223119453e-01	1.519245478870565691e+01	8.254003206115889668e-02	1.635879004858664942e-01	4.215905542039345005e-02	1.169234498169815284e+00	2.728398783457021692e-01	-1.152022024412932728e-02	-2.540504351998783706e-03
9.658832241158709141e-12	8.772270904838217476e-01	1.523840502487747806e+01	8.500466448009444398e-02	1.657363115995683089e-01	4.279603664268650381e-02	1.170793820682821007e+00	2.711865648565410236e-01	-1.206230529252023259e-02	-2.659861428063058867e-03
1.011637979766206976e-11	9.055271468457174455e-01	1.528386873457079709e+01	8.748596981798036076e-02	1.675962892279643790e-01	4.334816466329208251e-02	1.171758812682919260e+00	2.694777387570176930e-01	-1.260748826408491542e-02	-2.778287284289850719e-03
1.059560179277614774e-11	9.341059886289616587e-01	1.532864374660491258e+01	8.998345421937234412e-02	1.691672015855829048e-01	4.381561563473842374e-02	1.172119465415854878e+00	2.677127680723916381e-01	-1.315499919540935245e-02	-2.895470844641721397e-03
1.109752496412069864e-11	9.629458041717084971e-01	1.537254812029664919e+01	9.249669580393282686e-02	1.704498837409202938e-01	4.419901099065049604e-02	1.171868793646082318e+00	2.658912766063089017e-01	-1.370410415990888815e-02	-3.011116933311003881e-03
1.162322468679854125e-11	9.920294090699011136e-01	1.541541888160620744e+01	9.502534432138833032e-02	1.714467081313296726e-01	4.449940935013550064e-02	1.171003120568065992e+00	2.640131566952289011e-01	-1.425410730379062831e-02	-3.124947138340197252e-03
1.217382727739662020e-11	1.021340318910687328e+00	1.545711086664582545e+01	9.756912039628798383e-02	1.721612655612907439e-01	4.471821764759380258e-02	1.169521409525836830e+00	2.620785096679340009e-01	-1.480435242186698037e-02	-3.236700433813019702e-03
1.275051240713012859e-11	1.050862816749631889e+00	1.549749565869398360e+01	1.001278145504934242e-01	1.725985092340833749e-01	4.485720277719529997e-02	1.167425723874168098e+00	2.600876750321006181e-01	-1.535422420917237699e-02	-3.346133614666527145e-03
1.335451562929897339e-11	1.080582012159047256e+00	1.553646060757607650e+01	1.027012857277828095e-01	1.727646263445218877e-01	4.491844895159796680e-02	1.164721021347526086e+00	2.580412109951744637e-01	-1.590314905824190619e-02	-3.453021511265734304e-03
1.398713102647241439e-11	1.110483894215945400e+00	1.557390792146610714e+01	1.052894595726573956e-01	1.726668673970764845e-01	4.490430329294572281e-02	1.161414833783828815e+00	2.559398621347543368e-01	-1.645059558634874228e-02	-3.557157058071498592e-03
1.464971398307287854e-11	1.140555376102283525e+00	1.560975382238597042e+01	1.078923262618762674e-01	1.723135289986165164e-01	4.481736147245635876e-02	1.157517323664206899e+00	2.537845633699130632e-01	-1.699607479451192837e-02	-3.658351192355998108e-03
1.534368408930013065e-11	1.170784332048359522e+00	1.564392775755967868e+01	1.105099379768671314e-01	1.717138267683998853e-01	4.466042858166630047e-02	1.153041061731158390e+00	2.515764201774195463e-01	-1.753913994140008856e-02	-3.756432623039382326e-03
1.607052818261638620e-11	1.201159626419084470e+00	1.567637165972952218e+01	1.131424060118557257e-01	1.708777669736362970e-01	4.443648372562942345e-02	1.148000792183246022e+00	2.493166905675678613e-01	-1.807938615255904810e-02	-3.851247486376218731e-03
1.683180353330955093e-11	1.231671134520849309e+00	1.570703925156774972e+01	1.157898974792880842e-01	1.698160759501546047e-01	4.414865693169403582e-02	1.142413337616674962e+00	2.470067780144883096e-01	-1.861644976845142074e-02	-3.942658900287337662e-03
1.762914118095944293e-11	1.262309755244198639e+00	1.573589538934136911e+01	1.184526316253789874e-01	1.685400614162423649e-01	4.380019531135027899e-02	1.136297322291057288e+00	2.446482130564170132e-01	-1.915000746373432192e-02	-4.030546437748284971e-03
1.846424942895546448e-11	1.293067415800164044e+00	1.576291543989497157e+01	1.211308757911468553e-01	1.670615152130268399e-01	4.339443702496982580e-02	1.129672992439189727e+00	2.422426408492436567e-01	-1.967977517014441943e-02	-4.114805538174858002e-03
1.933891750455232057e-11	1.323937068040090370e+00	1.578808468960507660e+01	1.238249409491539166e-01	1.653926460582846591e-01	4.293479711130255422e-02	1.122562108058583030e+00	2.397918200019873436e-01	-2.020550679233592065e-02	-4.195346862304244473e-03
2.025501939230666486e-11	1.354912677312108515e+00	1.581139777927624657e+01	1.265351769187803010e-01	1.635458826286664835e-01	4.242471926659800718e-02	1.114987485305536374e+00	2.372975859254492781e-01	-2.072699278152471611e-02	-4.272095618099353009e-03
2.121451784910627571e-11	1.385989202958706423e+00	1.583285816588541017e+01	1.292619671371022516e-01	1.615338734996240866e-01	4.186767992186892634e-02	1.106973046415847595e+00	2.347618654844600139e-01	-2.124405852488154070e-02	-4.344990852905833596e-03
2.221946860939528424e-11	1.417162571737043075e+00	1.585247760412151585e+01	1.320057231285738097e-01	1.593693475689919870e-01	4.126715652767772718e-02	1.098543495467128928e+00	2.321866549919379685e-01	-2.175656262779700895e-02	-4.413984739338803857e-03
2.327202478960412005e-11	1.448429643618196483e+00	1.587027564875016417e+01	1.347668785838934125e-01	1.570650192580422544e-01	4.062660778813053514e-02	1.089724101775848331e+00	2.295740088584224958e-01	-2.226439505926836385e-02	-4.479041852618478869e-03
2.437444150122221807e-11	1.479788170956723770e+00	1.588627917368505749e+01	1.375458831432572193e-01	1.546335299695120458e-01	3.994946350212764952e-02	1.080540572918736952e+00	2.269260374223229515e-01	-2.276747521595435739e-02	-4.540138459460629251e-03
2.552908068239516723e-11	1.511236750179033361e+00	1.590052190975838187e+01	1.403431957576534439e-01	1.520873685386519014e-01	3.923910710923209783e-02	1.071018864400287374e+00	2.242448963589293298e-01	-2.326574985216552094e-02	-4.597261808807296367e-03
2.673841615839943880e-11	1.542774768067961544e+00	1.591304399256927127e+01	1.431592778663638987e-01	1.494387873482477258e-01	3.849886064597194540e-02	1.061184968729197653e+00	2.215327775728581916e-01	-2.375919098196477286e-02	-4.650409453003235064e-03
2.800503894183625342e-11	1.574402784290452439e+00	1.592389161407718845e+01	1.459946264626258983e-01	1.466997241063647817e-01	3.773196579719344940e-02	1.051064675780878588e+00	2.187918679443919545e-01	-2.424780042220198509e-02	-4.699589222847290644e-03
2.933166278390048099e-11	1.606123587837295474e+00	1.593311542611385256e+01	1.488498814002601478e-01	1.438815506619674500e-01	3.694152654038366373e-02	1.040682775474139454e+00	2.160242166957186127e-01	-2.473162278702919006e-02	-4.744819275486716718e-03
3.072112998861759207e-11	1.637938164373289540e+00	1.594076551163641042e+01	1.517254952893691000e-01	1.409952404700464124e-01	3.613057069893456374e-02	1.030063794830727186e+00	2.132320220854588555e-01	-2.521067882230732318e-02	-4.786120075431448892e-03
3.217641750250735458e-11	1.669844267638826762e+00	1.594688904116590500e+01	1.546216248117890102e-01	1.380513652864360230e-01	3.530206167245425464e-02	1.019232059210590569e+00	2.104177084335218106e-01	-2.568494251912378096e-02	-4.823512552073505252e-03
3.370064329271925032e-11	1.701836458369114569e+00	1.595152945648213993e+01	1.575381452728835674e-01	1.350600508751756690e-01	3.445888793766114372e-02	1.008211527660405338e+00	2.075838956490499709e-01	-2.615434197785513823e-02	-4.857019004778457757e-03
3.529707302730657668e-11	1.733906181547143710e+00	1.595472603224641794e+01	1.604746654140108142e-01	1.320309732585930040e-01	3.360386096867094829e-02	9.970257425372089921e-01	2.047333788615332273e-01	-2.661876108084285444e-02	-4.886664055316083076e-03
3.696912707195032437e-11	1.766041865488265472e+00	1.595651365520879139e+01	1.634305421860442753e-01	1.289733115091132587e-01	3.273970002527076817e-02	9.856976531254435514e-01	2.018690935451559754e-01	-2.707804159607505104e-02	-4.912475562076882782e-03
3.872038781812557004e-11	1.798229035784216556e+00	1.595692274296991364e+01	1.664048954272422665e-01	1.258957574142490488e-01	3.186902971275462626e-02	9.742496016784433222e-01	1.989940957145185652e-01	-2.753198555338041975e-02	-4.934485458173832814e-03
4.055460735840827506e-11	1.830450443982196918e+00	1.595597926910717490e+01	1.693966226489476423e-01	1.228065004688411316e-01	3.099437038776712075e-02	9.627032375684188015e-01	1.961115341319389360e-01	-2.798035787087068196e-02	-4.952730500923825663e-03
4.247571552536894126e-11	1.862686207762338064e+00	1.595370486209179717e+01	1.724044138769419698e-01	1.197132331427509105e-01	3.011813332134039359e-02	9.510794898671097730e-01	1.932246282891836864e-01	-2.842288916419814446e-02	-4.967252916687725853e-03
4.448782831127576069e-11	1.894913962163513155e+00	1.595011696293173564e+01	1.754267666023384409e-01	1.166231653560515225e-01	2.924261683170936016e-02	9.393985678376883808e-01	1.903366478162999975e-01	-2.885927872299350050e-02	-4.978100938049902571e-03
4.659525668664686662e-11	1.927109021775279984e+00	1.594522902825076827e+01	1.784620009264644702e-01	1.135430059117227414e-01	2.836999630519298002e-02	9.276798614914214536e-01	1.874508843974621308e-01	-2.928919765833661037e-02	-4.985329231934124833e-03
4.880251583654433574e-11	1.959244551559610636e+00	1.593905077211857702e+01	1.815082747157154286e-01	1.104790004965834210e-01	2.750232496476401681e-02	9.159420122520608443e-01	1.845706369877598285e-01	-2.971229213994000876e-02	-4.988999209365467709e-03
5.111433483440165318e-11	1.991291747673293644e+00	1.593158843212416720e+01	1.845635990227877665e-01	1.074369234066149537e-01	2.664152699358950105e-02	9.042028439564904208e-01	1.816991875644996812e-01	-3.012818680822315631e-02	-4.989179232908188232e-03
5.353566677410718816e-11	2.023220025148023460e+00	1.592284505964971153e+01	1.876258534625871444e-01	1.044220977965670955e-01	2.578939631284129716e-02	8.924793802995214520e-01	1.788397840297127062e-01	-3.053648824029444458e-02	-4.985944709730392478e-03
5.607169938205469661e-11	2.054997212526176398e+00	1.591282082806759135e+01	1.906928016043868690e-01	1.014394092071487785e-01	2.494759407490396153e-02	8.807878423970039172e-01	1.759956216093606918e-01	-3.093678848972334847e-02	-4.979378080059540176e-03
5.872786613189488850e-11	2.086589751770721257e+00	1.590151334562064456e+01	1.937621063710459057e-01	9.849331188788000568e-02	2.411764654554665946e-02	8.691436235852013636e-01	1.731698247671256130e-01	-3.132866868973187280e-02	-4.969568708541136949e-03
6.150985788580503926e-11	2.117962903112952766e+00	1.588891798383864895e+01	1.968313452837376354e-01	9.558786424585594133e-02	2.330094891565811024e-02	8.575613572343435687e-01	1.703654372419259044e-01	-3.171170266962997780e-02	-4.956612680933752957e-03
6.442363508721370414e-11	2.149080952313105364e+00	1.587502820290805161e+01	1.998980255412451945e-01	9.272668728333989530e-02	2.249875369079212470e-02	8.460547380561875830e-01	1.675853914127437561e-01	-3.208546057058982159e-02	-4.940612516196224262e-03
6.747544053110686101e-11	2.179907418574770883e+00	1.585983587919491455e+01	2.029595987201868457e-01	8.991313795045162427e-02	2.171220546446268190e-02	8.346370401660379024e-01	1.648325415779413605e-01	-3.244951236133312295e-02	-4.921676786561489381e-03
7.067181273927477085e-11	2.210405266432830640e+00	1.584333162992910182e+01	2.060134754807341761e-01	8.715005239712911300e-02	2.094228613306759260e-02	8.233202380574515811e-01	1.621095740202848356e-01	-3.280343147574370927e-02	-4.899919704841686728e-03
7.401959996915652408e-11	2.240537110772616192e+00	1.582550512844502144e+01	2.090570393754685452e-01	8.444002748979022310e-02	2.018987312325837974e-02	8.121158807400615798e-01	1.594190738539280339e-01	-3.314679808836722835e-02	-4.875460598374536415e-03
7.752597488629464062e-11	2.270265424307273072e+00	1.580634541625636835e+01	2.120876605748982235e-01	8.178530148090688845e-02	1.945571480156717270e-02	8.010346613895832357e-01	1.567634776990876888e-01	-3.347920248611542526e-02	-4.848423373652795479e-03
8.119844993184008328e-11	2.299552738786608597e+00	1.578584120034421545e+01	2.151027088781283514e-01	7.918780664010478809e-02	1.874044258103305452e-02	7.900865497098737977e-01	1.541450779851087360e-01	-3.380024819272635372e-02	-4.818935920348641801e-03
8.504489341802668113e-11	2.328361841692943912e+00	1.576398113993675842e+01	2.180995661528607465e-01	7.664917083502030548e-02	1.804457233330042723e-02	7.792807567541316649e-01	1.515660127347305264e-01	-3.410955493788922488e-02	-4.787129486708988427e-03
8.907354638610458163e-11	2.356655966604209951e+00	1.574075411895462295e+01	2.210756381237268531e-01	7.417074612116571208e-02	1.736851258184417615e-02	7.686257923568997619e-01	1.490282659278061861e-01	-3.440676142934358250e-02	-4.753138032298376281e-03
9.329304026284695888e-11	2.384398976094888045e+00	1.571614950381794529e+01	2.240283654487996157e-01	7.175362093275974851e-02	1.671256935713501951e-02	7.581294690709480255e-01	1.465336638100190325e-01	-3.469152790365088307e-02	-4.717097567152953898e-03
9.771241535346501225e-11	2.411555536175974179e+00	1.569015738479577848e+01	2.269552340588532058e-01	6.939863539462323705e-02	1.607695199821682422e-02	7.477989181507654903e-01	1.440838733567231522e-01	-3.496353844076203338e-02	-4.679145486098940619e-03
1.023411402105452712e-10	2.438091281360347473e+00	1.566276880021076146e+01	2.298537847280500701e-01	6.710639784022968957e-02	1.546177960720191216e-02	7.376406115612088588e-01	1.416804025673487621e-01	-3.522250302919283094e-02	-4.639419907457549737e-03
1.071891319205126445e-10	2.463972969659665502e+00	1.563397594690504278e+01	2.327216218049359131e-01	6.487729766468965098e-02	1.486708742361222621e-02	7.276603728494070999e-01	1.393246015318831132e-01	-3.546815936405176700e-02	-4.598059023937927856e-03
1.122667773510811312e-10	2.489168626166035736e+00	1.560377236412446855e+01	2.355564212093776144e-01	6.271152416445922861e-02	1.429283300762005868e-02	7.178634112386508281e-01	1.370176640197970641e-01	-3.570027437416103261e-02	-4.555200469299253672e-03
1.175849554052158201e-10	2.513647675922310309e+00	1.557215311100888577e+01	2.383559375090142651e-01	6.060908116526930040e-02	1.373890388967264828e-02	7.082543430696701670e-01	1.347606324006269951e-01	-3.591864547809835162e-02	-4.510980715257194122e-03
1.231550603292826197e-10	2.537381064432497446e+00	1.553911492046190723e+01	2.411180102118233859e-01	5.856979307999590767e-02	1.320512178666471796e-02	6.988371834015142392e-01	1.325543978236750076e-01	-3.612310156018434804e-02	-4.465534496916142952e-03
1.289890261253308184e-10	2.560341365790080648e+00	1.550465633067988236e+01	2.438405693001812757e-01	5.659333249934041243e-02	1.269125176045841387e-02	6.896154187030755223e-01	1.303997093883483838e-01	-3.631350367414015040e-02	-4.418994271719036034e-03
1.350993521198024986e-10	2.582502878963691906e+00	1.546877781494894144e+01	2.465216397731311293e-01	5.467922432683869349e-02	1.219700627286064883e-02	6.805919958161891214e-01	1.282971758533149043e-01	-3.648974547456845796e-02	-4.371489725575531185e-03
1.414991297434578731e-10	2.603841710767540008e+00	1.543148187113131442e+01	2.491593456907731652e-01	5.282685740536406660e-02	1.172205188072514975e-02	6.717693395086223873e-01	1.262472724077154385e-01	-3.665175339822060452e-02	-4.323147311361953855e-03
1.482020705798860072e-10	2.624335847115327081e+00	1.539277311930965908e+01	2.517519131449971748e-01	5.103550418175614029e-02	1.126601518648662377e-02	6.631494030520653782e-01	1.242503472095601302e-01	-3.679948658585647375e-02	-4.274089844098895828e-03
1.552225357427047968e-10	2.643965211413655592e+00	1.535265836735398004e+01	2.542976727051552976e-01	4.930432694155273410e-02	1.082848801797270388e-02	6.547336700031995971e-01	1.223066272805838073e-01	-3.693293657729863899e-02	-4.224436135708162406e-03
1.625755666443793407e-10	2.662711652319257549e+00	1.531114680150849239e+01	2.567950531779517598e-01	4.763240032102984689e-02	1.040903476438914503e-02	6.465232261217633836e-01	1.204162326735581101e-01	-3.705212642508201593e-02	-4.174300841271802801e-03
1.702769172225897821e-10	2.680557267385726750e+00	1.526825405864008900e+01	2.592423484931632438e-01	4.601886295547172323e-02	1.000723290855455062e-02	6.385194987708311398e-01	1.185793540846684924e-01	-3.715709993277920703e-02	-4.123799006359602122e-03
1.783430876931905687e-10	2.697483974028578757e+00	1.522400360160109578e+01	2.616376442770350086e-01	4.446296168105966923e-02	9.622685032799969951e-03	6.307244906566434883e-01	1.167963070861580549e-01	-3.724791996448497539e-02	-4.073047524852565701e-03
1.867913599020784805e-10	2.713475296420190919e+00	1.517842239309305086e+01	2.639790567443789926e-01	4.296388103060044816e-02	9.254978351920449889e-03	6.231399478955235161e-01	1.150673496189585504e-01	-3.732467863289400806e-02	-4.022159984207877501e-03
1.956398343517064725e-10	2.728516570923480877e+00	1.513154030470012223e+01	2.662647600939880288e-01	4.152073090907253128e-02	8.903683216376238885e-03	6.157672770779925031e-01	1.133926657588936876e-01	-3.738749721972887269e-02	-3.971245831618388719e-03
2.049074689815846066e-10	2.742595081420896808e+00	1.508338994825079382e+01	2.684930008708599769e-01	4.013255068121209662e-02	8.568355450515010435e-03	6.086075352559914275e-01	1.117723627459150521e-01	-3.743652596659088200e-02	-3.920409929002587231e-03
2.146141197858401440e-10	2.755700199266635231e+00	1.503400660901708719e+01	2.706621116897950374e-01	3.879831241278740989e-02	8.248538228989627311e-03	6.016614172354505241e-01	1.102064678067136011e-01	-3.747194396756103191e-02	-3.869752196134722787e-03
2.247805833548729991e-10	2.767823515687836355e+00	1.498342823659144507e+01	2.727705238263641307e-01	3.751692289144529374e-02	7.943763640378867508e-03	5.949292388237829021e-01	1.086949251829949087e-01	-3.749395898493430163e-02	-3.819367327605379184e-03
2.354286414322420067e-10	2.778958960859902128e+00	1.493169546959521199e+01	2.748167784814858905e-01	3.628723585032132132e-02	7.653556448160226539e-03	5.884109639150986171e-01	1.072375984333524407e-01	-3.750280711965648522e-02	-3.769344577376649956e-03
2.465811075822603842e-10	2.789102905827661072e+00	1.487885167290071742e+01	2.767995366929240086e-01	3.510804835975651211e-02	7.377434095525724038e-03	5.821061677524660416e-01	1.058342662081958180e-01	-3.749875228382151121e-02	-3.719767602767118028e-03
2.582618760682674929e-10	2.798254760222156801e+00	1.482493969475004469e+01	2.787177008620244645e-01	3.397805553897001452e-02	7.114897049215202461e-03	5.760137463394955359e-01	1.044845510376783276e-01	-3.748208403350272722e-02	-3.670711433825589714e-03
2.704959730463131364e-10	2.806417488524409531e+00	1.476999547571109694e+01	2.805705934801530632e-01	3.289574270311544646e-02	6.865405383622739249e-03	5.701313092578373931e-01	1.031877956586899764e-01	-3.745310824841917990e-02	-3.622237419750970033e-03
2.833096101839318258e-10	2.813595767703283457e+00	1.471405504548940435e+01	2.823576512666591265e-01	3.185958465619131985e-02	6.628426605969199928e-03	5.644562083024876609e-01	1.019432906642139397e-01	-3.741214151375587410e-02	-3.574400559523791161e-03
2.967302408188872501e-10	2.819795686068816476e+00	1.465715602037136023e+01	2.840783691121844257e-01	3.086807148206626925e-02	6.403441826177887555e-03	5.589856812455392676e-01	1.007503119313078316e-01	-3.735951016586427226e-02	-3.527251076087895877e-03
3.107866187782014063e-10	2.825024773735618222e+00	1.459933759681716481e+01	2.857323047928183035e-01	2.991973297866814402e-02	6.189951407592543010e-03	5.537169536688172355e-01	9.960813189826910052e-02	-3.729554967547077382e-02	-3.480834532443500672e-03
3.255088599835056406e-10	2.829292027253911268e+00	1.454064056860817544e+01	2.873190829360683374e-01	2.901310217648906190e-02	5.987466304176019757e-03	5.486470772919657124e-01	9.851600088670386945e-02	-3.722060403319365357e-02	-3.435191972503588275e-03
3.409285069746807543e-10	2.832607929364562960e+00	1.448110736404147225e+01	2.888383983685838818e-01	2.814675173464739610e-02	5.795516402015621002e-03	5.437730859494863678e-01	9.747316486326174090e-02	-3.713502518503132566e-02	-3.390360089225781526e-03
3.570785964900469852e-10	2.834984453478716748e+00	1.442078207103864429e+01	2.902900183968821768e-01	2.731927138597152124e-02	5.613644956165023993e-03	5.390918956637428261e-01	9.647885398999735129e-02	-3.703917232893088468e-02	-3.346371401462021507e-03
3.739937302478801677e-10	2.836435063383825117e+00	1.435971046875036450e+01	2.916737847015886120e-01	2.652929184166636159e-02	5.441413916327990027e-03	5.346004100161437789e-01	9.553229492717855986e-02	-3.693341131920391957e-02	-3.303254456697814374e-03
3.917101490809260641e-10	2.836974697901383013e+00	1.429794004433974663e+01	2.929896142032335504e-01	2.577546705732657387e-02	5.278399540668963184e-03	5.302954424104441289e-01	9.463270237216848957e-02	-3.681811388185077943e-02	-3.261034028471722704e-03
4.102658105827190344e-10	2.836619749450120853e+00	1.423552000359797809e+01	2.942374996245143426e-01	2.505648327661508940e-02	5.124194020571563868e-03	5.261737575366894903e-01	9.377928381507756594e-02	-3.669365693446017401e-02	-3.219731332768905729e-03
4.297004704320835313e-10	2.835388031905414330e+00	1.417250126633770613e+01	2.954175094457582862e-01	2.437106417016465451e-02	4.978406438363062320e-03	5.222320970635710990e-01	9.297124317862244525e-02	-3.656042183409306118e-02	-3.179364242064589789e-03
4.500557675700488183e-10	2.833298740232384816e+00	1.410893644945779890e+01	2.965297874337041173e-01	2.371796346772248043e-02	4.840660621530941399e-03	5.184671493347360327e-01	9.220777757944416397e-02	-3.641879363126076380e-02	-3.139947502075750903e-03
4.713753134116729086e-10	2.830372403714955798e+00	1.404487983765353931e+01	2.975745519181222654e-01	2.309597718369766142e-02	4.710597521048418349e-03	5.148756085561925211e-01	9.148808438396623111e-02	-3.626916035676256561e-02	-3.101492949619503222e-03
4.937047852839003559e-10	2.826630830794082172e+00	1.398038733644365017e+01	2.985520947055063656e-01	2.250392838766063913e-02	4.587871600759735671e-03	5.114541092777383779e-01	9.081135468253273557e-02	-3.611191228550647558e-02	-3.064009724331086780e-03
5.170920242896755486e-10	2.822097049866984619e+00	1.391551641685938101e+01	2.994627798721835044e-01	2.194068858959236437e-02	4.472154980310804641e-03	5.081993289689605842e-01	9.017678454665317700e-02	-3.594744125903619192e-02	-3.027504478663832835e-03
5.415871378079465267e-10	2.816795243649588887e+00	1.385032604184664251e+01	3.003070423794759192e-01	2.140515929434210277e-02	4.363133076997572322e-03	5.051079080874525395e-01	8.958356669157406527e-02	-3.577614002222546941e-02	-2.991981582074246769e-03
5.672426068491988835e-10	2.810750679979748146e+00	1.378487658169506247e+01	3.010853866424604286e-01	2.089628189105109668e-02	4.260506446074112386e-03	5.021765005231151324e-01	8.903089637248859378e-02	-3.559840160406112924e-02	-2.957443316899601316e-03
5.941133984965039838e-10	2.803989638748415114e+00	1.371922971845352635e+01	3.017983850015744651e-01	2.041303651407560399e-02	4.163990099479671254e-03	4.994017736183028466e-01	8.851797142003896279e-02	-3.541461872711733350e-02	-2.923890067003572565e-03
6.222570836730231313e-10	2.796539334823648915e+00	1.365344833389233159e+01	3.024466761817133920e-01	1.995444003172720804e-02	4.073312659584303781e-03	4.967804040560551693e-01	8.804399177037884605e-02	-3.522518324052400368e-02	-2.891320495923929701e-03
6.517339604882420571e-10	2.788427840722285111e+00	1.358759639059743307e+01	3.030309639148722201e-01	1.951954618494998461e-02	3.988216228379012039e-03	4.943090836175878522e-01	8.760816051407765981e-02	-3.503048564987657626e-02	-2.859731718599873955e-03
6.826071834272379248e-10	2.779683963747105580e+00	1.352173849159386698e+01	3.035520178270928460e-01	1.910744398306905151e-02	3.908455509261414204e-03	4.919845150818051849e-01	8.720968217177167692e-02	-3.483091368239370211e-02	-2.829119317720554892e-03
7.149428986597561750e-10	2.770335849791180305e+00	1.345592986552567716e+01	3.040107510362377585e-01	1.871719630892250408e-02	3.833785555690331567e-03	4.898030685129672879e-01	8.684770294986159100e-02	-3.462682194919589757e-02	-2.799472936983791668e-03
7.488103857590030225e-10	2.760410447307209747e+00	1.339021122936539498e+01	3.044082857571339118e-01	1.834780729027197035e-02	3.763954306362697708e-03	4.877605774648069437e-01	8.652126673597536344e-02	-3.441851830414287272e-02	-2.770773936914731807e-03
7.842822061337681836e-10	2.749935036057898241e+00	1.332461848486616240e+01	3.047459104431219923e-01	1.799830107040461050e-02	3.698717583970310713e-03	4.858527423196190576e-01	8.622936824138158207e-02	-3.420629588474074362e-02	-2.742999765839557440e-03
8.214343584919422200e-10	2.738937438906099420e+00	1.325918454824321380e+01	3.050250676572773267e-01	1.766770103978863860e-02	3.637833331097042183e-03	4.840750436354332997e-01	8.597094414314761235e-02	-3.399043925551979012e-02	-2.716125011439408671e-03
8.603464416684491388e-10	2.727445964403141687e+00	1.319394012973554808e+01	3.052473351450152306e-01	1.735501290375860220e-02	3.581057016652088466e-03	4.824226786112476573e-01	8.574486951560746084e-02	-3.377122623431930842e-02	-2.690122093517124252e-03
9.011018251665036851e-10	2.715489271661758242e+00	1.312891419858393149e+01	3.054144045623893300e-01	1.705935240496718464e-02	3.528171778024944468e-03	4.808911866355853881e-01	8.555003921318646287e-02	-3.354892865031736809e-02	-2.664961865122818848e-03
9.437878277775391497e-10	2.703096200550890948e+00	1.306413424841000293e+01	3.055280600478307851e-01	1.677980641220006355e-02	3.478955163185006461e-03	4.794758111957739821e-01	8.538529602904641747e-02	-3.332381235352578630e-02	-2.640614103334249906e-03
9.884959046625586031e-10	2.690295594452973393e+00	1.299962642820594461e+01	3.055901582476494016e-01	1.651550966110638605e-02	3.433197235379199450e-03	4.781718833214913533e-01	8.524948231442441848e-02	-3.309613691982780243e-02	-2.617047913333360714e-03
1.035321843295661502e-09	2.677116127696584691e+00	1.293541558540335501e+01	3.056026101633811942e-01	1.626562963971744241e-02	3.390696838555140157e-03	4.769747683929113635e-01	8.514143806341249732e-02	-3.286615519768187194e-02	-2.594232058554382832e-03
1.084365968689608688e-09	2.663586145526112947e+00	1.287152525463434571e+01	3.055673650081185966e-01	1.602937245674279990e-02	3.351262891288021937e-03	4.758799110261667797e-01	8.506001032368133707e-02	-3.263411277266982380e-02	-2.572135222134504934e-03
1.135733358343102889e-09	2.649733520572854939e+00	1.280797761115652733e+01	3.054863961593501376e-01	1.580597570046634107e-02	3.314712588835600545e-03	4.748828165148726299e-01	8.500405424865711823e-02	-3.240024748235167951e-02	-2.550726219763519570e-03
1.189534067370320724e-09	2.635585527351417490e+00	1.274479340816372996e+01	3.053616890070263157e-01	1.559471369516698958e-02	3.280872516652226425e-03	4.739790896378397456e-01	8.497244043541396508e-02	-3.216478895362145235e-02	-2.529974164638453850e-03
1.245883364295008068e-09	2.621168735634915148e+00	1.268199190690438449e+01	3.051952306562873973e-01	1.539488890155423124e-02	3.249576528731543471e-03	4.731644060990707890e-01	8.496405367643895812e-02	-3.192795822896740687e-02	-2.509848596741312034e-03
1.304901978014401580e-09	2.606508921552907587e+00	1.261959080956046897e+01	3.049890011825098779e-01	1.520585187229488676e-02	3.220670557467980762e-03	4.724346180988505117e-01	8.497780785999588249e-02	-3.168996740564960363e-02	-2.490319571793461924e-03
1.366716356462010101e-09	2.591630997491860100e+00	1.255760619519832666e+01	3.047449666221335174e-01	1.502696167711461625e-02	3.194002721444943755e-03	4.717855759451293207e-01	8.501262461992953323e-02	-3.145101952769932541e-02	-2.471357749041430858e-03
1.431458937523481393e-09	2.576558957636032599e+00	1.249605247166232758e+01	3.044650730828665774e-01	1.485762400217887844e-02	3.169432778094414659e-03	4.712133170264455329e-01	8.506745832462025980e-02	-3.121130836526867305e-02	-2.452934427695022557e-03
1.499268432786047049e-09	2.561315837592680555e+00	1.243494233458128306e+01	3.041512420563505792e-01	1.469726407431494117e-02	3.146825191036049622e-03	4.707139445749771167e-01	8.514128099185498677e-02	-3.097101837214896042e-02	-2.435021585286416441e-03
1.570290124729377524e-09	2.545923717792589080e+00	1.237428685498425551e+01	3.038053675475279047e-01	1.454533951119459795e-02	3.126052403502732353e-03	4.702836939242002745e-01	8.523309112076339622e-02	-3.073032517949331535e-02	-2.417591932093933471e-03
1.644676177994662829e-09	2.530404784338690316e+00	1.231409990124624620e+01	3.034293330424085444e-01	1.440134357571169928e-02	3.106994297719858390e-03	4.699189362202852438e-01	8.534190515036040037e-02	-3.048941283684221751e-02	-2.400620251854356391e-03
1.722585965398783835e-09	2.514781972942131461e+00	1.225440198576762363e+01	3.030249937555293260e-01	1.426481928256605712e-02	3.089541068439245926e-03	4.696162612958485472e-01	8.546677126104287869e-02	-3.024848644621627378e-02	-2.384084895932335989e-03
1.804186409392068039e-09	2.499077751194751063e+00	1.219521675337854383e+01	3.025941164014665508e-01	1.413535587585903683e-02	3.073593720902928397e-03	4.693725133219971424e-01	8.560679509603494330e-02	-3.000775552669161100e-02	-2.367967144562116519e-03
1.889652339691211477e-09	2.483313752992979850e+00	1.213656996893307927e+01	3.021383580687770354e-01	1.401259285343046598e-02	3.059065518404032943e-03	4.691848301436354340e-01	8.576115192227543038e-02	-2.976742879025508562e-02	-2.352250977580862355e-03
1.979166867853557524e-09	2.467510618826831426e+00	1.207848889290216121e+01	3.016592598088096433e-01	1.389618182240838669e-02	3.045872524249999998e-03	4.690504730162077252e-01	8.592906698213638450e-02	-2.952771195609959348e-02	-2.336922918836556711e-03
2.072921779595369695e-09	2.451687894854340577e+00	1.202100180472429614e+01	3.011582434719846102e-01	1.378585489306836942e-02	3.033951345300633581e-03	4.689671524356636145e-01	8.610985910445567715e-02	-2.928880535301327248e-02	-2.321971757526277748e-03
2.171117945694509622e-09	2.435863994087195117e+00	1.196413761736333470e+01	3.006366137599691957e-01	1.368134695560514758e-02	3.023239301975521893e-03	4.689326653587874150e-01	8.630289309110547591e-02	-2.905090298308799987e-02	-2.307388368612803102e-03
2.273965752357932151e-09	2.420056183018738150e+00	1.190792558060526041e+01	3.000955612011063645e-01	1.358243555461577726e-02	3.013684808821688859e-03	4.689450819231937295e-01	8.650760337836226055e-02	-2.881419155688188377e-02	-2.293165496223427153e-03
2.381685551976160644e-09	2.404280593346409756e+00	1.185239504978445702e+01	2.995361666458047911e-01	1.348892039545970464e-02	3.005242122331233667e-03	4.690026484881261726e-01	8.672348009143056313e-02	-2.857884998089868511e-02	-2.279297568833708876e-03
2.494508135230316413e-09	2.388552248786278476e+00	1.179757530386145881e+01	2.989594065043036930e-01	1.340062265950125661e-02	2.997871208161666332e-03	4.691037825280787166e-01	8.695006692817655591e-02	-2.834504905412338002e-02	-2.265780524160172088e-03
2.612675225563326382e-09	2.372885102456204987e+00	1.174349541496575533e+01	2.983661581419188025e-01	1.331741246288836202e-02	2.991545116535895485e-03	4.692471968396356719e-01	8.718697636227402958e-02	-2.811295125493071256e-02	-2.252611640607694345e-03
2.736439997074666368e-09	2.357292085434429030e+00	1.169018414900114777e+01	2.977572060488647421e-01	1.323914115581066760e-02	2.986232006334664252e-03	4.694315833606845789e-01	8.743384558228467496e-02	-2.788271094173074699e-02	-2.239789417426679870e-03
2.866067616948244470e-09	2.341785155901602966e+00	1.163766989348524028e+01	2.971332475726479738e-01	1.316570954948044839e-02	2.981913384007528565e-03	4.696559250777060379e-01	8.769037680226120235e-02	-2.765447431703051823e-02	-2.227313421243365139e-03
3.001835813575592210e-09	2.326375354768962733e+00	1.158598061893697917e+01	2.964948987978855421e-01	1.309703915585477829e-02	2.978576465097780308e-03	4.699193591389239089e-01	8.795631723702294902e-02	-2.742837965461798408e-02	-2.215184171341842874e-03
3.144035471591500167e-09	2.311072865956599554e+00	1.153514385802510489e+01	2.958427007591772906e-01	1.303303278034899024e-02	2.976203441239286176e-03	4.702209928428422447e-01	8.823143223552833148e-02	-2.720455775760822689e-02	-2.203403058179399712e-03
3.292971255097148186e-09	2.295887072647666560e+00	1.148518669775179291e+01	2.951771250083484177e-01	1.297364279940040922e-02	2.974790142973615745e-03	4.705602126855902845e-01	8.851554604174878549e-02	-2.698313213558098042e-02	-2.191972224056351094e-03
3.448962260405766611e-09	2.280826618921875326e+00	1.143613579420267889e+01	2.944985794875027429e-01	1.291881808239104916e-02	2.974331496432833840e-03	4.709364373315709229e-01	8.880850620654870409e-02	-2.676421952090115089e-02	-2.180894497862269701e-03
3.612342699709437910e-09	2.265899468412833961e+00	1.138801739919094835e+01	2.938074139155749109e-01	1.286853354297309154e-02	2.974829756615330299e-03	4.713492485096338891e-01	8.911020030443003725e-02	-2.654793023690069781e-02	-2.170173315327107375e-03
3.783462617131932968e-09	2.251112965612686256e+00	1.134085739488209654e+01	2.931039255089049056e-01	1.282275665216838466e-02	2.976284969797839304e-03	4.717982348027516815e-01	8.942053212046596755e-02	-2.633436877917460367e-02	-2.159812667555328827e-03
3.962688638701478467e-09	2.236473893182334471e+00	1.129468134202385698e+01	2.923883640313935661e-01	1.278148312400064976e-02	2.978705322203577081e-03	4.722831495050510142e-01	8.973944306405073901e-02	-2.612363421434650557e-02	-2.149817036326996146e-03
4.150404757850472502e-09	2.221988531560618707e+00	1.124951453513028277e+01	2.916609371551096008e-01	1.274470797495280347e-02	2.982098672366198175e-03	4.728037754190131392e-01	9.006689094904531123e-02	-2.591582078831436431e-02	-2.140191357843581211e-03
4.347013158125017173e-09	2.207662715426291555e+00	1.120538206524189206e+01	2.909218154050270955e-01	1.271244522005446180e-02	2.986478261911600790e-03	4.733600095482670689e-01	9.040286080556948767e-02	-2.571101842032441284e-02	-2.130940979563828927e-03
4.552935074866938773e-09	2.193501890974876467e+00	1.116230888945129607e+01	2.901711372199098360e-01	1.268471028467834001e-02	2.991857747844433625e-03	4.739517797452458825e-01	9.074735171803388623e-02	-2.550931332185488176e-02	-2.122071635835431729e-03
4.768611697714474181e-09	2.179511170193227709e+00	1.112031990511346535e+01	2.894090136776381050e-01	1.266153079931989223e-02	2.998254237212553963e-03	4.745790890235686010e-01	9.110038162494915603e-02	-2.531078850787224846e-02	-2.113589416846043279e-03
4.994505115855140358e-09	2.165695385909809367e+00	1.107944003261820320e+01	2.886355332749729330e-01	1.264293125235260717e-02	3.005683645971365687e-03	4.752419429748084290e-01	9.146197510145749610e-02	-2.511552440539984929e-02	-2.105500752907890280e-03
5.231099308056257792e-09	2.152059144944383995e+00	1.103969429182760642e+01	2.878507667918275836e-01	1.262896653541080091e-02	3.014170856831444381e-03	4.759404940857444033e-01	9.183218351938979285e-02	-2.492359947740348941e-02	-2.097812403458046600e-03
5.478901179593956120e-09	2.138897066973720396e+00	1.100193388898233415e+01	2.870721679232375312e-01	1.261983459509328880e-02	3.023518502667961721e-03	4.766585440471911572e-01	9.220274095844960272e-02	-2.473914884718638255e-02	-2.090685431817767420e-03
5.738441648302404521e-09	2.126727107669500683e+00	1.096759838732107539e+01	2.863323797107483193e-01	1.261551697682728769e-02	3.033270163824928686e-03	4.773636821183462886e-01	9.255784240774345140e-02	-2.456937222453281153e-02	-2.084377587031751005e-03
6.010276782070388176e-09	2.114722039665414499e+00	1.093432721331618751e+01	2.855824140576146974e-01	1.261548803931951922e-02	3.044037273474618256e-03	4.781011562957966921e-01	9.292083980633836227e-02	-2.440269644381890674e-02	-2.078447131640510318e-03
6.294988990221888141e-09	2.102880165134159540e+00	1.090212975478313773e+01	2.848219222125388250e-01	1.261982115914810597e-02	3.055852172259213365e-03	4.788716042119273153e-01	9.329198432622864967e-02	-2.423911518333260809e-02	-2.072899142433114791e-03
6.593188271333541710e-09	2.091200574010965596e+00	1.087101147816887625e+01	2.840507695359836826e-01	1.262855332355660928e-02	3.068736724779091637e-03	4.796752939691171225e-01	9.367140854749939072e-02	-2.407862350318692654e-02	-2.067735779288791716e-03
6.905513520162316861e-09	2.079683010654628017e+00	1.084097616424437582e+01	2.832689609113388518e-01	1.264169877035787454e-02	3.082705856326407173e-03	4.805122553000777397e-01	9.405916695824755036e-02	-2.392122021649623065e-02	-2.062957673227009108e-03
7.232633896483518810e-09	2.068327766380771315e+00	1.081202675504008859e+01	2.824766053795825793e-01	1.265926020613242740e-02	3.097770639202758122e-03	4.813823619361828343e-01	9.445525794812598130e-02	-2.376690823188955248e-02	-2.058564514949144664e-03
7.575250258771920716e-09	2.057135597002715421e+00	1.078416574851946130e+01	2.816738956055876431e-01	1.268124820534326583e-02	3.113944153508878352e-03	4.822854343879952599e-01	9.485964491719858782e-02	-2.361569458858441342e-02	-2.054555385104015093e-03
7.934096665797492339e-09	2.046107650112737542e+00	1.075739542007880445e+01	2.808610929044115245e-01	1.270763293998570555e-02	3.131226986698489381e-03	4.832210454427651736e-01	9.527223215228287911e-02	-2.346759000441449305e-02	-2.050928945843756655e-03
8.309941949353386453e-09	2.035245409239889725e+00	1.073171793035434796e+01	2.800385173087709401e-01	1.273841488914881533e-02	3.149628130793535961e-03	4.841888343371025805e-01	9.569291288198819578e-02	-2.332260862711898683e-02	-2.047683577060780899e-03
8.703591361485183753e-09	2.024550645006914174e+00	1.070713538398330478e+01	2.792065396849397474e-01	1.277357635556012477e-02	3.169150747256266332e-03	4.851883046219921392e-01	9.612154259577268545e-02	-2.318076764991893607e-02	-2.044817462449844032e-03
9.115888299750837812e-09	2.014025374409320612e+00	1.068364984777914906e+01	2.783655758594422158e-01	1.281310372709136211e-02	3.189798662983441783e-03	4.862189251259248501e-01	9.655795498844385594e-02	-2.304208699999378204e-02	-2.042328651954246170e-03
9.547716114208065503e-09	2.003671825463815281e+00	1.066126336029264543e+01	2.775160815677532034e-01	1.285696667614853739e-02	3.211570238906418049e-03	4.872800458113669131e-01	9.700195133079260457e-02	-2.290658898260945417e-02	-2.040215105657498980e-03
1.000000000000000021e-08	1.993492406658697869e+00	1.063997791166016249e+01	2.766585487142993460e-01	1.290515918881663705e-02	3.234470521946338720e-03	4.883710754484733574e-01	9.745332688464097837e-02	-2.277429798828079638e-02	-2.038474720870854951e-03
