# Pressure Mass Radius Compactness k2 k3 h2 h3 j2 j3
9.999999999999999799e-13	9.804744001153317678e-02	6.479148493015074450e+01	2.234542197692797848e-03	1.894335487402375217e-04	1.035968763594197596e-03	9.936937143490178759e-01	3.303998303190393560e-01	-9.555049940257516116e-07	-1.294047246321838519e-07
1.047370897959448749e-12	9.888435324801400639e-02	6.015701152786724037e+01	2.427233509084263888e-03	1.991111059659939531e-04	3.028904775260558835e-05	9.931406132326554559e-01	3.301444391968001435e-01	-1.121691128113210609e-06	-1.413959164439582811e-07
1.096985797892381920e-12	9.972094586166083130e-02	5.620502919421569743e+01	2.619880283265804688e-03	2.115955805816920662e-04	1.628457035281057031e-04	9.925924870086835217e-01	3.298894940965186873e-01	-1.317138324284302118e-06	-1.546196263891029385e-07
1.148951000187311009e-12	1.005539243157468482e-01	5.279495068183636164e+01	2.812398586410680239e-03	2.269835898549065281e-04	4.323734237261807589e-05	9.920508624553791011e-01	3.296350778386731850e-01	-1.545279897551625417e-06	-1.692249294169921648e-07
1.203377840777590522e-12	1.013807310765018899e-01	4.982196608323773290e+01	3.004725425748581112e-03	2.453633518553808928e-04	5.911464109130113619e-05	9.915168291524176780e-01	3.293812493026700983e-01	-1.809552584388103459e-06	-1.853899885900321170e-07
1.260382929679727463e-12	1.021993587231964096e-01	4.720641445266117131e+01	3.196814163920225996e-03	2.668488600077992723e-04	5.236545787689436302e-05	9.909873309506629369e-01	3.291280601708532205e-01	-2.113335367069198594e-06	-2.033059610428774943e-07
1.320088400831416649e-12	1.030082197565462127e-01	4.488671366403410445e+01	3.388631209708471530e-03	2.915363870316630746e-04	5.291738204954240821e-05	9.904658713523631919e-01	3.288755470948512838e-01	-2.459937399281027087e-06	-2.232005104882319454e-07
1.382622173764653478e-12	1.038060521671379244e-01	4.281453875121124497e+01	3.580153439143095567e-03	3.195187495338410529e-04	4.242043869806525798e-05	9.899546993733845390e-01	3.286237391700832511e-01	-2.852544344831814869e-06	-2.453072352987992826e-07
1.448118227674535917e-12	1.045918500995813155e-01	4.095145903065056103e+01	3.771366166956973374e-03	3.508827225229245797e-04	5.044190202763632806e-05	9.894501359206636648e-01	3.283726618103790518e-01	-3.294209429995306437e-06	-2.698888957584157302e-07
1.516716888470924089e-12	1.053648116593504935e-01	3.926654451337815743e+01	3.962261599906505456e-03	3.856859871305508346e-04	5.459274236754155983e-05	9.889531025873270487e-01	3.281223277854610765e-01	-3.787828206378608489e-06	-2.972178250983790739e-07
1.588565129428052692e-12	1.061242993875964047e-01	3.773463209994367418e+01	4.152837628963364398e-03	4.239715862664481319e-04	5.945053821180628734e-05	9.884652236178362861e-01	3.278727460676055805e-01	-4.336128127910763646e-06	-3.275828848278599912e-07
1.663816886076127415e-12	1.068698097711166806e-01	3.633504964607259780e+01	4.343096843205647081e-03	4.657654001626725126e-04	6.798246392405694015e-05	9.879858964045885594e-01	3.276239210050766459e-01	-4.941658858084723723e-06	-3.612816406371844354e-07
1.742633386009647278e-12	1.076009483230823682e-01	3.505066363223492942e+01	4.533045610544377511e-03	5.110864205618927169e-04	6.673809800248782227e-05	9.875143381107803764e-01	3.273758553996492515e-01	-5.606775329186586978e-06	-3.986218940546511946e-07
1.825183494319046040e-12	1.083174121850139088e-01	3.386715666851742412e+01	4.722693640460565688e-03	5.599245874485381117e-04	7.289170424693113394e-05	9.870512545026932649e-01	3.271285459655234873e-01	-6.333652721385316919e-06	-4.399161750936455600e-07
1.911644075385703708e-12	1.090189735849894509e-01	3.277247607124633788e+01	4.912053279533749005e-03	6.122402347481049672e-04	7.372748696928712697e-05	9.865964705937311230e-01	3.268819783346169072e-01	-7.124274794222358392e-06	-4.854834241352607423e-07
2.002200371815584363e-12	1.097054677416085255e-01	3.175640553957356715e+01	5.101139133599619409e-03	6.680085211097617787e-04	7.528099361962095940e-05	9.861502330520975912e-01	3.266361488285287051e-01	-7.980426787384429865e-06	-5.356419487034946609e-07
2.097046401323230665e-12	1.103767836749849213e-01	3.081023046107183916e+01	5.289967732557243618e-03	7.271731880780916328e-04	7.930066528022759840e-05	9.857115609834207204e-01	3.263910430847463129e-01	-8.903721340253992035e-06	-5.907129756399267930e-07
2.196385372416542332e-12	1.110328551331407204e-01	2.992647323426918149e+01	5.478557237448273068e-03	7.896642603226321916e-04	8.576512594369028065e-05	9.852807912921941469e-01	3.261466443428733264e-01	-9.895577256285103076e-06	-6.510137511371790029e-07
2.300430119772921506e-12	1.116736542746870897e-01	2.909868331007836773e+01	5.666927085444035950e-03	8.554063418305918971e-04	9.155994436806625899e-05	9.848576822746325510e-01	3.259029353147946395e-01	-1.095724732318279958e-05	-7.168617695650942055e-07
2.409403560239526876e-12	1.122991857254073272e-01	2.832126699206007459e+01	5.855097939790644690e-03	9.243200967998051101e-04	9.576815039287673616e-05	9.844420159458286967e-01	3.256599000302283220e-01	-1.208980573583297051e-05	-7.885658705921536661e-07
2.523539170434765862e-12	1.129094818969195585e-01	2.758935134207207440e+01	6.043091356952658838e-03	9.962838723739421160e-04	1.012905824929436643e-04	9.840332929842769971e-01	3.254175077199438215e-01	-1.329416691986982627e-05	-8.664313830676203319e-07
2.643081486974102692e-12	1.135045990292189722e-01	2.689867218495468038e+01	6.230929703845266426e-03	1.071212813813425058e-03	1.067410283035989123e-04	9.836313949363916231e-01	3.251757419096216739e-01	-1.457108861779974715e-05	-9.507559885713605455e-07
2.768286630392061017e-12	1.140846142387150070e-01	2.624548196865223915e+01	6.418636194480183826e-03	1.148977924563838494e-03	1.133026424127772240e-04	9.832361310991890591e-01	3.249345713083144349e-01	-1.592118177483001296e-05	-1.041829051672456444e-06
2.899422853882880921e-12	1.146496216402778795e-01	2.562647558138797521e+01	6.606234402266012058e-03	1.229478069036489410e-03	1.199273025140565080e-04	9.828471649223425866e-01	3.246939756050587489e-01	-1.734491781563268415e-05	-1.139932256394692573e-06
3.036771118035460378e-12	1.151997305990284520e-01	2.503872624163718896e+01	6.793748516916043451e-03	1.312577942354806702e-03	1.283705125833817110e-04	9.824640086997719068e-01	3.244539217873170789e-01	-1.884262932457427466e-05	-1.245334492643605634e-06
3.180625692794118977e-12	1.157350633855170619e-01	2.447963379910650872e+01	6.981203088280992820e-03	1.398159076404225992e-03	1.352814742541737279e-04	9.820864795342307829e-01	3.242143833967788269e-01	-2.041453060326278531e-05	-1.358296256718819851e-06
3.331294787934670055e-12	1.162557536756127913e-01	2.394688043913476605e+01	7.168623063292751084e-03	1.486082842167437247e-03	1.433337020533536211e-04	9.817142659541737704e-01	3.239753259130861984e-01	-2.206072043475102576e-05	-1.479068257040499503e-06
3.489101213406766494e-12	1.167619441311397860e-01	2.343839386421093707e+01	7.356033605427038033e-03	1.576225603505872555e-03	1.523470868020340360e-04	9.813470068900396193e-01	3.237367209116224220e-01	-2.378118332440605861e-05	-1.607887105601489545e-06
3.654383070957261569e-12	1.172537859486185302e-01	2.295231560994828257e+01	7.543460181475633228e-03	1.668451982881078008e-03	1.607908994250650629e-04	9.809843320869624517e-01	3.234985353325980917e-01	-2.557580428066915206e-05	-1.744978536815433836e-06
3.827494478516314936e-12	1.177314371131787524e-01	2.248697460555132110e+01	7.730928397703991026e-03	1.762614058286026417e-03	1.701916367205852842e-04	9.806258462937288423e-01	3.232607282674797577e-01	-2.744437781938464135e-05	-1.890557187854107336e-06
4.008806328898464320e-12	1.181950611919725808e-01	2.204086425254734394e+01	7.918463971763345724e-03	1.858589058563671391e-03	1.805143536011273012e-04	9.802712881644459753e-01	3.230232709946845859e-01	-2.938660747584915741e-05	-2.044825189755020280e-06
4.198707084443905621e-12	1.186448270665589055e-01	2.161262247713737139e+01	8.106092874098372314e-03	1.956252815904790249e-03	1.908990744525732735e-04	9.799203591730962781e-01	3.227861315735338632e-01	-3.140211732808688417e-05	-2.207971074246447805e-06
4.397603609302712498e-12	1.190809075063317263e-01	2.120101539507682276e+01	8.293841077040607981e-03	2.055450506173097259e-03	2.012352365797009457e-04	9.795726425977929752e-01	3.225492648652952821e-01	-3.349045959445622842e-05	-2.380172799872348856e-06
4.605922041145112927e-12	1.195034786679229771e-01	2.080492240916984770e+01	8.481734661423911623e-03	2.156065725433402563e-03	2.119576919894569774e-04	9.792277506472742976e-01	3.223126397937249865e-01	-3.565111776216392688e-05	-2.561594791046474599e-06
4.824108704165373984e-12	1.199127190888069766e-01	2.042332391464138297e+01	8.669799633387306748e-03	2.257964088771533852e-03	2.236787544228099986e-04	9.788854527444350584e-01	3.220762181808917712e-01	-3.788351110474498279e-05	-2.752388852008101774e-06
5.052631065335679604e-12	1.203088100731785764e-01	2.005528968920273414e+01	8.858062227715936265e-03	2.361010648557982684e-03	2.356662767884777881e-04	9.785453255048285337e-01	3.218399585674834307e-01	-4.018700915158492603e-05	-2.952696292337746565e-06
5.291978735958436557e-12	1.206919339788364715e-01	1.969997001144085047e+01	9.046548513477182391e-03	2.465084819954696787e-03	2.476581485870545454e-04	9.782071077864840092e-01	3.216038252691966193e-01	-4.256092513060496840e-05	-3.162644818408492819e-06
5.542664520663095602e-12	1.210622750624135574e-01	1.935658658438903501e+01	9.235284773400836283e-03	2.570063942902794940e-03	2.604677208973904057e-04	9.778704330487462126e-01	3.213677792762952290e-01	-4.500453164945674296e-05	-3.382351617613413788e-06
5.805225516094907684e-12	1.214200174098654661e-01	1.902442596412264919e+01	9.424297006475517921e-03	2.675826007719006062e-03	2.736712035180451520e-04	9.775349895467503325e-01	3.211317810743747336e-01	-4.751705304147755432e-05	-3.611919954237415558e-06
6.080224261649427052e-12	1.217653461750120153e-01	1.870283239164521660e+01	9.613611350810968154e-03	2.782250416156087022e-03	2.867942668724958824e-04	9.772004720188567362e-01	3.208957904888042334e-01	-5.009768570369040736e-05	-3.851444717857786442e-06
6.368249944718585906e-12	1.220984466268939250e-01	1.839120229047872712e+01	9.803253936323075984e-03	2.889214591034159740e-03	3.005202742582873342e-04	9.768665672277091483e-01	3.206597643363367500e-01	-5.274559022795027239e-05	-4.101008188934328002e-06
6.669919663030115058e-12	1.224195035134118675e-01	1.808897938927479032e+01	9.993250752433175191e-03	2.996620293325749293e-03	3.148412745075247331e-04	9.765329519724967877e-01	3.204236677705022962e-01	-5.545989624899718291e-05	-4.360680960157145778e-06
6.985879746785234820e-12	1.227287012573609754e-01	1.779565002904214666e+01	1.018362778176178617e-02	3.104355401500730714e-03	3.290735070291229904e-04	9.761993840138942780e-01	3.201874596618000668e-01	-5.823970939970757896e-05	-4.630523077724286577e-06
7.316807143427207274e-12	1.230262238231030897e-01	1.751073921269172828e+01	1.037441098862933869e-02	3.212315582578775894e-03	3.439259679595544402e-04	9.758655556753955684e-01	3.199511000191857524e-01	-6.108411803518664588e-05	-4.910586094042940123e-06
7.663410868007462274e-12	1.233122538081830866e-01	1.723380718100595388e+01	1.056562618108772104e-02	3.320386343700962046e-03	3.589260232010456028e-04	9.755311437271194652e-01	3.197145426815104496e-01	-6.399218479206090528e-05	-5.200908819923561057e-06
8.026433522257174683e-12	1.235869731475564837e-01	1.696444610308858714e+01	1.075729915989420346e-02	3.428477369247351532e-03	3.741633549953411763e-04	9.751959174745297165e-01	3.194777515790304667e-01	-6.696296544899757604e-05	-5.501523339976749089e-06
8.406652885618316356e-12	1.238505627953315619e-01	1.670227711165047779e+01	1.094945579397017983e-02	3.536505584819492863e-03	3.896897268427800031e-04	9.748596212437986575e-01	3.192406895991931615e-01	-6.999549663536738938e-05	-5.812448707008658588e-06
8.804883581643446547e-12	1.241032015577068909e-01	1.644694829078621012e+01	1.114212158880098502e-02	3.644357046057927849e-03	4.055210443434486135e-04	9.745219621474557892e-01	3.190033081456417619e-01	-7.308881053070014945e-05	-6.133699576753315081e-06
9.221978823334340144e-12	1.243450671830821919e-01	1.619813180612802128e+01	1.133532216320902626e-02	3.751962248330025125e-03	4.216337290350228141e-04	9.741827141201208073e-01	3.187655744408232072e-01	-7.624192381598169743e-05	-6.465276802638013255e-06
9.658832241158709141e-12	1.245763356390240245e-01	1.595552217823783714e+01	1.152908298503936384e-02	3.859226153530618663e-03	4.379536015183988244e-04	9.738416033258566751e-01	3.185274434882493511e-01	-7.945385253797913633e-05	-6.807175305879794819e-06
1.011637979766206976e-11	1.247971813818391923e-01	1.571883427785610898e+01	1.172342950906275598e-02	3.966065839046382241e-03	4.546478135369756593e-04	9.734984102603850831e-01	3.182888746005581582e-01	-8.272361005376568325e-05	-7.159382100371480153e-06
1.059560179277614774e-11	1.250077762614857368e-01	1.548780186345393695e+01	1.191838692963558335e-02	4.072403860209556845e-03	4.713256574711064523e-04	9.731529062707633404e-01	3.180498277027912213e-01	-8.605019866701014769e-05	-7.521873696290754450e-06
1.109752496412069864e-11	1.252082922388763342e-01	1.526217563348590289e+01	1.211398077545081282e-02	4.178181652052849644e-03	4.884545589087782363e-04	9.728048844284036267e-01	3.178102684908086228e-01	-8.943263877320534432e-05	-7.894622424850102389e-06
1.162322468679854125e-11	1.253988962085500203e-01	1.504172262588796372e+01	1.231023582999320187e-02	4.283310389003455558e-03	5.055839629344605632e-04	9.724540988477529124e-01	3.175701513825657796e-01	-9.286992781783798875e-05	-8.277589826491032939e-06
1.217382727739662020e-11	1.255797554645686764e-01	1.482622409847663114e+01	1.250717734282072793e-02	4.387721658597377832e-03	5.229158049552917568e-04	9.721003437020574456e-01	3.173294355456428573e-01	-9.636108606293356177e-05	-8.670733621381034105e-06
1.275051240713012859e-11	1.257510339334708127e-01	1.461547505972984951e+01	1.270483015056656645e-02	4.491357889870632551e-03	5.403975178893874855e-04	9.717434285114060488e-01	3.170880846888591842e-01	-9.990512418959609305e-05	-9.074001750309891728e-06
1.335451562929897339e-11	1.259128937678659910e-01	1.440928290083006758e+01	1.290321911029324725e-02	4.594149220449157689e-03	5.580258615278711493e-04	9.713831392639057372e-01	3.168460568124474852e-01	-1.035010616737710542e-04	-9.487336048217636747e-06
1.398713102647241439e-11	1.260654947941653170e-01	1.420746658319563949e+01	1.310236894814300126e-02	4.696045097676480873e-03	5.758310101098696029e-04	9.710193083310475481e-01	3.166033158869204778e-01	-1.071479247369952665e-04	-9.910672927911845772e-06
1.464971398307287854e-11	1.262089941132127635e-01	1.400985585859811167e+01	1.330230414668164864e-02	4.796989510988544647e-03	5.937681699834885998e-04	9.706517455043283116e-01	3.163598230181785542e-01	-1.108447407812688439e-04	-1.034394208780590788e-05
1.534368408930013065e-11	1.263435486023306020e-01	1.381628998480220005e+01	1.350304969121337087e-02	4.896918544151938890e-03	6.117744242429340104e-04	9.702802585938203883e-01	3.161155355602864314e-01	-1.145905632893193894e-04	-1.078706878921199434e-05
1.607052818261638620e-11	1.264693097877067351e-01	1.362661801225005220e+01	1.370462958330479798e-02	4.995789777781137718e-03	6.298168462121475023e-04	9.699046850173734802e-01	3.158704183971713375e-01	-1.183844273015318961e-04	-1.123997021699186406e-05
1.683180353330955093e-11	1.265864284113902560e-01	1.344069722479135010e+01	1.390706817509358185e-02	5.093557573081690035e-03	6.480328969181024974e-04	9.695248648465047969e-01	3.156244342445643780e-01	-1.222253888453444896e-04	-1.170255890044494468e-05
1.762914118095944293e-11	1.266950530366327821e-01	1.325839283415256808e+01	1.411038975915521014e-02	5.190168963628536553e-03	6.662590282534117548e-04	9.691406328202730736e-01	3.153775427205060544e-01	-1.261125158774688911e-04	-1.217474275034812117e-05
1.846424942895546448e-11	1.267953291388825843e-01	1.307957757067768512e+01	1.431461831728136035e-02	5.285591597235402700e-03	6.845064515615094120e-04	9.687518404999783117e-01	3.151297100451319610e-01	-1.300448790069241097e-04	-1.265642367477023816e-05
1.933891750455232057e-11	1.268874003111900572e-01	1.290413097882443871e+01	1.451977785900126182e-02	5.379778841395524425e-03	7.028852834255170951e-04	9.683583376607440840e-01	3.148808969596252338e-01	-1.340215646073310860e-04	-1.314749968422238938e-05
2.025501939230666486e-11	1.269714076089185351e-01	1.273193904476929994e+01	1.472589225395175283e-02	5.472689558669377452e-03	7.212427203182643224e-04	9.679599656155565279e-01	3.146310649516941282e-01	-1.380416666400243397e-04	-1.364786323301056181e-05
2.121451784910627571e-11	1.270474893520921467e-01	1.256289381748758238e+01	1.493298514588237494e-02	5.564294625989104313e-03	7.395741911032326348e-04	9.675566069291924309e-01	3.143801804267941091e-01	-1.421042871016140418e-04	-1.415740243269532734e-05
2.221946860939528424e-11	1.271157819330076544e-01	1.239689287454949529e+01	1.514108020467576886e-02	5.654560175294996716e-03	7.579355621088247098e-04	9.671481193491225925e-01	3.141282073209883952e-01	-1.462085448184265591e-04	-1.467600171345608440e-05
2.327202478960412005e-11	1.271764187247339806e-01	1.223383910954851750e+01	1.535020081816034811e-02	5.743453242521965978e-03	7.763459751018627611e-04	9.667343789593392245e-01	3.138751079776289088e-01	-1.503535596765327817e-04	-1.520353962200276911e-05
2.437444150122221807e-11	1.272295311233864190e-01	1.207364028595049454e+01	1.556037034051534033e-02	5.830942750285702039e-03	7.946662621286860236e-04	9.663152487727265649e-01	3.136208486224830727e-01	-1.545384717919578131e-04	-1.573989269698457038e-05
2.552908068239516723e-11	1.272752484955550212e-01	1.191620867690408225e+01	1.577161215624738044e-02	5.917013405932273519e-03	8.130123087832356356e-04	9.658906401183999790e-01	3.133653970957197554e-01	-1.587624317309709694e-04	-1.628493198686003693e-05
2.673841615839943880e-11	1.273136966586497221e-01	1.176146103906870977e+01	1.598394914728359581e-02	6.001621427891038092e-03	8.312744897674069792e-04	9.654603964808946559e-01	3.131087113879257311e-01	-1.630245925905268094e-04	-1.683852556141629349e-05
2.800503894183625342e-11	1.273449998904290781e-01	1.160931803776075100e+01	1.619740433255026368e-02	6.084760449761385942e-03	8.494885281326916820e-04	9.650244421408507023e-01	3.128507646883443849e-01	-1.673241260766063481e-04	-1.740053781502617940e-05
2.933166278390048099e-11	1.273692798080433841e-01	1.145970416672464331e+01	1.641200050902999821e-02	6.166398340424802949e-03	8.676205600759216664e-04	9.645826503640620997e-01	3.125915192995977754e-01	-1.716602120061398501e-04	-1.797082924929122567e-05
3.072112998861759207e-11	1.273866558885902167e-01	1.131254744581450744e+01	1.662776041157889781e-02	6.246523406040279010e-03	8.856765144191037315e-04	9.641349345504479640e-01	3.123309437545075951e-01	-1.760320433936639448e-04	-1.854925728596305398e-05
3.217641750250735458e-11	1.273972449268024609e-01	1.116777928083495830e+01	1.684470653316477717e-02	6.325110933095557525e-03	9.037013834952812392e-04	9.636811837783100243e-01	3.120690040999666848e-01	-1.804388212112689857e-04	-1.913567597198542351e-05
3.370064329271925032e-11	1.274011613359319062e-01	1.102533421663422075e+01	1.706286122345993667e-02	6.402156701625154669e-03	9.215889351893126946e-04	9.632213280501374930e-01	3.118056703469235247e-01	-1.848797539920898631e-04	-1.972993505402097770e-05
3.529707302730657668e-11	1.273985176986921763e-01	1.088514972265329739e+01	1.728224680531428512e-02	6.477621702923009976e-03	9.393786676455322202e-04	9.627552239237854304e-01	3.115409039268709490e-01	-1.893540731874240066e-04	-2.033188458594268540e-05
3.696912707195032437e-11	1.273894236832832649e-01	1.074716609149573898e+01	1.750288531573734180e-02	6.551522243819765320e-03	9.570427740967878258e-04	9.622828506438263485e-01	3.112746817149960044e-01	-1.938610042791986921e-04	-2.094136698035242247e-05
3.872038781812557004e-11	1.273739872094555303e-01	1.061132621183039682e+01	1.772479876029312007e-02	6.623827999744862083e-03	9.746052469500831282e-04	9.618040829869124453e-01	3.110069673494127440e-01	-1.983997980496579421e-04	-2.155822618492932285e-05
4.055460735840827506e-11	1.273523133248356531e-01	1.047757548196050337e+01	1.794800885062414197e-02	6.694530146226486400e-03	9.920232608609453381e-04	9.613188458837254036e-01	3.107377294504882759e-01	-2.029697019581270970e-04	-2.218230002861785452e-05
4.247571552536894126e-11	1.273245053061952126e-01	1.034586161098446766e+01	1.817253724585504368e-02	6.763624883636330104e-03	1.009284719985728421e-03	9.608270723811792591e-01	3.104669405038490981e-01	-2.075699828033406404e-04	-2.281342616982222709e-05
4.448782831127576069e-11	1.272906640945765944e-01	1.021613451157131180e+01	1.839840543133012402e-02	6.831105641308255275e-03	1.026410848213526496e-03	9.603286968444297855e-01	3.101945703343653160e-01	-2.121999133074645063e-04	-2.345143802458282846e-05
4.659525668664686662e-11	1.272508883454910034e-01	1.008834618925838100e+01	1.862563469689673679e-02	6.896959770893158585e-03	1.043360310135800625e-03	9.598236284177815714e-01	3.099205878646559831e-01	-2.168587759297082110e-04	-2.409616728495368891e-05
4.880251583654433574e-11	1.272052746109352539e-01	9.962450607423820159e+00	1.885424619253791428e-02	6.961178358055849884e-03	1.060157849206099911e-03	9.593117998297301385e-01	3.096449640038465012e-01	-2.215458618871984865e-04	-2.474744274407837728e-05
5.111433483440165318e-11	1.271539170474280944e-01	9.838403612301259926e+00	1.908426081780582526e-02	7.023766448026690264e-03	1.076766822720389913e-03	9.587931609550186529e-01	3.093676717345363869e-01	-2.262604690839206787e-04	-2.540509124759268779e-05
5.353566677410718816e-11	1.270969078577947886e-01	9.716162791239073115e+00	1.931569935603391977e-02	7.084720692219196106e-03	1.093196996613417064e-03	9.582676539562976492e-01	3.090886838297703942e-01	-2.310019043964605192e-04	-2.606893666487816182e-05
5.607169938205469661e-11	1.270343383262456660e-01	9.595687302819701614e+00	1.954858278639096114e-02	7.144031109334755998e-03	1.109425696863869815e-03	9.577352013733967384e-01	3.088079698338827561e-01	-2.357695074676214577e-04	-2.673880541320787518e-05
5.872786613189488850e-11	1.269662949030334886e-01	9.476938109631278806e+00	1.978293103096006797e-02	7.201703262923622381e-03	1.125467130894654711e-03	9.571957637964179089e-01	3.085255051340416999e-01	-2.405625715376830305e-04	-2.741451164429370036e-05
6.150985788580503926e-11	1.268928643657554201e-01	9.359877479710686288e+00	2.001876456631643611e-02	7.257726487368876961e-03	1.141292235215056764e-03	9.566492668010341260e-01	3.082412592071213653e-01	-2.453804469595967331e-04	-2.809587755087880080e-05
6.442363508721370414e-11	1.268141306931797885e-01	9.244469154294415958e+00	2.025610344914242217e-02	7.312107525337994442e-03	1.156898622177450790e-03	9.560956682296478659e-01	3.079552087255236215e-01	-2.502224736727600091e-04	-2.878271922356695018e-05
6.747544053110686101e-11	1.267301756230267695e-01	9.130678234035841001e+00	2.049496746732465749e-02	7.364853284508916624e-03	1.172286333406060170e-03	9.555349348748712890e-01	3.076673297303270660e-01	-2.550879918921917329e-04	-2.947484932938065232e-05
7.067181273927477085e-11	1.266410795002825551e-01	9.018471063281291222e+00	2.073537637159274943e-02	7.415961611965126571e-03	1.187468649609324566e-03	9.549670117145582227e-01	3.073775956276254551e-01	-2.599763644040085746e-04	-3.017208240295101454e-05
7.401959996915652408e-11	1.265469202563899997e-01	8.907815224411709920e+00	2.097734957299834946e-02	7.465434001402359090e-03	1.202400311532623653e-03	9.543918507034022669e-01	3.070859810274553792e-01	-2.648869475347254165e-04	-3.087422816825431281e-05
7.752597488629464062e-11	1.264477740060134525e-01	8.798679445811353972e+00	2.122090629691001165e-02	7.513271938622228738e-03	1.217100448565856157e-03	9.538094056821647682e-01	3.067924614803967387e-01	-2.698191070952509342e-04	-3.158109581149119531e-05
8.119844993184008328e-11	1.263437155871074413e-01	8.691033508321797996e+00	2.146606575711252490e-02	7.559480533027145358e-03	1.231537955857180296e-03	9.532196390226003180e-01	3.064970131957386879e-01	-2.747722280476725472e-04	-3.229249485863870792e-05
8.504489341802668113e-11	1.262348169682918075e-01	8.584848301087388833e+00	2.171284661297955346e-02	7.604072684122351565e-03	1.245744609213370524e-03	9.526225311917606575e-01	3.061996158691087100e-01	-2.797456780085101472e-04	-3.300822969250340682e-05
8.907354638610458163e-11	1.261211489826279675e-01	8.480095656207932819e+00	2.196126752704303728e-02	7.647038304846877008e-03	1.259683737266366821e-03	9.520180129929506352e-01	3.059002414973305273e-01	-2.847388448280354744e-04	-3.372810533196433496e-05
9.329304026284695888e-11	1.260027806000531270e-01	8.376748350061474113e+00	2.221134691712979212e-02	7.688401464233780847e-03	1.273362929282283390e-03	9.514060898252055809e-01	3.055988739307010649e-01	-2.897511193205937001e-04	-3.445192502682942605e-05
9.771241535346501225e-11	1.258797789236503761e-01	8.274780066098298192e+00	2.246310292212796642e-02	7.728154597515842460e-03	1.286793039981147784e-03	9.507866995256276654e-01	3.052954870849235447e-01	-2.947818961424339499e-04	-3.517949105551526401e-05
1.023411402105452712e-10	1.257522093433984245e-01	8.174165335327224113e+00	2.271655346154466057e-02	7.766315611700427488e-03	1.299940155294799452e-03	9.501598354085177833e-01	3.049900629414659115e-01	-2.998305718705367726e-04	-3.591060323189413061e-05
1.071891319205126445e-10	1.256201353772680440e-01	8.074879518632100073e+00	2.297171613361010528e-02	7.802879837139615853e-03	1.312806699858502226e-03	9.495254447426897393e-01	3.046825770780741682e-01	-3.048965475298741172e-04	-3.664506166538133021e-05
1.122667773510811312e-10	1.254836200797115053e-01	7.976898672440055904e+00	2.322860873808775539e-02	7.837870152234600180e-03	1.325406757576051697e-03	9.488835308565009008e-01	3.043730139328856277e-01	-3.099792488602333049e-04	-3.738266610905075269e-05
1.175849554052158201e-10	1.253427228564823748e-01	7.880199719637011491e+00	2.348724809262890331e-02	7.871288422916487143e-03	1.337721737030855233e-03	9.482340581859254325e-01	3.040613522714540329e-01	-3.150780644991437048e-04	-3.812321129629042877e-05
1.231550603292826197e-10	1.251975029648477455e-01	7.784760200119128726e+00	2.374765127644497612e-02	7.903139076025727378e-03	1.349750375960256455e-03	9.475769930493994631e-01	3.037475715683899957e-01	-3.201924171389965894e-04	-3.886649443430191514e-05
1.289890261253308184e-10	1.250480174994223204e-01	7.690558360852585373e+00	2.400983489814434435e-02	7.933440567489175380e-03	1.361486387461090415e-03	9.469123347164055682e-01	3.034316558015604515e-01	-3.253217185125635178e-04	-3.961231016799291268e-05
1.350993521198024986e-10	1.248943227387663418e-01	7.597573056113472667e+00	2.427381554887789519e-02	7.962191577820949481e-03	1.372928718263656924e-03	9.462400409788096489e-01	3.031135841426918498e-01	-3.304654024301206415e-04	-4.036045527589345516e-05
1.414991297434578731e-10	1.247364725518487344e-01	7.505783793592684106e+00	2.453960925420021338e-02	7.989418224448298356e-03	1.384077596602813209e-03	9.455601290242630075e-01	3.027933436969067471e-01	-3.356228770568048334e-04	-4.111072024619112289e-05
1.482020705798860072e-10	1.245745199217870858e-01	7.415170651061412599e+00	2.480723192832155061e-02	8.015121409085326429e-03	1.394930425662719436e-03	9.448725619082944949e-01	3.024709149451498269e-01	-3.407935729619941353e-04	-4.186289911515228524e-05
1.552225357427047968e-10	1.244085159800200346e-01	7.325714281824414975e+00	2.507669907411514548e-02	8.039316479986916009e-03	1.405478155962121625e-03	9.441773366081649410e-01	3.021462834348681015e-01	-3.459769104459719320e-04	-4.261678355804897019e-05
1.625755666443793407e-10	1.242385109972100887e-01	7.237395848954245814e+00	2.534802610756538635e-02	8.062011655216284878e-03	1.415721251606115710e-03	9.434744343737745398e-01	3.018194321242183564e-01	-3.511723244237356157e-04	-4.337216598411416631e-05
1.702769172225897821e-10	1.240645534135661338e-01	7.150197054297525057e+00	2.562122797613523503e-02	8.083212580813264880e-03	1.425652510598160666e-03	9.427638334232912865e-01	3.014903441631838210e-01	-3.563792399076436482e-04	-4.412883676247822401e-05
1.783430876931905687e-10	1.238866906141751351e-01	7.064100076383875049e+00	2.589631944017127888e-02	8.102944945054325540e-03	1.435284557557131102e-03	9.420455529417504081e-01	3.011590098847934938e-01	-3.615970888650661447e-04	-4.488658632641556409e-05
1.867913599020784805e-10	1.237049680148800401e-01	6.979087596833124074e+00	2.617331470003616059e-02	8.121220837957413702e-03	1.444606272479336158e-03	9.413195866024310909e-01	3.008254152023109862e-01	-3.668252846602498385e-04	-4.564520150656494114e-05
1.956398343517064725e-10	1.235194309159941412e-01	6.895142696639767976e+00	2.645222808077385412e-02	8.138041323238948133e-03	1.453607268950468006e-03	9.405859058173001719e-01	3.004895431476417023e-01	-3.720632792557590929e-04	-4.640447638637737248e-05
2.049074689815846066e-10	1.233301224470005619e-01	6.812248931371868821e+00	2.673307324291668979e-02	8.153423397695480634e-03	1.462298854116394261e-03	9.398445146729333954e-01	3.001513826830743414e-01	-3.773104930432326018e-04	-4.716419811090350036e-05
2.146141197858401440e-10	1.231370847935613078e-01	6.730390259469866798e+00	2.701586362524006218e-02	8.167383777967456363e-03	1.470674690231607270e-03	9.390954204362739199e-01	2.998109231199443392e-01	-3.825663544061324618e-04	-4.792415501694183251e-05
2.247805833548729991e-10	1.229403589411248027e-01	6.649551039100383143e+00	2.730061232752161240e-02	8.179941980804380022e-03	1.478741050782617474e-03	9.383386351154551219e-01	2.994681553184350142e-01	-3.878302904138309823e-04	-4.868413500918380841e-05
2.354286414322420067e-10	1.227399847664768229e-01	6.569716011966949765e+00	2.758733211792844045e-02	8.191092832866493298e-03	1.486481939936133484e-03	9.375741210118934132e-01	2.991230616916904506e-01	-3.931017350074697938e-04	-4.944392950851419908e-05
2.465811075822603842e-10	1.225360008830944925e-01	6.490870287924968451e+00	2.787603538540641898e-02	8.200867479064370344e-03	1.493906550427412123e-03	9.368019179416769981e-01	2.987756386623841021e-01	-3.983801038919645206e-04	-5.020332257534364077e-05
2.582618760682674929e-10	1.223284451037330162e-01	6.412999324930843237e+00	2.816673425500212241e-02	8.209276762808180930e-03	1.501014120954276276e-03	9.360220237417745670e-01	2.984258760067579619e-01	-4.036648352926804312e-04	-5.096210717064803854e-05
2.704959730463131364e-10	1.221173537524370273e-01	6.336088932682149455e+00	2.845944034231431830e-02	8.216329341441829318e-03	1.507799923650330037e-03	9.352344331756470286e-01	2.980737623655224655e-01	-4.089553404118743247e-04	-5.172006850819165245e-05
2.833096101839318258e-10	1.219027625417397759e-01	6.260125233112983523e+00	2.875416505590921989e-02	8.222042933808732315e-03	1.514269776335832370e-03	9.344391611266019693e-01	2.977192914427786441e-01	-4.142510472496184720e-04	-5.247699632795680666e-05
2.967302408188872501e-10	1.216847055045808118e-01	6.185094688054720180e+00	2.905091915322326190e-02	8.226431621555365531e-03	1.520416052225172015e-03	9.336362166481919633e-01	2.973624553577435825e-01	-4.195513565121322024e-04	-5.323267636660285651e-05
3.107866187782014063e-10	1.214632163360139239e-01	6.110984037283850867e+00	2.934971326815819653e-02	8.229510092007475200e-03	1.526246637255498787e-03	9.328256103732283089e-01	2.970032478428769607e-01	-4.248556892904868003e-04	-5.398689884655313793e-05
3.255088599835056406e-10	1.212383283822462271e-01	6.037780292615225974e+00	2.965055788979172394e-02	8.231300950861253005e-03	1.531759375647675234e-03	9.320073702827937900e-01	2.966416644010170800e-01	-4.301634868399984986e-04	-5.473945760588691149e-05
3.409285069746807543e-10	1.210100720435792476e-01	5.965470817443404350e+00	2.995346227148423801e-02	8.231801830775226786e-03	1.536949613386748422e-03	9.311814753815716994e-01	2.962776956726516087e-01	-4.354741098103777895e-04	-5.549013410382930430e-05
3.570785964900469852e-10	1.207784791517845097e-01	5.894043162212559750e+00	3.025843623563071599e-02	8.231043573294547638e-03	1.541822008804157691e-03	9.303479736172179937e-01	2.959113399510276410e-01	-4.407870022127245713e-04	-5.623872458166224092e-05
3.739937302478801677e-10	1.205435788328942243e-01	5.823485209119088957e+00	3.056548838096630194e-02	8.229036102657722937e-03	1.546377636213641920e-03	9.295068717375193357e-01	2.955425933515867243e-01	-4.461015358303044602e-04	-5.698501444499233233e-05
3.917101490809260641e-10	1.203054002603429623e-01	5.753785056453032176e+00	3.087462727644038271e-02	8.225793549585049685e-03	1.550616082778753140e-03	9.286581859563225461e-01	2.951714513995333800e-01	-4.514171110113274275e-04	-5.772879551942988513e-05
4.102658105827190344e-10	1.200639717190363498e-01	5.684931049528173297e+00	3.118586101881085440e-02	8.221332636063612836e-03	1.554537633405555803e-03	9.278019393155693129e-01	2.947979121342547137e-01	-4.567331196576691009e-04	-5.846985915738752587e-05
4.297004704320835313e-10	1.198193208167620122e-01	5.616911765520089972e+00	3.149919730706900178e-02	8.215670570687144680e-03	1.558147664054145400e-03	9.269381571761895477e-01	2.944219740648716943e-01	-4.620489519828096994e-04	-5.920799730480199875e-05
4.500557675700488183e-10	1.195714739734419774e-01	5.549716022506714808e+00	3.181464319655908507e-02	8.208821413079908647e-03	1.561442844152434711e-03	9.260668602699604346e-01	2.940436359717704673e-01	-4.673639752004877905e-04	-5.994300016117884195e-05
4.713753134116729086e-10	1.193204575816482343e-01	5.483332837457044029e+00	3.213220558120323533e-02	8.200794924174820838e-03	1.564424869927413331e-03	9.251880605688914683e-01	2.936628950609580513e-01	-4.726775868290522715e-04	-6.067466665863200038e-05
4.937047852839003559e-10	1.190662961267320991e-01	5.417751473829135023e+00	3.245189036054053205e-02	8.191616804354730913e-03	1.567096074568078952e-03	9.243018069693464955e-01	2.932797550556197064e-01	-4.779891131891802038e-04	-6.140278105172090482e-05
5.170920242896755486e-10	1.188090148994998957e-01	5.352961356896523526e+00	3.277370360527175064e-02	8.181296884453823776e-03	1.569459644130784346e-03	9.234081142014900490e-01	2.928942151266856198e-01	-4.832979490976595585e-04	-6.212714470389466947e-05
5.415871378079465267e-10	1.185486370454826577e-01	5.288952154772586844e+00	3.309765022146436003e-02	8.169856847508916858e-03	1.571518333712110076e-03	9.225070256737744057e-01	2.925062793447941178e-01	-4.886034097674372099e-04	-6.284754541345276746e-05
5.672426068491988835e-10	1.182851874829755900e-01	5.225713659295671221e+00	3.342373570729678667e-02	8.157301749016266160e-03	1.573267625142117264e-03	9.215985477245765001e-01	2.921159458021437838e-01	-4.939049232720107985e-04	-6.356379568485356392e-05
5.941133984965039838e-10	1.180186869074469069e-01	5.163235951007929536e+00	3.375196339179217103e-02	8.143659264141839618e-03	1.574717342276742973e-03	9.206827408936136825e-01	2.917232230318304587e-01	-4.992017246972282321e-04	-6.427567134247482025e-05
6.222570836730231313e-10	1.177491593096787054e-01	5.101509183229135935e+00	3.408233786338960708e-02	8.128942770159738179e-03	1.575865753546376417e-03	9.197596324928130063e-01	2.913281124804863453e-01	-5.044932424795030117e-04	-6.498299022357195817e-05
6.517339604882420571e-10	1.174766249542474050e-01	5.040523771801826314e+00	3.441486170685530838e-02	8.113154870687701650e-03	1.576711457317754366e-03	9.188292315686498180e-01	2.909306164509139481e-01	-5.097787298242054208e-04	-6.568553731168135944e-05
6.826071834272379248e-10	1.172011055971205473e-01	4.980270247992713450e+00	3.474953790284637800e-02	8.096331194420866573e-03	1.577265289068612584e-03	9.178916174785073379e-01	2.905307458585897895e-01	-5.150575384629972522e-04	-6.638312007685338585e-05
7.149428986597561750e-10	1.169226211860793091e-01	4.920739341901830599e+00	3.508636826549698523e-02	8.078480452039318166e-03	1.577525374864532839e-03	9.169468149945213531e-01	2.901285054054473789e-01	-5.203289390703171903e-04	-6.707553231110635779e-05
7.488103857590030225e-10	1.166411926361586443e-01	4.861921907142689570e+00	3.542535473176707667e-02	8.059611939442254402e-03	1.577492783997523152e-03	9.159948500328390919e-01	2.897238996878392370e-01	-5.255922756084241768e-04	-6.776258636400947738e-05
7.842822061337681836e-10	1.163568391173980393e-01	4.803808985255982655e+00	3.576649805059291254e-02	8.039749914387600907e-03	1.577172167854687564e-03	9.150357837674998329e-01	2.893169397144964572e-01	-5.308468069587851321e-04	-6.844407936750917121e-05
8.214343584919422200e-10	1.160695798325861727e-01	4.746391757711327486e+00	3.610979859996805985e-02	8.018905162787387519e-03	1.576565497851468642e-03	9.140696497195999193e-01	2.889076325499975173e-01	-5.360918112319149097e-04	-6.911981636048145289e-05
8.603464416684491388e-10	1.157794340597400606e-01	4.689661540620262414e+00	3.645525640753328328e-02	7.997097275494687713e-03	1.575676806668403762e-03	9.130965013214636938e-01	2.884959888065436462e-01	-5.413265825652490391e-04	-6.978960855140970928e-05
9.011018251665036851e-10	1.154864193815218210e-01	4.633609825025065909e+00	3.680287023513470479e-02	7.974346278920182302e-03	1.574509993472540973e-03	9.121163964766365595e-01	2.880820207419686474e-01	-5.465503279287460374e-04	-7.045325336553674646e-05
9.437878277775391497e-10	1.151905545017027216e-01	4.578228205517561378e+00	3.715263896398184051e-02	7.950651496017925937e-03	1.573061805405631675e-03	9.111293483775639857e-01	2.876657340807500796e-01	-5.517623329191097270e-04	-7.111056731653165827e-05
9.884959046625586031e-10	1.148918572471035460e-01	4.523508423526500621e+00	3.750456059284590360e-02	7.926055300928432773e-03	1.571346475571750974e-03	9.101354654087798757e-01	2.872471491221044171e-01	-5.569618343370638701e-04	-7.176135960204293291e-05
1.035321843295661502e-09	1.145903447079159171e-01	4.469442364050851602e+00	3.785863224273611216e-02	7.900553659379083715e-03	1.569358862198022260e-03	9.091347581081248297e-01	2.868262732800629933e-01	-5.621480390249657122e-04	-7.240543885335431378e-05
1.084365968689608688e-09	1.142860350039408279e-01	4.416022009997841558e+00	3.821485107486376209e-02	7.874164059835384380e-03	1.567102091523474685e-03	9.081272837178431256e-01	2.864031194781458400e-01	-5.673202262556004735e-04	-7.304263205308815434e-05
1.135733358343102889e-09	1.139789436182845617e-01	4.363239523292817168e+00	3.857321233929691950e-02	7.846907862323820176e-03	1.564583708996513224e-03	9.071131129068831234e-01	2.859777062462078856e-01	-5.724775092791773703e-04	-7.367273537003718432e-05
1.189534067370320724e-09	1.136690882556013471e-01	4.311087123174546676e+00	3.893371199180056114e-02	7.818790078206461214e-03	1.561800136313228624e-03	9.060922792015578819e-01	2.855500433954832884e-01	-5.776191289637435744e-04	-7.429557248967207518e-05
1.245883364295008068e-09	1.133564847692431071e-01	4.259557201438465945e+00	3.929634428350260028e-02	7.789859062365286219e-03	1.558770251592150879e-03	9.050649146912396192e-01	2.851201592038701271e-01	-5.827442557382754487e-04	-7.491096456897640800e-05
1.304901978014401580e-09	1.130411495516842890e-01	4.208642234960490391e+00	3.966110329156428971e-02	7.760091963251096285e-03	1.555481165885394881e-03	9.040309974963628425e-01	2.846880587464551970e-01	-5.878520516572280103e-04	-7.551872685599525070e-05
1.366716356462010101e-09	1.127230987156578323e-01	4.158334821290876171e+00	4.002798228524066804e-02	7.729529180325241458e-03	1.551946571677598500e-03	9.029906452676103035e-01	2.842537675502069261e-01	-5.929416799255875529e-04	-7.611868326108820273e-05
1.431458937523481393e-09	1.124023477574484786e-01	4.108627677007079093e+00	4.039697356570261244e-02	7.698172226194254820e-03	1.548164228654891556e-03	9.019438938836508157e-01	2.838173006354012262e-01	-5.980122559932866608e-04	-7.671065185591703867e-05
1.499268432786047049e-09	1.120789124811610721e-01	4.059513615883916238e+00	4.076806895710466394e-02	7.666041152944234709e-03	1.544139901790091097e-03	9.008908206293247956e-01	2.833786791863885379e-01	-6.030629088237672401e-04	-7.729445664856020163e-05
1.570290124729377524e-09	1.117528093387368943e-01	4.010985545761365678e+00	4.114125993955206756e-02	7.633158611286626483e-03	1.539880560609214848e-03	8.998315095342619419e-01	2.829379265236984242e-01	-6.080928263495704407e-04	-7.786994105081318474e-05
1.644676177994662829e-09	1.114240527747088344e-01	3.963036511065860967e+00	4.151653619919804666e-02	7.599524872644286555e-03	1.535382686641664600e-03	8.987660007777125148e-01	2.824950591505145381e-01	-6.131010271421534442e-04	-7.843691571307296088e-05
1.722585965398783835e-09	1.110926585297625363e-01	3.915659631527360851e+00	4.189388740592073918e-02	7.565170492802173602e-03	1.530657680807510782e-03	8.976944002419737778e-01	2.820501056150530039e-01	-6.180866245925309118e-04	-7.899521655401613195e-05
1.804186409392068039e-09	1.107586419320466531e-01	3.868848131663037648e+00	4.227330225384211965e-02	7.530107504435413004e-03	1.525707462509033087e-03	8.966167764040192667e-01	2.816030880137780357e-01	-6.230486927923761624e-04	-7.954467603336310170e-05
1.889652339691211477e-09	1.104220180992485784e-01	3.822595335244919568e+00	4.265476854242570420e-02	7.494350647306457017e-03	1.520536006271449572e-03	8.955332058383670413e-01	2.811540309089131107e-01	-6.279862744167380049e-04	-8.008512360664660917e-05
1.979166867853557524e-09	1.100828026258569015e-01	3.776894652511882278e+00	4.303827354011443423e-02	7.457904471592976051e-03	1.515142063879850115e-03	8.944437442366559576e-01	2.807029559755025994e-01	-6.328984516626270148e-04	-8.061640634466394641e-05
2.072921779595369695e-09	1.097410101772267471e-01	3.731739599926362505e+00	4.342380317607191093e-02	7.420803553514988306e-03	1.509538456938379000e-03	8.933485164503238707e-01	2.802498967860621581e-01	-6.377841989182486985e-04	-8.113834777850272744e-05
2.171117945694509622e-09	1.093966567650248578e-01	3.687123763788606734e+00	4.381134330222054979e-02	7.383053969722201508e-03	1.503725318511843663e-03	8.922475850766125038e-01	2.797948772604463841e-01	-6.426426084327267448e-04	-8.165080745439966768e-05
2.273965752357932151e-09	1.090497567611706381e-01	3.643040845162426322e+00	4.420087795267260700e-02	7.344667157414260482e-03	1.497705263635038279e-03	8.911410294688121292e-01	2.793379254047947402e-01	-6.474725988727623180e-04	-8.215360821582362312e-05
2.381685551976160644e-09	1.087003259721483900e-01	3.599484609670066781e+00	4.459239111124898430e-02	7.305665626757592256e-03	1.491485621545573766e-03	8.900289529969755975e-01	2.788790726954488708e-01	-6.522732064536813880e-04	-8.264660710290857551e-05
2.494508135230316413e-09	1.083483794695901947e-01	3.556448920693668470e+00	4.498586541098770902e-02	7.266060482761853463e-03	1.485068937141070453e-03	8.889114376946317675e-01	2.784183486289436016e-01	-6.570433780154074461e-04	-8.312964518330059373e-05
2.612675225563326382e-09	1.079939327213132461e-01	3.513927719869337718e+00	4.538128278343425692e-02	7.225864927072536172e-03	1.478457982207317728e-03	8.877885719033966616e-01	2.779557835946497302e-01	-6.617820766917229328e-04	-8.360257377238564558e-05
2.736439997074666368e-09	1.076370010589250137e-01	3.471915034080144569e+00	4.577862411317827618e-02	7.185097308497362736e-03	1.471659429989832747e-03	8.866604579784672646e-01	2.774914119731542450e-01	-6.664882276968084763e-04	-8.406524060695680541e-05
2.866067616948244470e-09	1.072776001878908148e-01	3.430404966936049682e+00	4.617786952024920816e-02	7.143774644160991345e-03	1.464677842500735142e-03	8.855271971781322193e-01	2.770252675895956140e-01	-6.711607726365680787e-04	-8.451750406545542247e-05
3.001835813575592210e-09	1.069157456066636563e-01	3.389391705020378787e+00	4.657899799179875816e-02	7.101906496193521878e-03	1.457515085514523570e-03	8.843888773058332653e-01	2.765573831091199253e-01	-6.757986012376135387e-04	-8.495921598322267790e-05
3.144035471591500167e-09	1.065514532864137998e-01	3.348869507654903988e+00	4.698198776995126530e-02	7.059509040462590146e-03	1.450176667226342605e-03	8.832456024635155778e-01	2.760877948798358128e-01	-6.804006243653444239e-04	-8.539023872914287968e-05
3.292971255097148186e-09	1.061847389750533027e-01	3.308832715392097334e+00	4.738681589428569985e-02	7.016603094151611583e-03	1.442669543763047766e-03	8.820974900580619282e-01	2.756165418168650683e-01	-6.849656988305371109e-04	-8.581042841138018980e-05
3.448962260405766611e-09	1.058156185087128776e-01	3.269275744430841790e+00	4.779345836586847140e-02	6.973196255431439103e-03	1.434995037431591788e-03	8.809446308609597542e-01	2.751436594356805321e-01	-6.894926591731920414e-04	-8.621964259182612683e-05
3.612342699709437910e-09	1.054441088010600880e-01	3.230193071920515635e+00	4.820189077445807130e-02	6.929296151404361857e-03	1.427152620660138193e-03	8.797871166115124320e-01	2.746691821539363199e-01	-6.939804257878266205e-04	-8.661776525840949822e-05
3.783462617131932968e-09	1.050702260741232519e-01	3.191579258959603482e+00	4.861208713302595658e-02	6.884937098026654330e-03	1.419157380793046718e-03	8.786251020078605922e-01	2.741931582666814471e-01	-6.984278042412446182e-04	-8.700465887753911236e-05
3.962688638701478467e-09	1.046939867858161788e-01	3.153428937193904602e+00	4.902402043785056979e-02	6.840117394522160325e-03	1.411005826270637963e-03	8.774586645103765736e-01	2.737156227132150899e-01	-7.028335920378704811e-04	-8.738019101952689048e-05
4.150404757850472502e-09	1.043154071326504173e-01	3.115736813848065001e+00	4.943766231412260320e-02	6.794858211137716660e-03	1.402705367714113466e-03	8.762879355584334284e-01	2.732366201086942614e-01	-7.071965101689277160e-04	-8.774421715769694079e-05
4.347013158125017173e-09	1.039345055002870860e-01	3.078497639163004784e+00	4.985298465525216799e-02	6.749171586922750841e-03	1.394259849070171933e-03	8.751130255002641523e-01	2.727561921742343576e-01	-7.115155041863418942e-04	-8.809665234948846563e-05
4.552935074866938773e-09	1.035512973433527772e-01	3.041706271212179402e+00	5.026995612473231928e-02	6.703074617744319945e-03	1.385674383123356107e-03	8.739340639766880470e-01	2.722743850073020555e-01	-7.157891151826724146e-04	-8.843732326756737156e-05
4.768611697714474181e-09	1.031658018096260482e-01	3.005357590832728576e+00	5.068854664638731272e-02	6.656576856832066222e-03	1.376950953999009830e-03	8.727511604357889308e-01	2.717912406357784749e-01	-7.200162981633388259e-04	-8.876615957851541057e-05
4.994505115855140358e-09	1.027780359311866593e-01	2.969446574071460176e+00	5.110872340425732380e-02	6.609695499481929408e-03	1.368095788548037792e-03	8.715644480803712568e-01	2.713068074443923394e-01	-7.241956981531475586e-04	-8.908302525657797125e-05
5.231099308056257792e-09	1.023880175067353043e-01	2.933968254363724437e+00	5.153045279652179039e-02	6.562444077155319203e-03	1.359112931062678121e-03	8.703740537522496323e-01	2.708211327484855713e-01	-7.283260015108067309e-04	-8.938779935601530219e-05
5.478901179593956120e-09	1.019957657088726988e-01	2.898917716271939504e+00	5.195370084410844830e-02	6.514843409965639758e-03	1.350010587250200737e-03	8.691801212527237031e-01	2.703342674493441344e-01	-7.324060365098033262e-04	-8.968040450375225272e-05
5.738441648302404521e-09	1.016012983046014617e-01	2.864290125518097252e+00	5.237843122497484738e-02	6.466880622636702984e-03	1.340778661182263388e-03	8.679827249112932464e-01	2.698462505286052804e-01	-7.364343775039149586e-04	-8.996070464552755476e-05
6.010276782070388176e-09	1.012046344956176597e-01	2.830080696523637585e+00	5.280460723614506524e-02	6.418604152775768228e-03	1.331439048419237603e-03	8.667820765152521867e-01	2.693571463392696597e-01	-7.404097474796806147e-04	-9.022860944440777217e-05
6.294988990221888141e-09	1.008057930071856040e-01	2.796284712813415840e+00	5.323219041576618404e-02	6.370009444171945145e-03	1.321987574806108472e-03	8.655782738187477454e-01	2.688670005133706464e-01	-7.443307410283365360e-04	-9.048400262653909210e-05
6.593188271333541710e-09	1.004047936196188762e-01	2.762897508839641247e+00	5.366114163465914022e-02	6.321110392425301032e-03	1.312428424064897162e-03	8.643714570677133446e-01	2.683758657916109902e-01	-7.481960424182340901e-04	-9.072679663946260653e-05
6.905513520162316861e-09	1.000016563916162615e-01	2.729914479730268795e+00	5.409142048450805290e-02	6.271920400354903148e-03	1.302765926620491708e-03	8.631617683345333969e-01	2.678837963131735500e-01	-7.520043334196863018e-04	-9.095691238525213565e-05
7.232633896483518810e-09	9.959640084209778199e-02	2.697331083615948533e+00	5.452298473941597640e-02	6.222462036522913818e-03	1.293007617391210302e-03	8.619493745330747414e-01	2.673908505166141536e-01	-7.557541048116351483e-04	-9.117422229552730041e-05
7.575250258771920716e-09	9.918904832546851513e-02	2.665142826743289728e+00	5.495579190149398746e-02	6.172736387535489658e-03	1.283153950382432676e-03	8.607343946867831441e-01	2.668970812951632632e-01	-7.594441404945652700e-04	-9.137869290915811584e-05
7.934096665797492339e-09	9.877961916310849799e-02	2.633345278094688435e+00	5.538979731430729997e-02	6.122762044967450246e-03	1.273208883884211764e-03	8.595169921639680410e-01	2.664025465571632223e-01	-7.630729086288147141e-04	-9.157020117883030088e-05
8.309941949353386453e-09	9.836813410204194030e-02	2.601934067961854780e+00	5.582495492380704777e-02	6.072553672299287053e-03	1.263179534734843118e-03	8.582973246969073378e-01	2.659073079662030437e-01	-7.666389512822796614e-04	-9.174866479276683228e-05
8.703591361485183753e-09	9.795461323544779608e-02	2.570904887061468802e+00	5.626121662905512327e-02	6.022118324338281842e-03	1.253066610595417055e-03	8.570755375926180086e-01	2.654114241743657510e-01	-7.701405734646913108e-04	-9.191393952544032867e-05
9.115888299750837812e-09	9.753908344006749498e-02	2.540253417431082905e+00	5.669853806148866110e-02	5.971475107701314407e-03	1.242876113325735912e-03	8.558517934107972014e-01	2.649149535161297031e-01	-7.735771615491836544e-04	-9.206616173513804114e-05
9.547716114208065503e-09	9.712156242429526021e-02	2.509975489306949026e+00	5.713686595325648265e-02	5.920635121014272868e-03	1.232612566329213894e-03	8.546262587709052561e-01	2.644179629513591645e-01	-7.769464892102168627e-04	-9.220506890159654812e-05
1.000000000000000021e-08	9.670207417629687885e-02	2.480066926500553492e+00	5.757615034204580790e-02	5.869610217440334766e-03	1.222278998850055871e-03	8.533990930349030224e-01	2.639205141215684725e-01	-7.802473085499267913e-04	-9.233065155491965539e-05
