# Pressure Mass Radius Compactness k2 k3 h2 h3 j2 j3
9.999999999999999799e-13	1.003093839956999134e-01	5.645748265288164447e+01	2.623555697883259933e-03	2.191744777902761331e-04	9.154586191464378841e-05	9.925968918852956513e-01	3.298855424004596415e-01	-1.370152831494744238e-06	-1.591818608226533776e-07
1.047370897959448749e-12	1.018397372683589042e-01	5.154193681778201608e+01	2.917606857285248538e-03	2.469594202221946522e-04	1.261601089695523197e-04	9.917781959672810066e-01	3.294972976596231007e-01	-1.759237090437349476e-06	-1.838048336265327747e-07
1.096985797892381920e-12	1.035332910189940975e-01	4.726722049914121726e+01	3.234373644016686356e-03	2.863127620172746849e-04	5.498880106129839254e-05	9.909155278946391032e-01	3.290800031384614188e-01	-2.290811793891869421e-06	-2.155751514654688391e-07
1.148951000187311009e-12	1.054000922708034083e-01	4.353158452185202520e+01	3.575252760287287238e-03	3.406463240434834568e-04	6.695240734719959657e-05	9.900121621568145347e-01	3.286320292393313247e-01	-3.015167006774081293e-06	-2.572971745780783080e-07
1.203377840777590522e-12	1.074493554245574689e-01	4.025487570553452343e+01	3.941445806771256589e-03	4.142239616903187096e-04	6.395158815296876306e-05	9.890722553847299814e-01	3.281520918604502457e-01	-3.996932694517867496e-06	-3.129677180111448457e-07
1.260382929679727463e-12	1.096888713371754337e-01	3.737273107779257231e+01	4.333890826349266756e-03	5.121405244178691687e-04	7.345084164332988232e-05	9.881065735380614168e-01	3.276393435266701237e-01	-5.317270110453431238e-06	-3.881735550709361434e-07
1.320088400831416649e-12	1.121241776912832860e-01	3.483273745578295433e+01	4.753154155010281406e-03	6.403291299867106597e-04	7.572214462053195798e-05	9.871238265720967409e-01	3.270935448185446348e-01	-7.075331109807358692e-06	-4.905401453190563939e-07
1.382622173764653478e-12	1.147585068408179254e-01	3.259104773594839344e+01	5.199442760584128097e-03	8.055068108878575073e-04	8.815026201496614861e-05	9.861374911008349287e-01	3.265150800548670129e-01	-9.389192804033446343e-06	-6.302277814448672064e-07
1.448118227674535917e-12	1.175945195014434785e-01	3.060926421781040574e+01	5.672890839324153459e-03	1.014988386515728799e-03	1.044566332307542540e-04	9.851629758602241660e-01	3.259045313529472243e-01	-1.239772012316073821e-05	-8.205298320736546255e-07
1.516716888470924089e-12	1.206347899332175094e-01	2.885376619652994989e+01	6.173625754065238495e-03	1.276765322627294473e-03	1.265861831867204693e-04	9.842165492984300545e-01	3.252626729420483032e-01	-1.626178695101480242e-05	-1.078496152695448507e-06
1.588565129428052692e-12	1.238820185030263948e-01	2.729528219000798117e+01	6.701791610197299284e-03	1.599296492344490965e-03	1.522421673972532553e-04	9.833156609762921940e-01	3.245904149474385103e-01	-2.116511357563049641e-05	-1.425559402786824432e-06
1.663816886076127415e-12	1.273392309950509560e-01	2.590842873641632593e+01	7.257572495046517996e-03	1.991412993385309905e-03	1.862314481728596905e-04	9.824785852910690176e-01	3.238887909697557577e-01	-2.731493392908389579e-05	-1.888169767097136998e-06
1.742633386009647278e-12	1.310099694890738409e-01	2.467125388650833173e+01	7.841214926948484112e-03	2.462158071954286161e-03	2.322295186881057332e-04	9.817240231671440220e-01	3.231589242546828444e-01	-3.494258405148144557e-05	-2.498428580206135629e-06
1.825183494319046040e-12	1.348984817147555748e-01	2.356480568706605538e+01	8.453049920745844825e-03	3.020688267402310469e-03	2.883605806684605638e-04	9.810705970339581583e-01	3.224020053830924937e-01	-4.430415180247696888e-05	-3.294729047271029791e-06
1.911644075385703708e-12	1.390099116527332979e-01	2.257273762006724382e+01	9.093514609747221922e-03	3.676158118245905371e-03	3.595966752193478322e-04	9.805370110408261342e-01	3.216192634061362243e-01	-5.568129622313684447e-05	-4.322402295347508680e-06
2.002200371815584363e-12	1.433504961801324862e-01	2.168095544988916856e+01	9.763173754662974463e-03	4.437618039632173356e-03	4.469251110796310968e-04	9.801415655885713507e-01	3.208119307393962338e-01	-6.938241222855349186e-05	-5.634394303030338161e-06
2.097046401323230665e-12	1.479277703310643288e-01	2.087730628036941383e+01	1.046274121838939100e-02	5.313941261505685139e-03	5.531684017112382078e-04	9.799019536685000809e-01	3.199812120268160642e-01	-8.574425193311504656e-05	-7.291994307913505145e-06
2.196385372416542332e-12	1.527504926272387209e-01	2.015134705266219584e+01	1.119305845737437674e-02	6.313747965030742579e-03	6.819459952013953502e-04	9.798352125363417597e-01	3.191283139044851502e-01	-1.051329354385188502e-04	-9.365511443532824863e-06
2.300430119772921506e-12	1.578279028843886655e-01	1.949418774548554367e+01	1.195498062451961878e-02	7.445136129173219632e-03	8.356390196368396802e-04	9.799575431643889889e-01	3.182545614370742570e-01	-1.279418134867405215e-04	-1.193458411554588576e-05
2.409403560239526876e-12	1.631695165782842682e-01	1.889823087986075834e+01	1.274935198794392016e-02	8.715476645671203781e-03	1.017302054505697358e-03	9.802839701038332798e-01	3.173613998899467159e-01	-1.545900387677530549e-04	-1.508845080472669698e-05
2.523539170434765862e-12	1.687850715500803511e-01	1.835694337421582745e+01	1.357700253038299047e-02	1.013126770945319347e-02	1.229817507175516448e-03	9.808280196848956356e-01	3.164503733206450731e-01	-1.855211373852787868e-04	-1.892612156748836694e-05
2.643081486974102692e-12	1.746844570220810744e-01	1.786467701282862564e+01	1.443874114776545238e-02	1.169799616301079974e-02	1.476486015457140937e-03	9.816015152851315095e-01	3.155231050188768704e-01	-2.212010486521905105e-04	-2.355638001062487866e-05
2.768286630392061017e-12	1.808776308242283082e-01	1.741652375399836217e+01	1.533534742610375215e-02	1.341995144990324601e-02	1.760303215284952797e-03	9.826141880104998227e-01	3.145812595528065803e-01	-2.621155579470302050e-04	-2.909757064480385344e-05
2.899422853882880921e-12	1.873745255965724443e-01	1.700819793500587096e+01	1.626756234975638635e-02	1.530010517291516096e-02	2.083937504356718831e-03	9.838734204636100378e-01	3.136265166745723643e-01	-3.087671381666369790e-04	-3.567716233324674325e-05
3.036771118035460378e-12	1.941849428800321020e-01	1.663593948953465684e+01	1.723607815383478709e-02	1.733999318132634082e-02	2.450014126530906770e-03	9.853840703758426356e-01	3.126605439177221335e-01	-3.616711505124922134e-04	-4.343105604279109950e-05
3.180625692794118977e-12	2.013184322980887953e-01	1.629643403230333121e+01	1.824152706443575231e-02	1.953956918120824254e-02	2.860906351570962746e-03	9.871481388788007072e-01	3.116849505552340971e-01	-4.213513574073013846e-04	-5.250260726255348153e-05
3.331294787934670055e-12	2.087841551757100567e-01	1.598674636695453799e+01	1.928446907707968144e-02	2.189714789839131148e-02	3.318534639459870192e-03	9.891646767668579310e-01	3.107012667268652106e-01	-4.883347265897321644e-04	-6.304134368515707020e-05
3.489101213406766494e-12	2.165907145503160047e-01	1.570426545256631989e+01	2.036537640926549403e-02	2.440929078508049382e-02	3.824477579037827840e-03	9.914295425742777335e-01	3.097108990360946112e-01	-5.631453537367481482e-04	-7.520134004448441928e-05
3.654383070957261569e-12	2.247457356106263571e-01	1.544666551479139471e+01	2.148458418606185444e-02	2.707068300066213518e-02	4.379864632521652916e-03	9.939352479365142212e-01	3.087151338873804773e-01	-6.462950917749141298e-04	-8.913881233687932196e-05
3.827494478516314936e-12	2.332564331942276470e-01	1.521184687068963903e+01	2.264237195630150815e-02	2.987436501021403790e-02	4.985135234145495441e-03	9.966711518931605784e-01	3.077150241696566813e-01	-7.382834730851373138e-04	-1.050110514751499496e-04
4.008806328898464320e-12	2.421303509714061997e-01	1.499789447746241855e+01	2.383906253696856103e-02	3.281204882030253761e-02	5.640310423109182181e-03	9.996238154233973994e-01	3.067112719381042130e-01	-8.396017895013341411e-04	-1.229760967497605566e-04
4.198707084443905621e-12	2.513754110728287361e-01	1.480306482637959675e+01	2.507502575747460813e-02	3.587426907578383783e-02	6.344963428255774932e-03	1.002777273766952026e+00	3.057042207511600496e-01	-9.507316824358213016e-04	-1.431915259526742132e-04
4.397603609302712498e-12	2.609999358906585631e-01	1.462577294598408173e+01	2.635067888613541395e-02	3.905050345714446147e-02	7.098136165733310438e-03	1.006113252001194613e+00	3.046938461227918782e-01	-1.072143778640488902e-03	-1.658132160267734888e-04
4.605922041145112927e-12	2.710126708623116221e-01	1.446457935180673360e+01	2.766648735647559559e-02	4.232935221579106622e-02	7.898370365149424630e-03	1.009611507836622568e+00	3.036797676536205914e-01	-1.204296648000541346e-03	-1.909941373802244327e-04
4.824108704165373984e-12	2.814228060936729836e-01	1.431817749557236219e+01	2.902296528013022930e-02	4.569863234207970082e-02	8.743683869858669827e-03	1.013249994472914528e+00	3.026612352805218009e-01	-1.347636031393590131e-03	-2.188831943144130959e-04
5.052631065335679604e-12	2.922399992878334518e-01	1.418538183453586399e+01	3.042067615287502927e-02	4.914555404096156849e-02	9.631741413830432683e-03	1.017005210064713117e+00	3.016371542772439129e-01	-1.502594366415937631e-03	-2.496241213317728562e-04
5.291978735958436557e-12	3.034743951914141702e-01	1.406511680902378991e+01	3.186023290946014136e-02	5.265688338705648563e-02	1.055969458188678670e-02	1.020852506896674949e+00	3.006061008447253324e-01	-1.669590457370633647e-03	-2.833544195697686695e-04
5.542664520663095602e-12	3.151366480935278713e-01	1.395640659208545920e+01	3.334229833959193728e-02	5.621900498517375111e-02	1.152431074899232417e-02	1.024766200602892363e+00	2.995663206957387414e-01	-1.849029459263498839e-03	-3.202043845269948123e-04
5.805225516094907684e-12	3.272379154180074523e-01	1.385836593534617123e+01	3.486758173383264908e-02	5.981814652250114911e-02	1.252201071453807983e-02	1.028720036105736702e+00	2.985157808329270135e-01	-2.041302526876208941e-03	-3.602960815195355008e-04
6.080224261649427052e-12	3.397895187062838218e-01	1.377019360923607749e+01	3.643679480205634647e-02	6.344030586226437340e-02	1.354887118898164856e-02	1.032687115170718872e+00	2.974521950317237096e-01	-2.246781102010932032e-03	-4.037412223402403444e-04
6.368249944718585906e-12	3.528027579267137837e-01	1.369116324978342547e+01	3.805063051129013718e-02	6.707138010811579398e-02	1.460063283808552166e-02	1.036640192703947694e+00	2.963730803660782342e-01	-2.465813012373664452e-03	-4.506393733539415330e-04
6.669919663030115058e-12	3.662889764031089790e-01	1.362061353875699865e+01	3.970977377296957406e-02	7.069725586235865722e-02	1.567273597319898681e-02	1.040551815226280041e+00	2.952757559426270051e-01	-2.698722663677390141e-03	-5.010770695030548416e-04
6.985879746785234820e-12	3.802595242391783592e-01	1.355794070737679569e+01	4.141489887353395905e-02	7.430393002653809531e-02	1.676040727158967236e-02	1.044394561221229534e+00	2.941573809789799765e-01	-2.945809757341070253e-03	-5.551266827428806474e-04
7.316807143427207274e-12	3.947257142049287459e-01	1.350259205354844738e+01	4.316666604932883206e-02	7.787759318099696237e-02	1.785868630958062364e-02	1.048141202886876178e+00	2.930149794250027084e-01	-3.207347947784653427e-03	-6.128453407193687258e-04
7.663410868007462274e-12	4.096987731079327344e-01	1.345406026291530388e+01	4.496571772206570811e-02	8.140471270367931333e-02	1.896245764803032238e-02	1.051764871118461064e+00	2.918454685793048786e-01	-3.483583502756349738e-03	-6.742739243658119486e-04
8.026433522257174683e-12	4.251897875035055563e-01	1.341187842220719162e+01	4.681267428143515846e-02	8.487210123285540697e-02	2.006650898577981221e-02	1.055239191957235922e+00	2.906456930721814658e-01	-3.774733887713920769e-03	-7.394361243913403266e-04
8.406652885618316356e-12	4.412096513650048402e-01	1.337561555356961307e+01	4.870813054770440492e-02	8.826704513494748605e-02	2.116559876823857766e-02	1.058538556586737123e+00	2.894124598431123130e-01	-4.080986644463502518e-03	-8.083376791067430718e-04
8.804883581643446547e-12	4.577689930400877794e-01	1.334487280283057586e+01	5.065264970630427993e-02	9.157720273235897546e-02	2.225444319538694496e-02	1.061637888799956686e+00	2.881425503053519632e-01	-4.402497496011507916e-03	-8.809654855875756214e-04
9.221978823334340144e-12	4.748781190307393985e-01	1.331927986542311260e+01	5.264676009202652607e-02	9.479088709931936252e-02	2.332782662018782413e-02	1.064513260336589884e+00	2.868327812861924397e-01	-4.739389425430434039e-03	-9.572871013684265901e-04
9.658832241158709141e-12	4.925468364030427537e-01	1.329849205037049131e+01	5.469093787427171255e-02	9.789694212745088386e-02	2.438060515417857579e-02	1.067141637856803715e+00	2.854800210974659525e-01	-5.091748971305496210e-03	-1.037249681801865903e-03
1.011637979766206976e-11	5.107838894877875235e-01	1.328218780532894527e+01	5.678554642005610026e-02	1.008847310029848815e-01	2.540771412832057430e-02	1.069500962075325967e+00	2.840812594333088636e-01	-5.459614805039514004e-03	-1.120777299876753955e-03
1.059560179277614774e-11	5.295972785364957414e-01	1.327006551015240987e+01	5.893087817391691463e-02	1.037443260151573315e-01	2.640426322847546844e-02	1.071570462655185185e+00	2.826336172332712393e-01	-5.842983884540655509e-03	-1.207772398407692873e-03
1.109752496412069864e-11	5.489944078207379397e-01	1.326184128325535028e+01	6.112717561947143829e-02	1.064665545834653920e-01	2.736557618355513199e-02	1.073330708263397382e+00	2.811343532776954257e-01	-6.241814786434321354e-03	-1.298116757103788934e-03
1.162322468679854125e-11	5.689820105330742894e-01	1.325724729510339728e+01	6.337462653743074215e-02	1.090430231790735088e-01	2.828722261332529755e-02	1.074763666361666870e+00	2.795808889643354167e-01	-6.656026766715597044e-03	-1.391671624821536448e-03
1.217382727739662020e-11	5.895660707327957661e-01	1.325603023314643281e+01	6.567335922492653633e-02	1.114661222302536225e-01	2.916504263733708802e-02	1.075852721266501222e+00	2.779708260617614890e-01	-7.085498854358822374e-03	-1.488277993820818698e-03
1.275051240713012859e-11	6.107517433877895918e-01	1.325794990400919993e+01	6.802343779487897424e-02	1.137290786576377194e-01	2.999519340873137499e-02	1.076582804373521496e+00	2.763019852541463428e-01	-7.530069007728845687e-03	-1.587757019748802173e-03
1.335451562929897339e-11	6.325432718063609405e-01	1.326277796791365482e+01	7.042485743422997879e-02	1.158260167341312874e-01	3.077417014807659612e-02	1.076940548850214840e+00	2.745724252693162448e-01	-7.989533291737955026e-03	-1.689910573215534480e-03
1.398713102647241439e-11	6.549439041994183919e-01	1.327029679448832766e+01	7.287753979675451466e-02	1.177517796348100110e-01	3.149879822258278700e-02	1.076913892045757715e+00	2.727804377284937520e-01	-8.463645176282360780e-03	-1.794521956150768897e-03
1.464971398307287854e-11	6.779558079467147280e-01	1.328029842833704599e+01	7.538132835952482402e-02	1.195021210819459112e-01	3.216627950814130582e-02	1.076492535894775671e+00	2.709245874041339985e-01	-8.952114840372542987e-03	-1.901356732452383997e-03
1.534368408930013065e-11	7.015799866371711380e-01	1.329258364691361294e+01	7.793598433280700399e-02	1.210736221665006801e-01	3.277419622743973915e-02	1.075667774563836332e+00	2.690037188721886574e-01	-9.454608781504104248e-03	-2.010163767527517378e-03
1.607052818261638620e-11	7.258160733875753667e-01	1.330696107870742573e+01	8.054116921175480392e-02	1.224636773818802565e-01	3.332051274162116383e-02	1.074432506065732262e+00	2.670169747294615092e-01	-9.970746590458401740e-03	-2.120675732000281387e-03
1.683180353330955093e-11	7.506620796287791775e-01	1.332324642031097284e+01	8.319642258783022104e-02	1.236705104247100978e-01	3.380358753202782063e-02	1.072781322512230906e+00	2.649638249808392021e-01	-1.050009732299060118e-02	-2.232609737092889311e-03
1.762914118095944293e-11	7.761147549487632524e-01	1.334126229197551439e+01	8.590120429403333424e-02	1.246931552739431182e-01	3.422217803476795828e-02	1.070710411692023856e+00	2.628440331160985521e-01	-1.104218877593905225e-02	-2.345670775206908868e-03
1.846424942895546448e-11	8.021696178908347408e-01	1.336083794604069830e+01	8.865490069251304173e-02	1.255314817362152835e-01	3.457544920833503094e-02	1.068217635802156451e+00	2.606576615993155266e-01	-1.159651001949435836e-02	-2.459553738675640359e-03
1.933891750455232057e-11	8.288208953952260760e-01	1.338180891381709081e+01	9.145682122936048264e-02	1.261861454872235944e-01	3.486296138566395003e-02	1.065302450166322190e+00	2.584050691553853585e-01	-1.216251200861102715e-02	-2.573945070195450806e-03
2.025501939230666486e-11	8.560614672823418925e-01	1.340401665644637497e+01	9.430619560473384178e-02	1.266585413633561918e-01	3.508465525411259139e-02	1.061965828668865131e+00	2.560869060868122826e-01	-1.273960844618166749e-02	-2.688524520343589692e-03
2.121451784910627571e-11	8.838828112129112347e-01	1.342730824578800153e+01	9.720217086631600945e-02	1.269508509431999110e-01	3.524085866314160403e-02	1.058210422275451146e+00	2.537041290165252261e-01	-1.332717660261722829e-02	-2.802966912367986334e-03
2.221946860939528424e-11	9.122749547831792150e-01	1.345153605937775332e+01	1.001438092406935071e-01	1.270658496206847621e-01	3.533223617292795271e-02	1.054040127464658472e+00	2.512579649709578700e-01	-1.392455847507208765e-02	-2.916944014114501108e-03
2.327202478960412005e-11	9.412264283662955533e-01	1.347655751347534014e+01	1.031300857947103355e-01	1.270070103079918022e-01	3.535980214226313451e-02	1.049460383397019747e+00	2.487499322512173316e-01	-1.453106186078545296e-02	-3.030126375312412832e-03
2.437444150122221807e-11	9.707242269811517943e-01	1.350223481182360352e+01	1.061598869557379976e-01	1.267784492623959258e-01	3.532489635853784671e-02	1.044478084847722199e+00	2.461818281657816576e-01	-1.514596183833315755e-02	-3.142185263310758210e-03
2.552908068239516723e-11	1.000753775504901633e+00	1.352843473112651829e+01	1.092320090664922194e-01	1.263847562012662407e-01	3.522913845299544683e-02	1.039101200036933959e+00	2.435556960321669240e-01	-1.576850222735389981e-02	-3.252794550994371481e-03
2.673841615839943880e-11	1.031299007172691962e+00	1.355502852374170608e+01	1.123451682248889499e-01	1.258311003533034433e-01	3.507443424240141994e-02	1.033339066077937130e+00	2.408738320359844753e-01	-1.639789947544811541e-02	-3.361632996306266902e-03
2.800503894183625342e-11	1.062342479413467489e+00	1.358189189691188048e+01	1.154980131489156403e-01	1.251230912200820278e-01	3.486293050014020733e-02	1.027202065346122906e+00	2.381387419710906395e-01	-1.703334723975831119e-02	-3.468386522571368941e-03
2.933166278390048099e-11	1.093865227628222581e+00	1.360890478534007642e+01	1.186891108720893040e-01	1.242667761457421360e-01	3.459700085356135629e-02	1.020701684909711249e+00	2.353531493017930465e-01	-1.767401554761374033e-02	-3.572749480090361626e-03
3.072112998861759207e-11	1.125846742318947991e+00	1.363595121868398330e+01	1.219169450189178383e-01	1.232685489179499438e-01	3.427920844778527265e-02	1.013850327917397598e+00	2.325199700062179353e-01	-1.831905256670245466e-02	-3.674426316073672177e-03
3.217641750250735458e-11	1.158264974120044366e+00	1.366291924592753126e+01	1.251799163668962378e-01	1.221351636250650186e-01	3.391229265748527122e-02	1.006661393571335550e+00	2.296423087631564719e-01	-1.896758690142750364e-02	-3.773133245095323506e-03
3.370064329271925032e-11	1.191096343731966156e+00	1.368970084064735282e+01	1.284763437985324552e-01	1.208736381183080077e-01	3.349913372864393030e-02	9.991490681328762946e-01	2.267234325808399620e-01	-1.961872998313905769e-02	-3.868599823831847702e-03
3.529707302730657668e-11	1.224315762695589838e+00	1.371619184431439642e+01	1.318044657576325218e-01	1.194912276154812686e-01	3.304272931161788412e-02	9.913282957837350473e-01	2.237667553044102309e-01	-2.027157864628307063e-02	-3.960570442530143669e-03
3.696912707195032437e-11	1.257896661545526262e+00	1.374229191810734108e+01	1.351624420558213968e-01	1.179953823193137241e-01	3.254616983578932643e-02	9.832147061378924136e-01	2.207758201480673477e-01	-2.092521779624535033e-02	-4.048805699297371684e-03
3.872038781812557004e-11	1.291811026713143962e+00	1.376790450718850423e+01	1.385483561167601130e-01	1.163936958961922924e-01	3.201261265944010254e-02	9.748245142152408560e-01	2.177542800372040399e-01	-2.157872319855333454e-02	-4.133083654482954013e-03
4.055460735840827506e-11	1.326029446240391207e+00	1.379293681948168349e+01	1.419602176175756014e-01	1.146938715389071578e-01	3.144525923936265094e-02	9.661744648826021686e-01	2.147058800618345531e-01	-2.223116436974276536e-02	-4.213200953702191283e-03
4.247571552536894126e-11	1.360521163988791082e+00	1.381729981476066982e+01	1.453959655106514814e-01	1.129036616237036189e-01	3.084732786302567253e-02	9.572817016426977688e-01	2.116344340463509055e-01	-2.288160755405738503e-02	-4.288973808738742385e-03
4.448782831127576069e-11	1.395254069999203761e+00	1.384090810379069403e+01	1.488534647682115131e-01	1.110308585341940740e-01	3.022203897107542808e-02	9.481637804780778112e-01	2.085438182074564051e-01	-2.352911737732366754e-02	-4.360238663998624101e-03
4.659525668664686662e-11	1.430194480838230309e+00	1.386367948536377348e+01	1.523304845093891580e-01	1.090832353903059271e-01	2.957259180227852710e-02	9.388385621040542528e-01	2.054379669325032687e-01	-2.417275441321102905e-02	-4.426852263843598229e-03
4.880251583654433574e-11	1.465307101498489972e+00	1.388553463611062178e+01	1.558246942181073791e-01	1.070685111685223817e-01	2.890214573483798621e-02	9.293241450306872764e-01	2.023208591473926177e-01	-2.481157623467304674e-02	-4.488692064427450210e-03
5.111433483440165318e-11	1.500555126105997505e+00	1.390639704112430586e+01	1.593336720269702689e-01	1.049943399456752247e-01	2.821380842067825606e-02	9.196388517549449748e-01	1.991965032552014681e-01	-2.544464110018078429e-02	-4.545656813749453587e-03
5.353566677410718816e-11	1.535900354681751345e+00	1.392619300063571508e+01	1.628549134311031432e-01	1.028682395360493856e-01	2.751060893479673891e-02	9.098010381484058495e-01	1.960689040481820300e-01	-2.607101182905315756e-02	-4.597666971509050543e-03
5.607169938205469661e-11	1.571303322782368506e+00	1.394485167533558112e+01	1.663858404168367389e-01	1.006975878157850279e-01	2.679548938588036111e-02	8.998290926108649668e-01	1.929420496578653221e-01	-2.668975977991676005e-02	-4.644664948637241414e-03
5.872786613189488850e-11	1.606723441482246661e+00	1.396230515333613376e+01	1.699238108882130671e-01	9.848956302575788413e-02	2.607128287506238137e-02	8.897412689232484517e-01	1.898198816619242890e-01	-2.729996892365908756e-02	-4.686615181264694972e-03
6.150985788580503926e-11	1.642119144807749009e+00	1.397848855285886849e+01	1.734661278911714677e-01	9.625120492703796715e-02	2.534072311728501753e-02	8.795558743173544913e-01	1.867063026272907933e-01	-2.790073964607497556e-02	-4.723503951083025260e-03
6.442363508721370414e-11	1.677448052420472457e+00	1.399334011244946652e+01	1.770100500312151437e-01	9.398924004846331837e-02	2.460639591219937819e-02	8.692907503614399900e-01	1.836051118070541888e-01	-2.849119306707343161e-02	-4.755339158313399636e-03
6.747544053110686101e-11	1.712667130618393374e+00	1.400680130574142801e+01	1.805528008652824146e-01	9.171020154497243337e-02	2.387076556321034160e-02	8.589636293372716613e-01	1.805200315591259930e-01	-2.907047464360483155e-02	-4.782149766063972969e-03
7.067181273927477085e-11	1.747732904156434897e+00	1.401881698632047879e+01	1.840915827232217084e-01	8.942034286958086553e-02	2.313614998915932558e-02	8.485918681525770335e-01	1.774546682062882186e-01	-2.963775869581395869e-02	-4.803985209347863029e-03
7.401959996915652408e-11	1.782602023840428762e+00	1.402933558091343080e+01	1.876236267734957275e-01	8.712552613353105602e-02	2.240469422534532157e-02	8.381920537733242860e-01	1.744124468828892327e-01	-3.019225819509117198e-02	-4.820914717484292393e-03
7.752597488629464062e-11	1.817231334360468242e+00	1.403830918632374214e+01	1.911461911168507166e-01	8.483160549140988937e-02	2.167844523265601009e-02	8.277812058051148281e-01	1.713967098044451298e-01	-3.073322582333810546e-02	-4.833026063667964813e-03
8.119844993184008328e-11	1.851577784726685660e+00	1.404569354755729549e+01	1.946565437164201606e-01	8.254367424452707658e-02	2.095920632134821299e-02	8.173744242016002248e-01	1.684105341393511424e-01	-3.125995296723500100e-02	-4.840424319653378708e-03
8.504489341802668113e-11	1.885598590485554560e+00	1.405144818843785437e+01	1.981519696134462771e-01	8.026680809312095044e-02	2.024868402752395130e-02	8.069872070470233139e-01	1.654569172599801852e-01	-3.177177209909943373e-02	-4.843230611990749328e-03
8.907354638610458163e-11	1.919251407970477441e+00	1.405553649417679019e+01	2.016297797895867383e-01	7.800569197346780836e-02	1.954841633030333231e-02	7.966342606356138223e-01	1.625386746134665772e-01	-3.226805951668570288e-02	-4.841580878001958306e-03
9.329304026284695888e-11	1.952494503764241607e+00	1.405792579519008179e+01	2.050873193184422072e-01	7.576468261533567117e-02	1.885978737927860444e-02	7.863296736528705422e-01	1.596584507036003797e-01	-3.274823763763719947e-02	-4.835624525676126932e-03
9.771241535346501225e-11	1.985286919819369889e+00	1.405858743435314828e+01	2.085219751680554845e-01	7.354781116630558502e-02	1.818403132302745528e-02	7.760869016929269337e-01	1.568187158808205806e-01	-3.321177694283106857e-02	-4.825523022342145460e-03
1.023411402105452712e-10	2.017588636693680826e+00	1.405749682904468223e+01	2.119311838215503230e-01	7.135879902591556190e-02	1.752223927694029904e-02	7.659187945489902560e-01	1.540217676405953584e-01	-3.365819769771809244e-02	-4.811448460984898111e-03
1.071891319205126445e-10	2.049360731136335101e+00	1.405463351277504813e+01	2.153124386134893653e-01	6.920103053330065035e-02	1.687535731846549064e-02	7.558374771420284244e-01	1.512697189885607585e-01	-3.408707140508285965e-02	-4.793582113769034349e-03
1.122667773510811312e-10	2.080565528325539759e+00	1.404998117533279256e+01	2.186632966038353221e-01	6.707758573211407283e-02	1.624419852153535793e-02	7.458544294390185847e-01	1.485645071468961187e-01	-3.449802189119535734e-02	-4.772112966250871210e-03
1.175849554052158201e-10	2.111166859926163930e+00	1.404352765206039599e+01	2.219813975099456660e-01	6.499120856185432171e-02	1.562944000112095194e-02	7.359803358508593130e-01	1.459078739697697857e-01	-3.489072752111507109e-02	-4.747236165767935133e-03
1.231550603292826197e-10	2.141130650811709835e+00	1.403526456824793733e+01	2.252645230416839561e-01	6.294431785772755528e-02	1.503162704925167965e-02	7.262250446450412289e-01	1.433013359870615455e-01	-3.526492671762106873e-02	-4.719150940250473047e-03
1.289890261253308184e-10	2.170424296928896712e+00	1.402518706977270924e+01	2.285105285785477836e-01	6.093903375833174818e-02	1.445118911610886181e-02	7.165976827775073499e-01	1.407462390830440113e-01	-3.562040738281514740e-02	-4.688059442934810854e-03
1.350993521198024986e-10	2.199016443652640262e+00	1.401329361650547867e+01	2.317173164282955167e-01	5.897719673234652626e-02	1.388845062162617078e-02	7.071067113102520452e-01	1.382437828956806225e-01	-3.595700239297072026e-02	-4.654165650966674700e-03
1.414991297434578731e-10	2.226877129121374033e+00	1.399958597487453815e+01	2.348828446377627388e-01	5.706039482017077891e-02	1.334364028787486320e-02	6.977599838866492821e-01	1.357950250345932586e-01	-3.627458996901027077e-02	-4.617674223116446756e-03
1.482020705798860072e-10	2.253977904765950058e+00	1.398406910299522110e+01	2.380051355235985044e-01	5.518996477961888442e-02	1.281689628600393184e-02	6.885647133635263151e-01	1.334008793564595008e-01	-3.657309367109189829e-02	-4.578789349596257968e-03
1.552225357427047968e-10	2.280291972506535370e+00	1.396675122216111831e+01	2.410822832284962025e-01	5.336700702554152131e-02	1.230827350914259245e-02	6.795274884256790049e-01	1.310621185273437850e-01	-3.685248243323920037e-02	-4.537713749190181757e-03
1.625755666443793407e-10	2.305794289824179888e+00	1.394764374783289362e+01	2.441124605958721328e-01	5.159238528895293552e-02	1.181774820428575096e-02	6.706542345354490342e-01	1.287793729586327041e-01	-3.711277008123933796e-02	-4.494647663294429850e-03
1.702769172225897821e-10	2.330461676070045396e+00	1.392676127960057819e+01	2.470939256041307097e-01	4.986675196519911590e-02	1.134522768576856980e-02	6.619502703929995846e-01	1.265531389336741752e-01	-3.735401480693672366e-02	-4.449787954509843747e-03
1.783430876931905687e-10	2.354272902387492650e+00	1.390412158980223367e+01	2.500250265073149514e-01	4.819055934287973936e-02	1.089055553733616136e-02	6.534203150460309306e-01	1.243837803858462016e-01	-3.757631824067832194e-02	-4.403327276618167890e-03
1.867913599020784805e-10	2.377208774058293450e+00	1.387974561339631308e+01	2.529042065855670596e-01	4.656406474379121141e-02	1.045351701107799861e-02	6.450684723497480677e-01	1.222715315010058784e-01	-3.777982443152434755e-02	-4.355453338068355877e-03
1.956398343517064725e-10	2.399252301837379697e+00	1.385365719856736533e+01	2.557300232527938144e-01	4.498734679222099464e-02	1.003384673161416760e-02	6.368982479991551759e-01	1.202164972991352221e-01	-3.796471928303771226e-02	-4.306347928867377411e-03
2.049074689815846066e-10	2.420388721385239528e+00	1.382588253037491377e+01	2.585011579902151135e-01	4.346029564434914644e-02	9.631228171948358688e-03	6.289124727160172457e-01	1.182186443618362531e-01	-3.813122717654222199e-02	-4.256185931357148525e-03
2.146141197858401440e-10	2.440604728864717909e+00	1.379644997968139286e+01	2.612163355741436432e-01	4.198268232004546963e-02	9.245315520443293106e-03	6.211136016368301593e-01	1.162778737358275555e-01	-3.827960074100546228e-02	-4.205135862811856286e-03
2.247805833548729991e-10	2.459888408395178416e+00	1.376538996490248756e+01	2.638743167724595939e-01	4.055415753875204338e-02	8.875735282032190185e-03	6.135036909057214327e-01	1.143940237926426712e-01	-3.841011818417057466e-02	-4.153359647799421440e-03
2.354286414322420067e-10	2.478229313614516816e+00	1.373273474904749136e+01	2.664739091858347453e-01	3.917425821073165088e-02	8.522090554804608031e-03	6.060843912576256987e-01	1.125668700454732357e-01	-3.852308238772951532e-02	-4.101012195245563006e-03
2.465811075822603842e-10	2.495618572942793101e+00	1.369851846003331985e+01	2.690139768958103583e-01	3.784241820771416798e-02	8.183963675740389687e-03	5.988569609045426567e-01	1.107961230187217982e-01	-3.861882030204433908e-02	-4.048241131284434878e-03
2.582618760682674929e-10	2.512048956934807453e+00	1.366277689895963832e+01	2.714934506152842930e-01	3.655799873202805056e-02	7.860925097882451654e-03	5.918223612163174829e-01	1.090814386567698774e-01	-3.869768209197473746e-02	-3.995186486947206912e-03
2.704959730463131364e-10	2.527514976834601246e+00	1.362554773667177521e+01	2.739113340614373060e-01	3.532023476258706191e-02	7.552522535438083509e-03	5.849810105498267632e-01	1.074223922369954426e-01	-3.876004035398261660e-02	-3.941980627373854566e-03
2.833096101839318258e-10	2.542012921805923309e+00	1.358687032542664674e+01	2.762667116744720874e-01	3.412831789290673296e-02	7.258300801307378605e-03	5.783331000112679199e-01	1.058185122839055275e-01	-3.880628891767978067e-02	-3.888748062856365543e-03
2.967302408188872501e-10	2.555540926555378345e+00	1.354678584013008447e+01	2.785587535028673511e-01	3.298135675857855748e-02	6.977793829612371351e-03	5.718784085541210871e-01	1.042692615954136232e-01	-3.883684185032530017e-02	-3.835605464895306023e-03
3.107866187782014063e-10	2.568099002186624791e+00	1.350533721673448362e+01	2.807867205343249628e-01	3.187840697324326178e-02	6.710531613724523940e-03	5.656164070293949742e-01	1.027740478569377502e-01	-3.885213210690120073e-02	-3.782661637835547062e-03
3.255088599835056406e-10	2.579689466478122917e+00	1.346256771798815421e+01	2.829500431595554089e-01	3.081843367032573860e-02	6.456032997562598068e-03	5.595460262203815205e-01	1.013321748735966504e-01	-3.885261022571648987e-02	-3.730015777525969543e-03
3.409285069746807543e-10	2.590317447530288586e+00	1.341851926379179005e+01	2.850484159111385529e-01	2.980029376091698073e-02	6.213800486092166744e-03	5.536654917304734136e-01	9.994279140955487917e-02	-3.883874248903301796e-02	-3.677755422748528891e-03
3.570785964900469852e-10	2.599990298970177527e+00	1.337323483215830144e+01	2.870816883912239437e-01	2.882278767911982537e-02	5.983334754983639717e-03	5.479726022356523618e-01	9.860496728328410621e-02	-3.881100959397968536e-02	-3.625959455536906587e-03
3.739937302478801677e-10	2.608717486261199259e+00	1.332675913918918198e+01	2.890498416085422462e-01	2.788469930056574828e-02	5.764142897375109861e-03	5.424649070895843916e-01	9.731772101489247206e-02	-3.876990544593886256e-02	-3.574699011424421931e-03
3.917101490809260641e-10	2.616510484898264988e+00	1.327913869237481670e+01	2.909529785728783291e-01	2.698480235991827098e-02	5.555740790592438721e-03	5.371397328064055898e-01	9.608002943919147221e-02	-3.871593517892223113e-02	-3.524037918729102607e-03
4.102658105827190344e-10	2.623382681433639618e+00	1.323042187226940669e+01	2.927913146276249212e-01	2.612186310188184535e-02	5.357653574082627337e-03	5.319941942381757327e-01	9.489083334556822069e-02	-3.864961324270795723e-02	-3.474033171897423014e-03
4.297004704320835313e-10	2.629349241175362728e+00	1.318065883445097342e+01	2.945651680594889577e-01	2.529464838695063070e-02	5.169417954184250645e-03	5.270252311052755489e-01	9.374904703869810230e-02	-3.857146116006211767e-02	-3.424735337171186302e-03
4.500557675700488183e-10	2.634426990785626810e+00	1.312990148473230256e+01	2.962749508485139072e-01	2.450193746348058865e-02	4.990584673890267539e-03	5.222296631188945160e-01	9.265356841591264325e-02	-3.848200555832999997e-02	-3.376188998551772104e-03
4.713753134116729086e-10	2.638634269703971746e+00	1.307820332520507201e+01	2.979211588656765497e-01	2.374252186300677622e-02	4.820718104364761503e-03	5.176041934613625495e-01	9.160328284454342940e-02	-3.838177577391431450e-02	-3.328433154511564133e-03
4.937047852839003559e-10	2.641990819192125084e+00	1.302561937334522923e+01	2.995043647293511579e-01	2.301521432740596951e-02	4.659398289306277210e-03	5.131454525841263603e-01	9.059707153924589917e-02	-3.827130228241680532e-02	-3.281501625007855402e-03
5.170920242896755486e-10	2.644517654940222950e+00	1.297220593163560665e+01	3.010252123032267635e-01	2.231885444900220603e-02	4.506221879335990665e-03	5.088500275463837541e-01	8.963381688916935430e-02	-3.815111497141631530e-02	-3.235423389751751564e-03
5.415871378079465267e-10	2.646236880604885933e+00	1.291801935634791043e+01	3.024844280322504519e-01	2.165226369497042641e-02	4.360792002852025527e-03	5.047142435445771680e-01	8.871237491306391276e-02	-3.802173732254303384e-02	-3.190222104797140520e-03
5.672426068491988835e-10	2.647171183513907344e+00	1.286311589368923336e+01	3.038827717724735256e-01	2.101433606989157668e-02	4.222738657027384074e-03	5.007346202991179718e-01	8.783164354266237428e-02	-3.788368342018794133e-02	-3.145917311185881561e-03
5.941133984965039838e-10	2.647343389447607720e+00	1.280755255805512682e+01	3.052209684311366078e-01	2.040398445521604195e-02	4.091706010991952649e-03	4.969076733124761502e-01	8.699056056359773248e-02	-3.773745594238531870e-02	-3.102525948657587455e-03
6.222570836730231313e-10	2.646776355474315778e+00	1.275138669964885629e+01	3.064997078736746983e-01	1.982017570218377184e-02	3.967360311762607554e-03	4.932300825074555362e-01	8.618812304761010179e-02	-3.758354504022411169e-02	-3.060062535985633159e-03
6.517339604882420571e-10	2.645492919045102642e+00	1.269467562008134998e+01	3.077196504218756012e-01	1.926191724870901165e-02	3.849385809814712556e-03	4.896986303050667177e-01	8.542337621883717980e-02	-3.742242746188646774e-02	-3.018539188569776752e-03
6.826071834272379248e-10	2.643515879922605727e+00	1.263747638518238503e+01	3.088814316671459337e-01	1.872825198417455567e-02	3.737483173251406922e-03	4.863101779493680388e-01	8.469540838772443569e-02	-3.725456612069433238e-02	-2.977965714467780897e-03
7.149428986597561750e-10	2.640867992093672623e+00	1.257984563370184183e+01	3.099856687064430072e-01	1.821826839775711818e-02	3.631371078515739041e-03	4.830617142124825070e-01	8.400335318365730053e-02	-3.708041004760499748e-02	-2.938349694473456428e-03
7.488103857590030225e-10	2.637571965715047817e+00	1.252183951180896848e+01	3.110329646183522811e-01	1.773107598835126780e-02	3.530780051795569859e-03	4.799502378018584148e-01	8.334637326924970724e-02	-3.690039441283786414e-02	-2.899696614307100632e-03
7.842822061337681836e-10	2.633650466049633376e+00	1.246351351929972218e+01	3.120239148557065190e-01	1.726582380614467838e-02	3.435456359667886980e-03	4.769728459360357831e-01	8.272366815108632421e-02	-3.671494078642154740e-02	-2.862009939974264217e-03
8.214343584919422200e-10	2.629126119499162861e+00	1.240492252716604149e+01	3.129591103164214294e-01	1.682169030388938266e-02	3.345158774616463840e-03	4.741266870063819971e-01	8.213446561218203101e-02	-3.652445733213087464e-02	-2.825291282262232858e-03
8.603464416684491388e-10	2.624021503804879973e+00	1.234612058820514058e+01	3.138391437618623381e-01	1.639788269027451714e-02	3.259658279757610220e-03	4.714089564036008650e-01	8.157801910376796806e-02	-3.632933876834240627e-02	-2.789540432832903274e-03
9.011018251665036851e-10	2.618359031183643992e+00	1.228715962657043370e+01	3.146646322426047693e-01	1.599362811949107260e-02	3.178735729724111673e-03	4.688168403183271549e-01	8.105359376342373412e-02	-3.612996234332756934e-02	-2.754754725933994224e-03
9.437878277775391497e-10	2.612160983620736676e+00	1.222808976725331576e+01	3.154362166335489270e-01	1.560817311251987659e-02	3.102181240475983606e-03	4.663475158370761764e-01	8.056046556576189344e-02	-3.592668928325916389e-02	-2.720929376808360958e-03
9.884959046625586031e-10	2.605449619071709577e+00	1.216896029347810249e+01	3.161545531388093577e-01	1.524079979110070163e-02	3.029797300587897327e-03	4.639982407087883676e-01	8.009793316310870326e-02	-3.571986873027999804e-02	-2.688058168855352991e-03
1.035321843295661502e-09	2.598247183599904364e+00	1.210981979479375603e+01	3.168203137652891299e-01	1.489080399019802881e-02	2.961393313627373736e-03	4.617662480122444180e-01	7.966530414567424279e-02	-3.550983843271715568e-02	-2.656133654221497480e-03
1.084365968689608688e-09	2.590575904907803650e+00	1.205071617332469458e+01	3.174341881128646126e-01	1.455751755904001465e-02	2.896790538301350759e-03	4.596488590969605714e-01	7.926190764084793672e-02	-3.529692535186033236e-02	-2.625147286546934168e-03
1.135733358343102889e-09	2.582457980038546097e+00	1.199169671007740057e+01	3.179968828051465968e-01	1.424029380347784091e-02	2.835818271040739698e-03	4.576434151903045477e-01	7.888708510891211112e-02	-3.508144606518370789e-02	-2.595089589254997737e-03
1.189534067370320724e-09	2.573915553651392241e+00	1.193280805462505434e+01	3.185091216637601641e-01	1.393851867005276544e-02	2.778316157373146925e-03	4.557473367418957144e-01	7.854019676199355815e-02	-3.486370706546968595e-02	-2.565950272766807407e-03
1.245883364295008068e-09	2.564970697962243751e+00	1.187409621506807689e+01	3.189716459913248259e-01	1.365159527622142495e-02	2.724130756672737443e-03	4.539580490818450609e-01	7.822061284075751408e-02	-3.464400518784980371e-02	-2.537718355888734720e-03
1.304901978014401580e-09	2.555645386818570231e+00	1.181560656079039440e+01	3.193852136853005952e-01	1.337895741985954852e-02	2.673117762518758232e-03	4.522730542348840643e-01	7.792772014329453489e-02	-3.442262778825012914e-02	-2.510382279082548976e-03
1.366716356462010101e-09	2.545961471290589806e+00	1.175738379765419239e+01	3.197505991620697152e-01	1.312005420294310234e-02	2.625138932568081736e-03	4.506898567661578037e-01	7.766091425009634397e-02	-3.419985306749639270e-02	-2.483930006060916171e-03
1.431458937523481393e-09	2.535940653153095248e+00	1.169947192947860160e+01	3.200685932880065754e-01	1.287437809712031235e-02	2.580067932309249891e-03	4.492061088113813994e-01	7.741961535547030315e-02	-3.397595030515904863e-02	-2.458349100809986091e-03
1.499268432786047049e-09	2.525604458810319919e+00	1.164191425715853434e+01	3.203400022278535819e-01	1.264141212027072338e-02	2.537777988378024565e-03	4.478193467764339797e-01	7.720323609858951996e-02	-3.375118003293502145e-02	-2.433626826833982289e-03
1.570290124729377524e-09	2.514974213582831020e+00	1.158475331320564017e+01	3.205656479822995841e-01	1.242069642634014738e-02	2.498157379504783050e-03	4.465273309395016987e-01	7.701122280597492986e-02	-3.352579433803881681e-02	-2.409750201336943645e-03
1.644676177994662829e-09	2.504071017301165547e+00	1.152803084924297572e+01	3.207463675313420581e-01	1.221176342545204387e-02	2.461093867050587278e-03	4.453277201508265004e-01	7.684301446032616723e-02	-3.330003700705845560e-02	-2.386706067925568105e-03
1.722585965398783835e-09	2.492915721006070395e+00	1.147178779791323144e+01	3.208830126963133633e-01	1.201417828320104457e-02	2.426484394661360903e-03	4.442182798685583300e-01	7.669806875227636045e-02	-3.307414384441634964e-02	-2.364481163966134815e-03
1.804186409392068039e-09	2.481528898497842306e+00	1.141606421330912191e+01	3.209764498214606188e-01	1.182752460550133902e-02	2.394231285879171601e-03	4.431968123583926999e-01	7.657585213860319817e-02	-3.284834266539274350e-02	-2.343062142677208512e-03
1.889652339691211477e-09	2.469930829948597584e+00	1.136089924504269000e+01	3.210275599468517260e-01	1.165141014654641309e-02	2.364243567830486437e-03	4.422611879611655361e-01	7.647584337257906650e-02	-3.262285371352759838e-02	-2.322435637222842932e-03
1.979166867853557524e-09	2.458141477166909450e+00	1.130633110765082527e+01	3.210372379070610682e-01	1.148544919773874205e-02	2.336432708584136944e-03	4.414092584361304361e-01	7.639752243075037530e-02	-3.239788970735644341e-02	-2.302588300216518689e-03
2.072921779595369695e-09	2.446180465056081665e+00	1.125239703364883326e+01	3.210063925596297052e-01	1.132927772060906245e-02	2.310716059766397545e-03	4.406389358673726830e-01	7.634037964339387972e-02	-3.217365606196689876e-02	-2.283506826237311892e-03
2.171117945694509622e-09	2.434067063578540413e+00	1.119913322929011734e+01	3.209359468837682527e-01	1.118255741668012365e-02	2.287018008962713855e-03	4.399482152744194075e-01	7.630391870531524900e-02	-3.195035114033056844e-02	-2.265177986825991745e-03
2.273965752357932151e-09	2.421934405996943429e+00	1.114705936350129889e+01	3.208280250738662076e-01	1.104618749565574633e-02	2.265456649722727769e-03	4.393403927733495751e-01	7.628769909744882727e-02	-3.173022303469639344e-02	-2.247748559186987013e-03
2.381685551976160644e-09	2.412748340990416906e+00	1.110847757192296115e+01	3.207212369203358282e-01	1.094979599202538893e-02	2.250551398570776150e-03	4.389355364224560296e-01	7.628897114444919969e-02	-3.156587938309268759e-02	-2.235162060998549700e-03
2.494508135230316413e-09	2.403520085443716425e+00	1.107052354183970344e+01	3.205898962539802666e-01	1.085927880978771257e-02	2.236904463564743078e-03	4.385807070660552309e-01	7.630318126380367105e-02	-3.140297293016815205e-02	-2.223091558257607198e-03
2.612675225563326382e-09	2.394239023923286247e+00	1.103317491683808171e+01	3.204330006880116710e-01	1.077457551257486427e-02	2.224519382685960934e-03	4.382765652068323359e-01	7.633075738714750758e-02	-3.124135697634197045e-02	-2.211533622696088604e-03
2.736439997074666368e-09	2.384900584226833598e+00	1.099641459596129778e+01	3.202501998170683151e-01	1.069555954342830267e-02	2.213379640163718170e-03	4.380229143674819192e-01	7.637182410804758959e-02	-3.108093766688131004e-02	-2.200479316442355802e-03
2.866067616948244470e-09	2.375503412692580696e+00	1.096022954914961112e+01	3.200414605281963198e-01	1.062208496154010834e-02	2.203461639890020619e-03	4.378192009405501017e-01	7.642636583908833658e-02	-3.092165260709473992e-02	-2.189917728270742315e-03
3.001835813575592210e-09	2.366048260532005010e+00	1.092461008986255067e+01	3.198069431545628172e-01	1.055399791984389449e-02	2.194738367922291055e-03	4.376646693563464030e-01	7.649428402007055205e-02	-3.076346177299642271e-02	-2.179837194621905838e-03
3.144035471591500167e-09	2.356537361956560162e+00	1.088954928027405344e+01	3.195469378245821557e-01	1.049113832296927167e-02	2.187179845778171056e-03	4.375584204761886475e-01	7.657542265875516563e-02	-3.060634207523776906e-02	-2.170225847154282073e-03
3.292971255097148186e-09	2.346974038403146334e+00	1.085504249368102414e+01	3.192618256068155969e-01	1.043335385113601174e-02	2.180757329245317389e-03	4.374995132133773779e-01	7.666959431618473875e-02	-3.045028369779309574e-02	-2.161071917769308553e-03
3.448962260405766611e-09	2.337362424719556575e+00	1.082108707091042810e+01	3.189520527197876598e-01	1.038049535681727191e-02	2.175441690436571811e-03	4.374869616718922161e-01	7.677658559089438339e-02	-3.029528739108864471e-02	-2.152363908414465631e-03
3.612342699709437910e-09	2.327707272049611475e+00	1.078768198349147767e+01	3.186181145108115675e-01	1.033242033641355688e-02	2.171205223504565386e-03	4.375197654553024118e-01	7.689616794116488352e-02	-3.014136266488662633e-02	-2.144090680888088504e-03
3.783462617131932968e-09	2.318013797005024745e+00	1.075482762931855696e+01	3.182605415272700133e-01	1.028898664476122875e-02	2.168019597444895835e-03	4.375968893000793947e-01	7.702809752437543567e-02	-2.998852605330890736e-02	-2.136241519404983961e-03
3.962688638701478467e-09	2.308287567844218291e+00	1.072252559197917421e+01	3.178798914835154754e-01	1.025006571133994966e-02	2.165859381033226252e-03	4.377173361321747835e-01	7.717212747439179676e-02	-2.983680001733397466e-02	-2.128806149223835126e-03
4.150404757850472502e-09	2.298534414087780586e+00	1.069077847701211681e+01	3.174767420016406660e-01	1.021553809655670851e-02	2.164701240115322368e-03	4.378801304728826560e-01	7.732800842009168729e-02	-2.968621190564021614e-02	-2.121774754569439366e-03
4.347013158125017173e-09	2.288760354547915377e+00	1.065958973678895205e+01	3.170516860898354716e-01	1.018527907924880911e-02	2.164519952055297611e-03	4.380842500188919519e-01	7.749547965638249603e-02	-2.953679318116116809e-02	-2.115137965365541852e-03
4.552935074866938773e-09	2.278971540837922305e+00	1.062896357095874755e+01	3.166053274115889216e-01	1.015918102229725062e-02	2.165294360662364456e-03	4.383287416768190115e-01	7.767428647872220981e-02	-2.938857870101338823e-02	-2.108886869259125971e-03
4.768611697714474181e-09	2.269174207069899474e+00	1.059890476073175236e+01	3.161382782933038205e-01	1.013713296524201488e-02	2.167002342867285682e-03	4.386126211444391076e-01	7.786416764500080079e-02	-2.924160610462880894e-02	-2.103012963089888679e-03
4.994505115855140358e-09	2.259374640253252853e+00	1.056941860360767471e+01	3.156511575538601400e-01	1.011904027576234627e-02	2.169625533098484740e-03	4.389349727989358407e-01	7.806486840171325547e-02	-2.909591575882451708e-02	-2.097508204734405309e-03
5.231099308056257792e-09	2.249579137636450454e+00	1.054051081069730067e+01	3.151445875731037072e-01	1.010480391231199926e-02	2.173144256808143878e-03	4.392948488618778069e-01	7.827612833198069331e-02	-2.895154954204146383e-02	-2.092364890719073355e-03
5.478901179593956120e-09	2.239793988903609812e+00	1.051218739819513104e+01	3.146191949514146047e-01	1.009433564461512285e-02	2.177541360547915594e-03	4.396913446183309815e-01	7.849769090382063830e-02	-2.880855126086707962e-02	-2.087575722703541043e-03
5.738441648302404521e-09	2.230025456981118648e+00	1.048445468622808363e+01	3.140756077351450903e-01	1.008755190658795937e-02	2.182800704016892024e-03	4.401235701333596206e-01	7.872930051675729179e-02	-2.866696603796489370e-02	-2.083133766397372681e-03
6.010276782070388176e-09	2.220279755308950609e+00	1.045731914955868191e+01	3.135144565380256765e-01	1.008436941039068252e-02	2.188906082868874968e-03	4.405906277147918493e-01	7.897069917161453345e-02	-2.852684018199357074e-02	-2.079032422524262728e-03
6.294988990221888141e-09	2.210563035219091255e+00	1.043078742696182815e+01	3.129363722993627750e-01	1.008471427531956038e-02	2.195843411951675303e-03	4.410916588634735680e-01	7.922163283908359444e-02	-2.838822067665626794e-02	-2.075265397493452398e-03
6.593188271333541710e-09	2.200881375290243636e+00	1.040486622441652642e+01	3.123419874737071722e-01	1.008851449658580701e-02	2.203598835255981322e-03	4.416258060527633589e-01	7.948184601064481325e-02	-2.825115531614623421e-02	-2.071826701138042726e-03
6.905513520162316861e-09	2.191240774497484889e+00	1.037956229891973159e+01	3.117319353178770180e-01	1.009570028220548032e-02	2.212159089539632653e-03	4.421922150817977903e-01	7.975108280674304828e-02	-2.811569245013436150e-02	-2.068710624551320897e-03
7.232633896483518810e-09	2.181647138222584825e+00	1.035488239833796520e+01	3.111068494566652798e-01	1.010620881932677677e-02	2.221512366694796195e-03	4.427900587124269371e-01	8.002908920735810061e-02	-2.798188065685405443e-02	-2.065911710181144497e-03
7.575250258771920716e-09	2.172106280705297099e+00	1.033083325275839215e+01	3.104673642145461265e-01	1.011997628452229910e-02	2.231646556093369160e-03	4.434184973292140119e-01	8.031560836435504280e-02	-2.784976890901217153e-02	-2.063424759275658740e-03
7.934096665797492339e-09	2.162623909564074687e+00	1.030742147396774477e+01	3.098141151325163878e-01	1.013694556737635907e-02	2.242550860379584256e-03	4.440767160989448903e-01	8.061038434759756899e-02	-2.771940611988671366e-02	-2.061244768595247179e-03
8.309941949353386453e-09	2.153205631124436525e+00	1.028465360470421608e+01	3.091477379288360972e-01	1.015705862395069846e-02	2.254214371461510467e-03	4.447638886809370251e-01	8.091315888642600096e-02	-2.759084127916586540e-02	-2.059366964054554477e-03
8.703591361485183753e-09	2.143856942214033001e+00	1.026253602020219091e+01	3.084688699467493800e-01	1.018026267233433646e-02	2.266627136194867675e-03	4.454792059631983991e-01	8.122367333192574701e-02	-2.746412326286438652e-02	-2.057786745445855901e-03
9.115888299750837812e-09	2.134583231158309502e+00	1.024107495732561723e+01	3.077781490631321670e-01	1.020650601061709115e-02	2.279779329872682128e-03	4.462218567222992482e-01	8.154166693950931633e-02	-2.733930072416269896e-02	-2.056499693951293391e-03
9.547716114208065503e-09	2.125389771358563884e+00	1.022027643962873711e+01	3.070762146385894731e-01	1.023574011011868859e-02	2.293661768953755929e-03	4.469910368277844603e-01	8.186687764456548888e-02	-2.721642201212350759e-02	-2.055501542040020883e-03
1.000000000000000021e-08	2.116281723855722774e+00	1.020014628048608429e+01	3.063637073927409915e-01	1.026791614090741787e-02	2.308264991354374868e-03	4.477859326594684219e-01	8.219903975612798119e-02	-2.709553511160621778e-02	-2.054788164352746357e-03
