# Pressure Mass Radius Compactness k2 k3 h2 h3 j2 j3
9.999999999999999799e-13	9.895203015099843236e-02	5.992143673133812598e+01	2.438443661705737286e-03	2.049003185633493311e-04	1.541945297359708766e-04	9.931235495276449221e-01	3.301301383795592348e-01	-1.168336227120699565e-06	-1.446936345525366985e-07
1.047370897959448749e-12	9.989066219584857853e-02	5.585322902329665595e+01	2.640868894745057767e-03	2.195268498185345247e-04	3.086777020290876937e-05	9.925477764985410900e-01	3.298623389622262758e-01	-1.388228743082288275e-06	-1.592295709851141993e-07
1.096985797892381920e-12	1.008534424457530332e-01	5.230267625719649516e+01	2.847325056790752599e-03	2.380775457127246063e-04	1.118249655723101013e-04	9.919675061034044505e-01	3.295896289263879897e-01	-1.653426251257434868e-06	-1.758390086148751326e-07
1.148951000187311009e-12	1.018411628690590182e-01	4.917031795827760732e+01	3.058373824278457203e-03	2.610093958374193009e-04	6.083143508151447057e-05	9.913873783122624239e-01	3.293112663508427906e-01	-1.972324873056720360e-06	-1.949532639113967441e-07
1.203377840777590522e-12	1.028564302895763477e-01	4.637847328176318484e+01	3.274803415142401967e-03	2.889197349434046401e-04	7.708404562571287975e-05	9.908004890097968920e-01	3.290262362554733366e-01	-2.355058529359709406e-06	-2.171440183644037792e-07
1.260382929679727463e-12	1.039037739262572146e-01	4.386565400965891826e+01	3.497654828541957046e-03	3.225541795051361941e-04	5.954652500919693965e-05	9.902062993377733768e-01	3.287332058947129432e-01	-2.814068755642395858e-06	-2.431613769474237456e-07
1.320088400831416649e-12	1.049898276556644333e-01	4.158260234228637131e+01	3.728256577901922168e-03	3.628415775746914474e-04	5.133757147532138330e-05	9.896019533667390622e-01	3.284304798625786170e-01	-3.364935386539114447e-06	-2.739922516222053030e-07
1.382622173764653478e-12	1.061236003947795686e-01	3.948944160931792169e+01	3.968270037843427481e-03	4.109802230343576101e-04	5.652694311166831767e-05	9.889869198061232991e-01	3.281159534523526156e-01	-4.027519032988615759e-06	-3.109500435995144209e-07
1.448118227674535917e-12	1.073168471119524403e-01	3.755360679152880010e+01	4.219747701895480360e-03	4.685092237017449905e-04	6.591886933870223645e-05	9.883572802689561954e-01	3.277870371408346806e-01	-4.827547223338807923e-06	-3.558025721508808761e-07
1.516716888470924089e-12	1.085845702280757163e-01	3.574833390879723538e+01	4.485207564908985645e-03	5.374523157796236988e-04	6.685160143123876949e-05	9.877091908691134625e-01	3.274405791461122983e-01	-5.798867617993908701e-06	-4.109632844338002708e-07
1.588565129428052692e-12	1.099452691360869316e-01	3.405197192026181341e+01	4.767651640539025820e-03	6.204358231474093027e-04	7.832811918452177555e-05	9.870403451382822047e-01	3.270728431765084765e-01	-6.986270723547090241e-06	-4.797528071971247460e-07
1.663816886076127415e-12	1.114197681903036780e-01	3.244858892925792304e+01	5.070335181735791813e-03	7.208037753469952701e-04	8.190567383810252674e-05	9.863478851532827552e-01	3.266798398433876094e-01	-8.447935364098459109e-06	-5.666962305462366136e-07
1.742633386009647278e-12	1.130303932588462013e-01	3.092734481939139002e+01	5.396632409316535692e-03	8.427199739658577460e-04	9.029852807791323411e-05	9.856299014496022748e-01	3.262575169676844022e-01	-1.025848896412650469e-05	-6.779245241922586097e-07
1.825183494319046040e-12	1.148007404165577172e-01	2.948130628230337180e+01	5.750004723116846315e-03	9.913163085624396038e-04	1.021190799643065142e-04	9.848874124944654307e-01	3.258018278591859884e-01	-1.251309862864844967e-05	-8.217354787230267475e-07
1.911644075385703708e-12	1.167554234083456044e-01	2.810647941132813799e+01	6.133958712388141651e-03	1.172856905371420962e-03	1.167162374834961644e-04	9.841230273575033438e-01	3.253088210352003129e-01	-1.533228332669239058e-05	-1.009325850035158835e-06
2.002200371815584363e-12	1.189197268383303113e-01	2.680100935955405816e+01	6.551986404283522553e-03	1.394869174047200233e-03	1.351862078684651738e-04	9.833419588510731169e-01	3.247747466412960193e-01	-1.886734550762199131e-05	-1.255720323209368576e-06
2.097046401323230665e-12	1.213191221869316938e-01	2.556450557953242253e+01	7.007483703978315860e-03	1.666253596592000329e-03	1.590757437740884382e-04	9.825531053711653584e-01	3.241962015931945662e-01	-2.330615285785540855e-05	-1.580913120724559105e-06
2.196385372416542332e-12	1.239786211111850306e-01	2.439746618247325571e+01	7.503645568845253647e-03	1.997375513973278453e-03	1.908331166786756804e-04	9.817689853223797725e-01	3.235703185049320640e-01	-2.887881427068206381e-05	-2.011207134504164334e-06
2.300430119772921506e-12	1.269219318480073189e-01	2.330079475351034191e+01	8.043335319299599329e-03	2.399971064671098213e-03	2.305185833520481220e-04	9.810060069768679059e-01	3.228949554820960688e-01	-3.586246359376460359e-05	-2.580698004565317922e-06
2.409403560239526876e-12	1.301703922448053385e-01	2.227540627782974880e+01	8.628927393924056347e-03	2.886964062096312143e-03	2.819843133862200667e-04	9.802849142579925790e-01	3.221689300551030533e-01	-4.458401430621112844e-05	-3.332754262302477143e-06
2.523539170434765862e-12	1.337416560939433674e-01	2.132192183745198832e+01	9.262123867051873585e-03	3.472079081533836417e-03	3.471110780962990039e-04	9.796302012553375071e-01	3.213922620264098584e-01	-5.541936628992783821e-05	-4.321275590817375144e-06
2.643081486974102692e-12	1.376479440260784115e-01	2.044048644556905003e+01	9.943716571568769758e-03	4.169115443483658798e-03	4.295494621141433280e-04	9.790695142023378983e-01	3.205664367402474291e-01	-6.878647953902432245e-05	-5.611292103408793142e-06
2.768286630392061017e-12	1.418939390886947982e-01	1.963068484423087767e+01	1.067329785905900795e-02	4.990908139844601674e-03	5.318770790114844653e-04	9.786324652911778665e-01	3.196946833276055333e-01	-8.512963849807909282e-05	-7.278349682142827397e-06
2.899422853882880921e-12	1.464805022003115020e-01	1.889066597580723084e+01	1.144992880786332989e-02	5.949225889349185267e-03	6.579080796230051464e-04	9.783483453179855349e-01	3.187810702312147138e-01	-1.049193730377964972e-04	-9.408979911868059387e-06
3.036771118035460378e-12	1.514072467554883339e-01	1.821719978609651136e+01	1.227256316352545729e-02	7.054721414618575492e-03	8.110846574037343165e-04	9.782447534721464555e-01	3.178299299646783482e-01	-1.286527434068154504e-04	-1.210105928274365465e-05
3.180625692794118977e-12	1.566731192393771288e-01	1.760618098511923080e+01	1.314012701066962809e-02	8.316596896234601174e-03	9.948618501305979585e-04	9.783467741478903967e-01	3.168456861095598209e-01	-1.568482581117474294e-04	-1.546344795565037438e-05
3.331294787934670055e-12	1.622769420126224937e-01	1.705302671379100588e+01	1.405159350804053089e-02	9.742395084578230752e-03	1.212634302558431845e-03	9.786762096022910695e-01	3.158327121894187739e-01	-1.900413235501060649e-04	-1.961542417152155373e-05
3.489101213406766494e-12	1.682179427855983178e-01	1.655297475944884766e+01	1.500605381841460181e-02	1.133784927340477852e-02	1.467660746351692877e-03	9.792511722836987342e-01	3.147951818320851580e-01	-2.287808963798259037e-04	-2.468607741631605434e-05
3.654383070957261569e-12	1.744962749503202182e-01	1.610129706621132328e+01	1.600278360518619936e-02	1.310687837905532768e-02	1.763029141650005035e-03	9.800857311140962480e-01	3.137369572371658255e-01	-2.736277767292258876e-04	-3.081377560122285222e-05
3.827494478516314936e-12	1.811135352739549065e-01	1.569344484695381503e+01	1.704130531908217699e-02	1.505163040718133192e-02	2.101653353079835536e-03	9.811899267183110673e-01	3.126614768081352747e-01	-3.251549592843053357e-04	-3.814585222669799268e-05
4.008806328898464320e-12	1.880732867396799068e-01	1.532514094402258209e+01	1.812144694753189261e-02	1.717266516909561266e-02	2.486098426627068696e-03	9.825698841347006995e-01	3.115716786071809352e-01	-3.839503617306313783e-04	-4.683864171414685545e-05
4.198707084443905621e-12	1.953815956120444897e-01	1.499243314581542563e+01	1.924339817373132630e-02	1.946916770839446365e-02	2.918657785971028127e-03	9.842281501754673867e-01	3.104699299606279439e-01	-4.506221829739152310e-04	-5.705798477233941807e-05
4.397603609302712498e-12	2.030475926807635001e-01	1.469171972780230995e+01	2.040776502446582999e-02	2.193925824679616998e-02	3.401512873679361261e-03	9.861641724566674316e-01	3.093579883953830878e-01	-5.258070844056151900e-04	-6.898031030330672487e-05
4.605922041145112927e-12	2.110840343602176095e-01	1.441975664285345360e+01	2.161561966118023467e-02	2.458028331796605070e-02	3.936450068937426272e-03	9.883747917429204222e-01	3.082369575387811089e-01	-6.101810431994383888e-04	-8.279434831168763222e-05
4.824108704165373984e-12	2.195064075542224602e-01	1.417368436043899393e+01	2.286834208317509512e-02	2.738877261967392895e-02	4.525188363720253869e-03	9.908546342074430191e-01	3.071075038581785877e-01	-7.044563645426567006e-04	-9.870068430395399675e-05
5.052631065335679604e-12	2.283309809891195807e-01	1.395103306380313413e+01	2.416733207366730807e-02	3.035968052358900549e-02	5.168841830518057512e-03	9.935953036429676644e-01	3.059700464241651985e-01	-8.093628750773908601e-04	-1.169083465533143380e-04
5.291978735958436557e-12	2.375745076051062332e-01	1.374966055542361865e+01	2.551397326984856592e-02	3.348646545396882085e-02	5.868163574386535755e-03	9.965856172895828369e-01	3.048248116339237201e-01	-9.256420878704467708e-04	-1.376330634498610218e-04
5.542664520663095602e-12	2.472541579548056812e-01	1.356769677582137490e+01	2.690962896688608649e-02	3.676100181290500868e-02	6.623327318172882172e-03	9.998113971694186919e-01	3.036717612653284659e-01	-1.054043069164781491e-03	-1.610955893940034804e-04
5.805225516094907684e-12	2.573874354153194988e-01	1.340349964286735052e+01	2.835563455453085635e-02	4.017367240351180091e-02	7.433913060264319903e-03	1.003255638488544932e+00	3.025105948102710940e-01	-1.195317677501583692e-03	-1.875197215568420858e-04
6.080224261649427052e-12	2.679920760725560958e-01	1.325561915332253982e+01	2.985328796862792358e-02	4.371343432248468719e-02	8.298931053053557050e-03	1.006898625426286609e+00	3.013407298549931612e-01	-1.350215171317076940e-03	-2.171299926772307133e-04
6.368249944718585906e-12	2.790859338937470846e-01	1.312276781617404176e+01	3.140383873629930267e-02	4.736780006264988685e-02	9.216709160218113095e-03	1.010717860887001551e+00	3.001612605796930011e-01	-1.519476273035821239e-03	-2.501490817002794288e-04
6.669919663030115058e-12	2.906868492989144737e-01	1.300379605884028855e+01	3.300847573687756137e-02	5.112301483726366946e-02	1.018493598913152581e-02	1.014688410156685316e+00	2.989709855144061512e-01	-1.703826601313544178e-03	-2.867949130577156355e-04
6.985879746785234820e-12	3.028125007808569191e-01	1.289767159174748201e+01	3.466831391843851889e-02	5.496409218778854772e-02	1.120065604704040263e-02	1.018782943938358221e+00	2.977683832440397582e-01	-1.903969542514472296e-03	-3.272774903968368038e-04
7.316807143427207274e-12	3.154802382925243065e-01	1.280346197756088245e+01	3.638438002604963556e-02	5.887487105025579481e-02	1.226021091508447056e-02	1.022971813949625552e+00	2.965516057426150209e-01	-2.120578573866997458e-03	-3.717954937386397764e-04
7.663410868007462274e-12	3.287068576182753943e-01	1.272032003378619613e+01	3.815759214591420145e-02	6.283827598512863044e-02	1.335931133074985851e-02	1.027223579051258051e+00	2.953185368527346810e-01	-2.354288280639259615e-03	-4.205324924040376201e-04
8.026433522257174683e-12	3.425064314092400308e-01	1.264748047994226354e+01	3.998848475103281702e-02	6.683567684472134507e-02	1.449286602446972147e-02	1.031504179243301511e+00	2.940669221922329601e-01	-2.605649243095182251e-03	-4.736454198788682423e-04
8.406652885618316356e-12	3.568889690003019255e-01	1.258424562279145498e+01	4.187705894823554043e-02	7.084699182480198865e-02	1.565496231598955540e-02	1.035777336692327300e+00	2.927945237141627577e-01	-2.875092622808200944e-03	-5.312546092247241551e-04
8.804883581643446547e-12	3.718627167601316064e-01	1.252995886310997520e+01	4.382311330539678806e-02	7.485159670626197193e-02	1.683912932366002368e-02	1.040005572512146648e+00	2.914988731571630520e-01	-3.162963215459893822e-03	-5.934485282375231681e-04
9.221978823334340144e-12	3.874341415163299884e-01	1.248399872179086501e+01	4.582625933854146683e-02	7.882870512731338097e-02	1.803846734192250320e-02	1.044150884280427238e+00	2.901773329084557096e-01	-3.469514821354741964e-03	-6.602811132876937631e-04
9.658832241158709141e-12	4.036076817069312872e-01	1.244577474652223614e+01	4.788590746031471529e-02	8.275751383733896682e-02	1.924572097197746468e-02	1.048174989906733190e+00	2.888271227107695460e-01	-3.794902069432152039e-03	-7.317686197555933530e-04
1.011637979766206976e-11	4.203854928544744074e-01	1.241472379147803551e+01	5.000125372309700833e-02	8.661745451716654220e-02	2.045337546059200831e-02	1.052039806169544400e+00	2.874453909314620415e-01	-4.139172717647123141e-03	-8.078868808161140122e-04
1.059560179277614774e-11	4.377671898277004647e-01	1.239030667009429365e+01	5.217126748932596203e-02	9.038842229621718571e-02	2.165378349164573044e-02	1.055707884644421224e+00	2.860292801906534899e-01	-4.502260563522865640e-03	-8.885690592886792954e-04
1.109752496412069864e-11	4.557495888564619957e-01	1.237200517199273619e+01	5.439468018925203152e-02	9.405096605189841585e-02	2.283924847064782923e-02	1.059142767459562151e+00	2.845759843435419767e-01	-4.883979076219848239e-03	-9.737039562477178617e-04
1.162322468679854125e-11	4.743264531607849221e-01	1.235931942692207208e+01	5.666997541132567928e-02	9.758647408010791280e-02	2.400214346658468764e-02	1.062309343315045229e+00	2.830828104405438417e-01	-5.284015920370609132e-03	-1.063134956625690422e-03
1.217382727739662020e-11	4.934882454291128484e-01	1.235176560166154758e+01	5.899538043461679399e-02	1.009773753948173813e-01	2.513501741901663644e-02	1.065174245846448597e+00	2.815472484968597477e-01	-5.701928442334913694e-03	-1.156659637412241681e-03
1.275051240713012859e-11	5.132218905345925508e-01	1.234887391967934178e+01	6.136885926231332861e-02	1.042073115961375668e-01	2.623070118507366683e-02	1.067706199831409242e+00	2.799670336173582519e-01	-6.137140200714145954e-03	-1.254030066986994022e-03
1.335451562929897339e-11	5.335104633773487537e-01	1.235018696998944598e+01	6.378809670322535541e-02	1.072612585458071893e-01	2.728239042551057827e-02	1.069876285942168659e+00	2.783402074677160942e-01	-6.588936792208601768e-03	-1.354953425359144278e-03
1.398713102647241439e-11	5.543326340725386325e-01	1.235525893532994779e+01	6.625044963528350928e-02	1.101256693082924426e-01	2.828373615718008868e-02	1.071658331528646979e+00	2.766652154149656373e-01	-7.056456824364712790e-03	-1.459091975249975645e-03
1.464971398307287854e-11	5.756646648611386530e-01	1.236365801144910748e+01	6.875318536891776577e-02	1.127888635716058768e-01	2.922901091315614416e-02	1.073029338280300893e+00	2.749407862969158178e-01	-7.538741519811380416e-03	-1.566076511866448980e-03
1.534368408930013065e-11	5.974815253108958224e-01	1.237496967710513651e+01	7.129360451141973642e-02	1.152414309629897216e-01	3.011326335361486778e-02	1.073970251929367459e+00	2.731659434914605611e-01	-8.034767010631231957e-03	-1.675516079809332695e-03
1.607052818261638620e-11	6.197569510279546945e-01	1.238879864892054172e+01	7.386903862121857456e-02	1.174760228251162802e-01	3.093229625134333652e-02	1.074465600089275163e+00	2.713400030377531857e-01	-8.543453498204331420e-03	-1.787002591276397193e-03
1.683180353330955093e-11	6.424635072008580972e-01	1.240476998104012729e+01	7.647684860103853843e-02	1.194873468430201202e-01	3.168268411718450778e-02	1.074503601390781604e+00	2.694626083132170002e-01	-9.063674378040646393e-03	-1.900115452984361356e-03
1.762914118095944293e-11	6.655726627332694267e-01	1.242252960586271904e+01	7.911442396675347211e-02	1.212721144293070069e-01	3.236178162191451213e-02	1.074076172262406148e+00	2.675337598132052075e-01	-9.594265327918068825e-03	-2.014426142164706807e-03
1.846424942895546448e-11	6.890548737625170617e-01	1.244174449261511661e+01	8.177918264473921228e-02	1.228289187169387953e-01	3.296770286313089465e-02	1.073178773870174796e+00	2.655538213662737013e-01	-1.013403327303100641e-02	-2.129502672973030732e-03
1.933891750455232057e-11	7.128796728868127541e-01	1.246210252685051501e+01	8.446857089183719414e-02	1.241580562613225774e-01	3.349926954115220457e-02	1.071810123753395683e+00	2.635235012407112776e-01	-1.068176506311311474e-02	-2.244913871451838933e-03
2.025501939230666486e-11	7.370157644094452731e-01	1.248331220757501825e+01	8.718006329417134215e-02	1.252615100822969951e-01	3.395601556803733850e-02	1.069972290458911512e+00	2.614438830658132318e-01	-1.123623579847985755e-02	-2.360233409381300336e-03
2.121451784910627571e-11	7.614311242003101166e-01	1.250510220694932606e+01	8.991116281343723704e-02	1.261426910484241271e-01	3.433810405973761887e-02	1.067670208109538832e+00	2.593163806240496028e-01	-1.179621676268105893e-02	-2.475043563100099656e-03
2.221946860939528424e-11	7.860931029449936824e-01	1.252722084431667504e+01	9.265940074270632987e-02	1.268063518839848969e-01	3.464629702716177234e-02	1.064911597163172186e+00	2.571427392765992526e-01	-1.236048289325531423e-02	-2.588938662225159087e-03
2.327202478960412005e-11	8.109708118784030306e-01	1.254943761400014601e+01	9.542258878209770867e-02	1.272584769537540295e-01	3.488192271649648291e-02	1.061706434423892231e+00	2.549248143358541774e-01	-1.292787166050468443e-02	-2.701538410260104824e-03
2.437444150122221807e-11	8.360427785166413273e-01	1.257155036954431360e+01	9.819963989125690684e-02	1.275061192013781375e-01	3.504682816193016581e-02	1.058065469730424368e+00	2.526638633170755210e-01	-1.349745999299508531e-02	-2.812522677387013260e-03
2.552908068239516723e-11	8.612925035497278614e-01	1.259338235851070920e+01	1.009900326802977005e-01	1.275570799019914714e-01	3.514322441889113774e-02	1.054000495590368125e+00	2.503609468809046557e-01	-1.406846295734748807e-02	-2.921609457443899091e-03
2.673841615839943880e-11	8.867066953961748599e-01	1.261478049326649042e+01	1.037935879452033111e-01	1.274196560337662876e-01	3.517358026517183878e-02	1.049524198720721779e+00	2.480170672513448415e-01	-1.464019362208978346e-02	-3.028545991112610060e-03
2.800503894183625342e-11	9.122752374573644962e-01	1.263561452484334424e+01	1.066104443024802617e-01	1.271025364832206739e-01	3.514057213635417287e-02	1.044650036213771616e+00	2.456331740440238220e-01	-1.521206190576441554e-02	-3.133107651918114103e-03
2.933166278390048099e-11	9.379911541278124210e-01	1.265577597541915367e+01	1.094410369029249763e-01	1.266146847675106157e-01	3.504702660331963232e-02	1.039392056443307233e+00	2.432101555352192690e-01	-1.578357284654416381e-02	-3.235096597015569599e-03
3.072112998861759207e-11	9.638505747850042438e-01	1.267517697434373147e+01	1.122860782975776545e-01	1.259652124369395609e-01	3.489587355831576948e-02	1.033764675497564456e+00	2.407488338446640008e-01	-1.635432436560251349e-02	-3.334340232574342904e-03
3.217641750250735458e-11	9.898526955022116658e-01	1.269374907320569257e+01	1.151465409350798386e-01	1.251633275604387419e-01	3.469011748526969890e-02	1.027782627174935515e+00	2.382499720764062190e-01	-1.692400461383491636e-02	-3.430689545109276081e-03
3.370064329271925032e-11	1.015999738484947290e+00	1.271144208361917194e+01	1.180236409337669240e-01	1.242181879265991384e-01	3.443278198550036445e-02	1.021460653643567085e+00	2.357142513514783322e-01	-1.749238899819193643e-02	-3.524017352520053461e-03
3.529707302730657668e-11	1.042296908408507861e+00	1.272822296394197927e+01	1.209188227406671479e-01	1.231388683918287902e-01	3.412689431033166104e-02	1.014813474017361772e+00	2.331422819241690259e-01	-1.805933689721606061e-02	-3.614216491556195877e-03
3.696912707195032437e-11	1.068752346236378159e+00	1.274407477187750359e+01	1.238337444763090295e-01	1.219343172655653201e-01	3.377546281533335554e-02	1.007855715996921475e+00	2.305346050267265967e-01	-1.862478816930264458e-02	-3.701197993697725053e-03
3.872038781812557004e-11	1.095377082010553282e+00	1.275899568773886728e+01	1.267702639432213285e-01	1.206132787063192296e-01	3.338145167876789554e-02	1.000601748316744866e+00	2.278916885208807641e-01	-1.918875949951227844e-02	-3.784889265611686340e-03
4.055460735840827506e-11	1.122184465749451299e+00	1.277299727810799723e+01	1.297303733466446951e-01	1.191842690799929938e-01	3.294777034860199572e-02	9.930657099763651185e-01	2.252139738402267055e-01	-1.975132935161926992e-02	-3.865230612338605917e-03
4.247571552536894126e-11	1.149186612537278274e+00	1.278609806863670073e+01	1.327158405319654455e-01	1.176555914042413525e-01	3.247729253675214756e-02	9.852619907953602540e-01	2.225021662177237847e-01	-2.031255888689169342e-02	-3.942162775174592841e-03
4.448782831127576069e-11	1.176392178782158071e+00	1.279831767495840467e+01	1.357280087389141354e-01	1.160352905381793198e-01	3.197285975474584846e-02	9.772053187680751485e-01	2.197573742557168419e-01	-2.087244297205790092e-02	-4.015620485378266352e-03
4.659525668664686662e-11	1.203806263133586407e+00	1.280967434387700443e+01	1.387678132558153865e-01	1.143311257522766355e-01	3.143727883924061356e-02	9.689106114284663507e-01	2.169810764681733284e-01	-2.143090791535127299e-02	-4.085533603792877375e-03
4.880251583654433574e-11	1.231430432998246394e+00	1.282018349716563677e+01	1.418358043895084630e-01	1.125505567022600933e-01	3.087331897776447037e-02	9.603928587155732277e-01	2.141750845248120705e-01	-2.198781237204884206e-02	-4.151828793276547518e-03
5.111433483440165318e-11	1.259262765899297865e+00	1.282985676051706569e+01	1.449321682797727606e-01	1.107007518697467885e-01	3.028370855026486091e-02	9.516670742687539652e-01	2.113415097223453332e-01	-2.254294882112873113e-02	-4.214431248266515238e-03
5.353566677410718816e-11	1.287297900071409540e+00	1.283870130239011864e+01	1.480567462368758691e-01	1.087885931659699768e-01	2.967113262331308107e-02	9.427482430007086966e-01	2.084827328780339828e-01	-2.309604542165197630e-02	-4.273266416143836795e-03
5.607169938205469661e-11	1.315527093402985015e+00	1.284671939230203996e+01	1.512090531252409664e-01	1.068206944011341475e-01	2.903822975347186697e-02	9.336513132457431308e-01	2.056013756441115448e-01	-2.364676818242137865e-02	-4.328261672530882460e-03
5.872786613189488850e-11	1.343938291176064004e+00	1.285390812264998672e+01	1.543882952014432319e-01	1.048033974652436695e-01	2.838758445203802203e-02	9.243911315272722584e-01	2.027002686210147564e-01	-2.419472343598364286e-02	-4.379347929022025555e-03
6.150985788580503926e-11	1.372516203127852386e+00	1.286025925704836936e+01	1.575933876769836373e-01	1.027427953463988103e-01	2.772172294353697844e-02	9.149824571665854389e-01	1.997824243681881051e-01	-2.473946059500897743e-02	-4.426461147265753869e-03
6.442363508721370414e-11	1.401242391223116446e+00	1.286575918030446708e+01	1.608229722774638937e-01	1.006447378432576562e-01	2.704310763495901271e-02	9.054399324428893392e-01	1.968510099682171666e-01	-2.528047523197134855e-02	-4.469543754395792663e-03
6.747544053110686101e-11	1.430095133506309235e+00	1.287038890463368546e+01	1.640754082860674534e-01	9.851487184445489875e-02	2.635413887358474191e-02	8.957781852020335611e-01	1.939093464082385365e-01	-2.581720808952651242e-02	-4.508545629452744355e-03
7.067181273927477085e-11	1.459047629652865830e+00	1.287412448333828507e+01	1.673485679369331458e-01	9.635878179798131049e-02	2.565719175447998476e-02	8.860124365472918928e-01	1.909610759704803151e-01	-2.634901484019683965e-02	-4.543423535137835513e-03
7.401959996915652408e-11	1.488070390471631255e+00	1.287693943957933485e+01	1.706400843162150793e-01	9.418192534793774773e-02	2.495457827574169146e-02	8.761580406253254294e-01	1.880099457606354829e-01	-2.687521561042520435e-02	-4.574146883560539258e-03
7.752597488629464062e-11	1.517133319267184755e+00	1.287880650047768505e+01	1.739475688712967261e-01	9.198951171143296413e-02	2.424849792461735917e-02	8.662298966206333217e-01	1.850596053140319830e-01	-2.739513588407824565e-02	-4.600701079064484569e-03
8.119844993184008328e-11	1.546205866254684702e+00	1.287969835581277778e+01	1.772686183424575235e-01	8.978651836455811552e-02	2.354103563134309074e-02	8.562424895006351955e-01	1.821135994825356930e-01	-2.790811031459462105e-02	-4.623087460816374325e-03
8.504489341802668113e-11	1.575257138370634413e+00	1.287958818373622094e+01	1.806008185581509662e-01	8.757771777161749149e-02	2.283416474452312078e-02	8.462099670378945282e-01	1.791753694771368588e-01	-2.841348548091859536e-02	-4.641322998621863830e-03
8.907354638610458163e-11	1.604256002236430501e+00	1.287845005212183835e+01	1.839417482867709008e-01	8.536763942985248210e-02	2.212973226706396734e-02	8.361460199023230677e-01	1.762482312923773498e-01	-2.891062239621430136e-02	-4.655439854487145902e-03
9.329304026284695888e-11	1.633171183419363848e+00	1.287625923422235985e+01	1.872889831692306495e-01	8.316061777766811658e-02	2.142947113463938846e-02	8.260640233358065299e-01	1.733353876126053905e-01	-2.939889883060733608e-02	-4.665484828749429450e-03
9.771241535346501225e-11	1.661971364781443361e+00	1.287299246601542180e+01	1.906400998098920219e-01	8.096075103535582684e-02	2.073498861135481333e-02	8.159769044830779139e-01	1.704399091380928433e-01	-2.987771152614698833e-02	-4.671518718202973160e-03
1.023411402105452712e-10	1.690625283979479532e+00	1.286862815741476140e+01	1.939926799679919378e-01	7.877193410093979997e-02	2.004777305629274267e-02	8.058972379443553047e-01	1.675647389770279216e-01	-3.034647830358830692e-02	-4.673615597893712725e-03
1.071891319205126445e-10	1.719101830703871459e+00	1.286314656646837307e+01	1.973443148771409916e-01	7.659783983880416591e-02	1.936919179107314537e-02	7.958371796703488377e-01	1.647126852970615396e-01	-3.080464006857210751e-02	-4.671862035274392498e-03
1.122667773510811312e-10	1.747370143434996415e+00	1.285652994441050723e+01	2.006926096312732222e-01	7.444191267633436249e-02	1.870048977087072559e-02	7.858084362914034005e-01	1.618864144483944112e-01	-3.125166271464580037e-02	-4.666356250933211686e-03
1.175849554052158201e-10	1.775399419538169488e+00	1.284876269652847292e+01	2.040351541087798148e-01	7.230739749154399543e-02	1.804280027007966469e-02	7.758223779555658561e-01	1.590884791317758173e-01	-3.168703444473632697e-02	-4.657207314164303093e-03
1.231550603292826197e-10	1.803157699405367298e+00	1.283983126654693585e+01	2.073693799655964565e-01	7.019742467179743151e-02	1.739717426788237042e-02	7.658904403736759292e-01	1.563214356993616327e-01	-3.211024688341052036e-02	-4.644534580933373097e-03
1.289890261253308184e-10	1.830611920289859196e+00	1.282972316845656380e+01	2.106925772063472369e-01	6.811496233814329226e-02	1.676457100688756238e-02	7.560239488496023341e-01	1.535878156854202370e-01	-3.252079594378678995e-02	-4.628466734991573163e-03
1.350993521198024986e-10	1.857728201035707682e+00	1.281842646133869756e+01	2.140019312979712651e-01	6.606277626963318050e-02	1.614584891796069094e-02	7.462339419612779023e-01	1.508900861012856254e-01	-3.291818671993906875e-02	-4.609140895418888627e-03
1.414991297434578731e-10	1.884472039253686670e+00	1.280592958673702064e+01	2.172945448302552873e-01	6.404344437542799917e-02	1.554177027399951394e-02	7.365311888610238666e-01	1.482306384823395551e-01	-3.330193724644323061e-02	-4.586701816823998516e-03
1.482020705798860072e-10	1.910808531092167417e+00	1.279222135081996647e+01	2.205674594878427319e-01	6.205930902238096514e-02	1.495299291908478399e-02	7.269259937590492049e-01	1.456117592063873312e-01	-3.367158261364998351e-02	-4.561301064564119920e-03
1.552225357427047968e-10	1.936702601238001975e+00	1.277729099052299055e+01	2.238176777531897255e-01	6.011250511521388368e-02	1.438007712594992042e-02	7.174282559403357684e-01	1.430356225264088343e-01	-3.402667913121691645e-02	-4.533096140835339398e-03
1.625755666443793407e-10	1.962119236188000881e+00	1.276112829287164097e+01	2.270421839766150196e-01	5.820496469081154478e-02	1.382349069103074903e-02	7.080474526276956393e-01	1.405042823986486500e-01	-3.436680835397536854e-02	-4.502249556066225018e-03
1.702769172225897821e-10	1.987023718146758267e+00	1.274372374947328623e+01	2.302379647818575403e-01	5.633836889498233802e-02	1.328359849722484699e-02	6.987924341816487139e-01	1.380196408100568262e-01	-3.469158097264814916e-02	-4.468927874573384341e-03
1.783430876931905687e-10	2.011381854480763565e+00	1.272506873555068907e+01	2.334020283979490185e-01	5.451420343293281179e-02	1.276067987745205592e-02	6.896715830548036941e-01	1.355834601783481030e-01	-3.500064034630497034e-02	-4.433300715138930106e-03
1.867913599020784805e-10	2.035160199647136903e+00	1.270515569106908949e+01	2.365314229785230316e-01	5.273374534977087746e-02	1.225492887028679923e-02	6.806927335656509648e-01	1.331973506912042249e-01	-3.529366578332349819e-02	-4.395539759036727091e-03
1.956398343517064725e-10	2.058326273235314474e+00	1.268397831876106352e+01	2.396232540946015566e-01	5.099805177983408877e-02	1.176645368290122999e-02	6.718630952674318202e-01	1.308627566825901201e-01	-3.557037534464205925e-02	-4.355817720467812688e-03
2.049074689815846066e-10	2.080849048104985055e+00	1.266153156194658713e+01	2.426747379176806552e-01	4.930797292891192507e-02	1.129528353131380516e-02	6.631892348808289261e-01	1.285809379572661892e-01	-3.583053178459929405e-02	-4.314306901676750149e-03
2.146141197858401440e-10	2.102699545308080786e+00	1.263781181592447744e+01	2.456832630862326727e-01	4.766412836075847870e-02	1.084136518352719555e-02	6.546769157346018497e-01	1.263529311733153360e-01	-3.607394955435375833e-02	-4.271177692666633385e-03
2.247805833548729991e-10	2.123850848002752922e+00	1.261281771676038765e+01	2.486463738137570656e-01	4.606693796689521198e-02	1.040457454430986604e-02	6.463312004848190684e-01	1.241795754267851493e-01	-3.630049483242005215e-02	-4.226598183114684687e-03
2.354286414322420067e-10	2.144278197167676758e+00	1.258655053226368281e+01	2.515617695606959803e-01	4.451665055526689285e-02	9.984727888918382144e-03	6.381565360024329392e-01	1.220615298400490878e-01	-3.651008561757784071e-02	-4.180733432776596523e-03
2.465811075822603842e-10	2.163959077662391373e+00	1.255901439221926630e+01	2.544273066451782084e-01	4.301335393684825592e-02	9.581588160676106358e-03	6.301567690930337529e-01	1.199992823181284113e-01	-3.670269160563845862e-02	-4.133744794977425863e-03
2.582618760682674929e-10	2.182873277935764467e+00	1.253021644541203550e+01	2.572409983588654914e-01	4.155698230332110360e-02	9.194870193867993660e-03	6.223351529216976097e-01	1.179931573331138572e-01	-3.687833331547493709e-02	-4.085789265816030906e-03
2.704959730463131364e-10	2.201002929692715604e+00	1.250016696281385897e+01	2.600010140566725303e-01	4.014733936392836378e-02	8.824249872822060442e-03	6.146944165084555767e-01	1.160433316372011109e-01	-3.703708067292399431e-02	-4.037018883805503465e-03
2.833096101839318258e-10	2.218332535084428514e+00	1.246887939640516940e+01	2.627056780081903908e-01	3.878408924927837648e-02	8.469365104798834074e-03	6.072367087045266176e-01	1.141498354825694894e-01	-3.717905149104331480e-02	-3.987580244239944359e-03
2.967302408188872501e-10	2.234848976347205252e+00	1.243637040626255796e+01	2.653534672195850819e-01	3.746682714663815417e-02	8.129835657999115450e-03	5.999638620136409362e-01	1.123125899293438701e-01	-3.730440942120909903e-02	-3.937614050798800801e-03
3.107866187782014063e-10	2.250541516974203127e+00	1.240265985586738751e+01	2.679430093475972940e-01	3.619499243167544067e-02	7.805244646202720918e-03	5.928770273524944789e-01	1.105313723914496532e-01	-3.741336198784268180e-02	-3.887254794089064613e-03
3.255088599835056406e-10	2.265401787523888100e+00	1.236777079047078409e+01	2.704730796099536483e-01	3.496796400583063874e-02	7.495163663182773453e-03	5.859770399830218635e-01	1.088058649381652282e-01	-3.750615810471109174e-02	-3.836630450890231130e-03
3.409285069746807543e-10	2.279423842641927322e+00	1.233172916077999481e+01	2.729426123234338086e-01	3.378502103958232194e-02	7.199145566605043810e-03	5.792642350495680326e-01	1.071356353184692023e-01	-3.758308600451568116e-02	-3.785861974686984942e-03
3.570785964900469852e-10	2.292604779075212207e+00	1.229456142941621088e+01	2.753508282596197065e-01	3.264532474447812138e-02	6.916720802081132748e-03	5.727382573458497106e-01	1.055200736179306709e-01	-3.764447244560080452e-02	-3.735060243073512389e-03
3.739937302478801677e-10	2.304943828587699972e+00	1.225629500657879056e+01	2.776971197736076702e-01	3.154791820023320620e-02	6.647401332515602557e-03	5.663981202169725560e-01	1.039584503272700522e-01	-3.769067059168742378e-02	-3.684327624536690854e-03
3.917101490809260641e-10	2.316441609482264852e+00	1.221695931818977954e+01	2.799809383623994563e-01	3.049185584442047625e-02	6.390712244203108905e-03	5.602428153749301476e-01	1.024500287331005510e-01	-3.772205265820197800e-02	-3.633760102585552234e-03
4.102658105827190344e-10	2.327100092861277059e+00	1.217658559604297430e+01	2.822017954386760175e-01	2.947610876489466583e-02	6.146170411578440011e-03	5.542709005520738419e-01	1.009940207295634412e-01	-3.773900784326682939e-02	-3.583447289014189772e-03
4.297004704320835313e-10	2.336922586657027789e+00	1.213520672764024866e+01	2.843592643675847409e-01	2.849970679269595020e-02	5.913318001561112223e-03	5.484810961780469674e-01	9.958965544138860537e-02	-3.774194029732113459e-02	-3.533472417601075857e-03
4.500557675700488183e-10	2.345913732328329449e+00	1.209285714421375246e+01	2.864529835868289687e-01	2.756160962356252880e-02	5.691692434026826564e-03	5.428717228148357554e-01	9.823611572127149971e-02	-3.773126792546949160e-02	-3.483912480868068488e-03
4.713753134116729086e-10	2.354079491729067719e+00	1.204957273840725662e+01	2.884826582228955938e-01	2.666078174465528680e-02	5.480843835175312588e-03	5.374410136464442544e-01	9.693257417625539274e-02	-3.770742070137420021e-02	-3.434838325793574797e-03
4.937047852839003559e-10	2.361427134591861599e+00	1.200539079250689234e+01	2.904480618653140223e-01	2.579616944708703480e-02	5.280330018797897880e-03	5.321870063107779769e-01	9.567818226350295607e-02	-3.767083936466455313e-02	-3.386314829745796888e-03
5.170920242896755486e-10	2.367965216215309532e+00	1.196034992139035680e+01	2.923490370916786985e-01	2.496672302847630087e-02	5.089720926415901292e-03	5.271076340343934241e-01	9.447208025724490588e-02	-3.762197377044980418e-02	-3.338401053041727216e-03
5.415871378079465267e-10	2.373703555505390028e+00	1.191449001352753179e+01	2.941854963514995425e-01	2.417138743364030326e-02	4.908596799819709040e-03	5.222006783017045795e-01	9.331339358904744419e-02	-3.756128167881260527e-02	-3.291150467683467539e-03
5.672426068491988835e-10	2.378653206068471082e+00	1.186785218048617097e+01	2.959574220385458587e-01	2.340910532054395546e-02	4.736548389058458340e-03	5.174637770597014796e-01	9.220123389379129841e-02	-3.748922738340382949e-02	-3.244611179307098359e-03
5.941133984965039838e-10	2.382826416542495718e+00	1.182047869759143488e+01	2.976648656674648064e-01	2.267882876476336185e-02	4.573179320094013928e-03	5.128944741352591263e-01	9.113470543548878033e-02	-3.740628016683862633e-02	-3.198826141180018730e-03
6.222570836730231313e-10	2.386236594634027597e+00	1.177241295485845640e+01	2.993079474521251337e-01	2.197952355368595553e-02	4.418106936101054948e-03	5.084902366035746191e-01	9.011290814851172226e-02	-3.731291307249792050e-02	-3.153833406247650087e-03
6.517339604882420571e-10	2.388898262677330742e+00	1.172369939064659405e+01	3.008868554434013243e-01	2.131015406045383073e-02	4.270958405466634272e-03	5.042483830387841648e-01	8.913492982282714139e-02	-3.720960176842967593e-02	-3.109666403374093321e-03
6.826071834272379248e-10	2.390827006040860958e+00	1.167438343770082732e+01	3.024018436127582365e-01	2.066970369031860544e-02	4.131374955739701080e-03	5.001661767825225091e-01	8.819985747808248289e-02	-3.709682295858113266e-02	-3.066354145193250086e-03
7.149428986597561750e-10	2.392039424580948204e+00	1.162451144263035374e+01	3.038532311345846781e-01	2.005718076282001286e-02	3.999012978734433482e-03	4.962408536737948350e-01	8.730678132252274459e-02	-3.697505365151314977e-02	-3.023921549404350734e-03
7.488103857590030225e-10	2.392553074263507273e+00	1.157413061397663689e+01	3.052413998103655213e-01	1.947160067799934974e-02	3.873539356917628761e-03	4.924695398104864119e-01	8.645478559364978832e-02	-3.684476954660211023e-02	-2.982389629905560224e-03
7.842822061337681836e-10	2.392386412371513060e+00	1.152328893182305691e+01	3.065667930373455752e-01	1.891199384655093199e-02	3.754633023228357448e-03	4.888492884094793878e-01	8.564295337992293422e-02	-3.670644438203884974e-02	-2.941775806643498296e-03
8.214343584919422200e-10	2.391558730276678535e+00	1.147203506504093262e+01	3.078299130822109153e-01	1.837742366918370535e-02	3.641988505681165427e-03	4.853771677893202185e-01	8.487037719133273816e-02	-3.656054854221203049e-02	-2.902094110746736462e-03
8.603464416684491388e-10	2.390090111009958385e+00	1.142041833913653193e+01	3.090313202309157847e-01	1.786695842902423503e-02	3.535309169148130766e-03	4.820501287862344886e-01	8.413614365334633194e-02	-3.640754863201243335e-02	-2.863355474619646689e-03
9.011018251665036851e-10	2.388001335665071334e+00	1.136848855092465627e+01	3.101716295104170462e-01	1.737973566262927122e-02	3.434321627467909824e-03	4.788653181848576690e-01	8.343937122148456509e-02	-3.624790610755888182e-02	-2.825567939303086883e-03
9.437878277775391497e-10	2.385313843985395366e+00	1.131629596898836887e+01	3.112515094158647133e-01	1.691484796781892244e-02	3.338748783707074386e-03	4.758195305374700035e-01	8.277914462769356274e-02	-3.608207671896975638e-02	-2.788736880883572675e-03
9.884959046625586031e-10	2.382553880539978852e+00	1.127147956512268401e+01	3.121275028558275211e-01	1.653433122749661810e-02	3.261115719329384880e-03	4.733227376076534765e-01	8.224288675315145902e-02	-3.593563363714483150e-02	-2.757996893095047541e-03
1.035321843295661502e-09	2.380389725569814985e+00	1.124112870421242505e+01	3.126859603848640701e-01	1.628755081051780698e-02	3.211167335204135297e-03	4.717058886053346334e-01	8.189964461258347761e-02	-3.583390820062121174e-02	-2.737741387262746309e-03
1.084365968689608688e-09	2.377942854021878105e+00	1.121116771442027726e+01	3.131993118183739044e-01	1.605422107940445917e-02	3.164378060263586465e-03	4.701845444000139485e-01	8.158173586282291279e-02	-3.573088230004951849e-02	-2.718321404967915210e-03
1.135733358343102889e-09	2.375187982296332656e+00	1.118149880046180122e+01	3.136665453168994144e-01	1.583367708507872271e-02	3.120628177969246402e-03	4.687567735047237782e-01	8.128926116670005808e-02	-3.562611804840142005e-02	-2.699699853951830972e-03
1.189534067370320724e-09	2.372114009240986920e+00	1.115205376106229807e+01	3.140877070360039713e-01	1.562522975724208590e-02	3.079774460214167956e-03	4.674197052143586051e-01	8.102185017560611935e-02	-3.551937084558914881e-02	-2.681838921983005324e-03
1.245883364295008068e-09	2.368717456632142504e+00	1.112278264036308073e+01	3.144633562429775542e-01	1.542821681995892695e-02	3.041670341126716508e-03	4.661701792409354561e-01	8.077892545250021927e-02	-3.541050356289150713e-02	-2.664702226492525819e-03
1.304901978014401580e-09	2.364999633890018327e+00	1.109364840248987782e+01	3.147943402308497340e-01	1.524201531755572415e-02	3.006172763903891196e-03	4.650049754874340802e-01	8.055980794793782263e-02	-3.529944844740166843e-02	-2.648255405002918755e-03
1.366716356462010101e-09	2.360965071549344430e+00	1.106462375252295338e+01	3.150816757737330831e-01	1.506604250912431907e-02	2.973144511536648157e-03	4.639209090560431625e-01	8.036376932845822052e-02	-3.518618563732239801e-02	-2.632466258475817979e-03
1.431458937523481393e-09	2.356620533254476957e+00	1.103568895523330085e+01	3.153264788216191272e-01	1.489975987643740903e-02	2.942456466358082338e-03	4.629149053183003737e-01	8.019006525415964259e-02	-3.507072935519706114e-02	-2.617304708917352757e-03
1.499268432786047049e-09	2.351974377911242087e+00	1.100683035961426803e+01	3.155299206707370407e-01	1.474266913884810307e-02	2.913987492275167939e-03	4.619840158106663375e-01	8.003795216447760763e-02	-3.495311893270945658e-02	-2.602742722576936122e-03
1.570290124729377524e-09	2.347036086335938077e+00	1.097803918663085732e+01	3.156931985928125295e-01	1.459430941935841580e-02	2.887624476534363278e-03	4.611254288398095036e-01	7.990669877897667306e-02	-3.483341201688310712e-02	-2.588754165522972033e-03
1.644676177994662829e-09	2.341815936131956377e+00	1.094931065989188390e+01	3.158175165452271060e-01	1.445425300548651600e-02	2.863261725818561695e-03	4.603364653480350732e-01	7.979559196462676640e-02	-3.471167992817818237e-02	-2.575314683188802394e-03
1.722585965398783835e-09	2.336324754097370615e+00	1.092064329332631445e+01	3.159040718405733972e-01	1.432210434442218391e-02	2.840800908547941837e-03	4.596145861391218723e-01	7.970394166679432846e-02	-3.458800404809309753e-02	-2.562401564121499688e-03
1.804186409392068039e-09	2.330573729800606397e+00	1.089203831463092342e+01	3.159540462001665939e-01	1.419749934268926990e-02	2.820151260344767787e-03	4.589573971290070720e-01	7.963108480261722744e-02	-3.446247315054716542e-02	-2.549993619849872783e-03
1.889652339691211477e-09	2.324574273309400585e+00	1.086349919971177158e+01	3.159685996162482358e-01	1.408010002259085097e-02	2.801228276423283359e-03	4.583626291833373667e-01	7.957638412599389588e-02	-3.433518130088840381e-02	-2.538071064569163635e-03
1.979166867853557524e-09	2.318337906985057373e+00	1.083503128984302855e+01	3.159488664760590759e-01	1.396958818340286734e-02	2.783952427176904221e-03	4.578281110927134301e-01	7.953922626269954721e-02	-3.420622630171408357e-02	-2.526615410010451222e-03
2.072921779595369695e-09	2.311876179651799479e+00	1.080664147073879455e+01	3.158959529639047692e-01	1.386567627790338472e-02	2.768251779389804216e-03	4.573518270268853714e-01	7.951902937517812964e-02	-3.407570841384710558e-02	-2.515609363492811619e-03
2.171117945694509622e-09	2.305200600989288695e+00	1.077833789728963865e+01	3.158109359182184050e-01	1.376809065873578139e-02	2.754058065743073512e-03	4.569318353456717219e-01	7.951523327156280463e-02	-3.394372948034736492e-02	-2.505036745641678157e-03
2.273965752357932151e-09	2.298322587571527631e+00	1.075012976902412731e+01	3.156948618219869163e-01	1.367657801308854761e-02	2.741308166670334678e-03	4.565663024876064902e-01	7.952730350025997985e-02	-3.381039199013019525e-02	-2.494882386495615376e-03
2.381685551976160644e-09	2.291253432315409455e+00	1.072202716862962646e+01	3.155487471702401181e-01	1.359090574916117095e-02	2.729944284005149900e-03	4.562535055856457578e-01	7.955473151447572944e-02	-3.367579878938243426e-02	-2.485132081599196290e-03
2.494508135230316413e-09	2.284004255920050852e+00	1.069404082646806664e+01	3.153735785540576209e-01	1.351085033290777213e-02	2.719911153476303918e-03	4.559917753807345431e-01	7.959702728957077089e-02	-3.354005224122471457e-02	-2.475772481539016343e-03
2.612675225563326382e-09	2.276586002057162883e+00	1.066618206006359237e+01	3.151703136277219097e-01	1.343620786147784948e-02	2.711158491288363261e-03	4.557795487934924172e-01	7.965372514890128874e-02	-3.340325428900841470e-02	-2.466791072643776707e-03
2.736439997074666368e-09	2.269009406007541418e+00	1.063846260166647184e+01	3.149398817220802616e-01	1.336678884367037759e-02	2.703639760250557689e-03	4.556153432205644616e-01	7.972438019896675720e-02	-3.326550585821155120e-02	-2.458176082488427398e-03
2.866067616948244470e-09	2.261284988837583221e+00	1.061089452945817335e+01	3.146831849308949769e-01	1.330240901370788494e-02	2.697310154922380118e-03	4.554977108801261942e-01	7.980856259478452674e-02	-3.312690679361642715e-02	-2.449916440939821881e-03
3.001835813575592210e-09	2.253423046029523480e+00	1.058349016679945898e+01	3.144010993795113285e-01	1.324290117931616918e-02	2.692128975758139014e-03	4.554252971141445894e-01	7.990586305265078015e-02	-3.298755574580872901e-02	-2.442001737689501132e-03
3.144035471591500167e-09	2.245433630986540585e+00	1.055626196412609374e+01	3.140944762931576761e-01	1.318810780587705185e-02	2.688058348999490445e-03	4.553968033397510773e-01	8.001588901453841884e-02	-3.284754984904469238e-02	-2.434422154235016140e-03
3.292971255097148186e-09	2.237326573153032072e+00	1.052922253664974050e+01	3.137641432655616236e-01	1.313787949848112431e-02	2.685062415995723758e-03	4.554109790762851939e-01	8.013826196758692955e-02	-3.270698501194686802e-02	-2.427168459303603778e-03
3.448962260405766611e-09	2.229111454632103140e+00	1.050238450980003613e+01	3.134109054474722988e-01	1.309207804558893892e-02	2.683108337350199012e-03	4.554666364583777605e-01	8.027261944865420051e-02	-3.256595552106785613e-02	-2.420231936798913300e-03
3.612342699709437910e-09	2.220797618090830206e+00	1.047576051109989237e+01	3.130355467467980657e-01	1.305057130028342179e-02	2.682164826377027040e-03	4.555626244660900825e-01	8.041861072240764907e-02	-3.242455414134366720e-02	-2.413604364598403301e-03
3.783462617131932968e-09	2.212394166016944830e+00	1.044936311965120446e+01	3.126388310788367209e-01	1.301323521470182897e-02	2.682202819196467889e-03	4.556978383420205447e-01	8.057589791218496000e-02	-3.228287208327319802e-02	-2.407277979337924326e-03
3.962688638701478467e-09	2.203909966789995067e+00	1.042320485216207970e+01	3.122215034818726642e-01	1.297995310547941060e-02	2.683195036026255094e-03	4.558712154140652784e-01	8.074415435127740848e-02	-3.214099906495083286e-02	-2.401245454455426184e-03
4.150404757850472502e-09	2.195353647869573432e+00	1.039729808548957912e+01	3.117842913068397115e-01	1.295061514054694427e-02	2.685116123155920336e-03	4.560817319177327134e-01	8.092306438477013530e-02	-3.199902316286266230e-02	-2.395499855062326218e-03
4.347013158125017173e-09	2.186733608578832921e+00	1.037165507602122894e+01	3.113279052741148578e-01	1.292511682281724007e-02	2.687942074238962222e-03	4.563283950112611009e-01	8.111232140235784260e-02	-3.185703098224076935e-02	-2.390034629924434745e-03
4.552935074866938773e-09	2.178058016165294930e+00	1.034628789962104989e+01	3.108530405364773874e-01	1.290336029192340299e-02	2.691650537238669642e-03	4.566102485235669084e-01	8.131162811283093594e-02	-3.171510753783413072e-02	-2.384843572155103449e-03
4.768611697714474181e-09	2.169334817395611736e+00	1.032120846651140766e+01	3.103603776958455129e-01	1.288525308534966066e-02	2.696220563131760447e-03	4.569263662891939193e-01	8.152069542480006037e-02	-3.157333641424787951e-02	-2.379920812881396088e-03
4.994505115855140358e-09	2.160571736322707714e+00	1.029642847194292798e+01	3.098505837737977608e-01	1.287070658650331205e-02	2.701632221479560204e-03	4.572758440354398046e-01	8.173924102298639471e-02	-3.143179966172891110e-02	-2.375260785792899631e-03
5.231099308056257792e-09	2.151776282377063865e+00	1.027195939744767550e+01	3.093243131279895808e-01	1.285963534728580375e-02	2.707866411094561783e-03	4.576577955968997857e-01	8.196698846707527186e-02	-3.129057788527486034e-02	-2.370858215503798393e-03
5.478901179593956120e-09	2.142955753886842007e+00	1.024781249181838128e+01	3.087822083197700462e-01	1.285196228489970255e-02	2.714905942833459838e-03	4.580713774806405847e-01	8.220366946587322199e-02	-3.114975023827067785e-02	-2.366708095542244174e-03
5.738441648302404521e-09	2.134117240556345774e+00	1.022399874728419356e+01	3.082249009682551111e-01	1.284761315325481934e-02	2.722734460682851767e-03	4.585157615031517087e-01	8.244902076782091582e-02	-3.100939440689719911e-02	-2.362805667127514195e-03
6.010276782070388176e-09	2.125267639180005386e+00	1.020052894070352778e+01	3.076530125494695844e-01	1.284651297811630760e-02	2.731335454732209886e-03	4.589901172300975829e-01	8.270278135261970032e-02	-3.086958683359297684e-02	-2.359146424584720146e-03
6.294988990221888141e-09	2.116413641306106097e+00	1.017741354317551661e+01	3.070671551070892069e-01	1.284859695724413671e-02	2.740694755611191354e-03	4.594936638919638328e-01	8.296469823186372605e-02	-3.073040241063048489e-02	-2.355726064908888855e-03
6.593188271333541710e-09	2.107561751885449475e+00	1.015466277936411998e+01	3.064679319155902970e-01	1.285379760577312624e-02	2.750797588665223042e-03	4.600256082185808504e-01	8.323451886588667525e-02	-3.059191475719068645e-02	-2.352540502755208745e-03
6.905513520162316861e-09	2.098718288887495120e+00	1.013228659069694082e+01	3.058559382879038058e-01	1.286205372368122088e-02	2.761630642615618865e-03	4.605851868772463664e-01	8.351199586160010235e-02	-3.045419614296514255e-02	-2.349585843163485167e-03
7.232633896483518810e-09	2.089889388345419707e+00	1.011029463569493636e+01	3.052317620397780318e-01	1.287330581194580381e-02	2.773180996632946399e-03	4.611716442163999452e-01	8.379688409273439165e-02	-3.031731750195480052e-02	-2.346858371530234372e-03
7.575250258771920716e-09	2.081081010709229240e+00	1.008869628889736703e+01	3.045959841816611169e-01	1.288749697923010848e-02	2.785436363050237518e-03	4.617842361167231457e-01	8.408894095617097664e-02	-3.018134848836372813e-02	-2.344354544785984002e-03
7.934096665797492339e-09	2.072298940606182693e+00	1.006750061456285117e+01	3.039491794015912740e-01	1.290457172706717739e-02	2.798384580078689191e-03	4.624222239194930584e-01	8.438792489885454939e-02	-3.004635738038222495e-02	-2.342070967731533712e-03
8.309941949353386453e-09	2.063548801062502491e+00	1.004671640903700158e+01	3.032919165847618448e-01	1.292447944747975724e-02	2.812014726761436021e-03	4.630848905736651977e-01	8.469359783500372829e-02	-2.991241128724729526e-02	-2.340004404276251494e-03
8.703591361485183753e-09	2.054836047389666298e+00	1.002635214822816678e+01	3.026247592140929865e-01	1.294716857601590707e-02	2.826315507686440447e-03	4.637715127455075415e-01	8.500572104848150290e-02	-2.977957595489504061e-02	-2.338151745916425533e-03
9.115888299750837812e-09	2.046165977617738552e+00	1.000641600303315926e+01	3.019482661352516639e-01	1.297259094795557947e-02	2.841276431478602198e-03	4.644813807963489860e-01	8.532405765862097202e-02	-2.964791588862229071e-02	-2.336510007460016088e-03
9.547716114208065503e-09	2.037543729251082514e+00	9.986915815994471757e+00	3.012629914734532566e-01	1.300069752389256851e-02	2.856886556492571096e-03	4.652137788719896694e-01	8.564836962829153189e-02	-2.951749421577139904e-02	-2.335076312233488795e-03
1.000000000000000021e-08	2.028974298891640160e+00	9.967859166717282449e+00	3.005694852404308115e-01	1.303143993744567027e-02	2.873134999661487981e-03	4.659679918082725303e-01	8.597841870260265751e-02	-2.938837298954743646e-02	-2.333847910454664790e-03
