# Pressure Mass Radius Compactness k2 k3 h2 h3 j2 j3
9.999999999999999799e-13	1.011022303404905537e-01	7.857915889402171672e+01	1.899868733464285270e-03	7.614816816781515307e-05	1.385499311827761731e-06	9.944758059877191192e-01	3.308154765486495674e-01	-4.291348117518953848e-07	-3.304194035913909741e-08
1.047370897959448749e-12	1.025200253082310803e-01	6.916553975319095571e+01	2.188714773370778899e-03	9.724551976114412613e-05	3.159731545784827672e-06	9.936507961818658030e-01	3.304347426109465746e-01	-6.270854856744183983e-07	-4.733292562944125109e-08
1.096985797892381920e-12	1.040698337170767734e-01	6.163527124077418762e+01	2.493249749847615323e-03	1.235525519505727837e-04	-1.096522601675563724e-05	9.927926376486805315e-01	3.300338631693421343e-01	-8.987451927406395743e-07	-6.603606158769985370e-08
1.148951000187311009e-12	1.057491052956061189e-01	5.549611871752492931e+01	2.813742342873079040e-03	1.567009554252180134e-04	1.149683997289340157e-05	9.919039031666621042e-01	3.296125882366416349e-01	-1.268141706086276519e-06	-9.035963301011934574e-08
1.203377840777590522e-12	1.075563438889200057e-01	5.041153237271848297e+01	3.150477389284557766e-03	1.987065089918186819e-04	2.386881934464956070e-05	9.909882777512289964e-01	3.291706740088922167e-01	-1.765628617551310480e-06	-1.219110412247066992e-07
1.260382929679727463e-12	1.094909030851394655e-01	4.614388851386564738e+01	3.503757847428976523e-03	2.519876911679654833e-04	2.741509584180729350e-05	9.900450436000931553e-01	3.287078868943485443e-01	-2.428825324721190006e-06	-1.628512837812995653e-07
1.320088400831416649e-12	1.115528011923288265e-01	4.252089595563729318e+01	3.873899131437395782e-03	3.193731079895624080e-04	4.020931034264802443e-05	9.890824151432936473e-01	3.282240183683318158e-01	-3.303519898328321172e-06	-2.160762773202778292e-07
1.382622173764653478e-12	1.137425971529726632e-01	3.941473959288894235e+01	4.261227430147334662e-03	4.040963794722106546e-04	4.676508958865041251e-05	9.881039672838297649e-01	3.277188947508949401e-01	-4.444534187806885276e-06	-2.853731610370918363e-07
1.448118227674535917e-12	1.160613129435023455e-01	3.672868939709033498e+01	4.666081098049747883e-03	5.097848659286056180e-04	5.245946922373449323e-05	9.871178515461455083e-01	3.271923832085233408e-01	-5.916547305644308305e-06	-3.756868629102494481e-07
1.516716888470924089e-12	1.185103694509220817e-01	3.438826987334039131e+01	5.088810289441784811e-03	6.404341106533475428e-04	6.625837220711783032e-05	9.861309162589591004e-01	3.266443995873463679e-01	-7.794843574429035089e-06	-4.933153740802536990e-07
1.588565129428052692e-12	1.210914841115413726e-01	3.233529891415977175e+01	5.529768586227129350e-03	8.003729549394985026e-04	7.762449376698018469e-05	9.851512447055131849e-01	3.260749265001629538e-01	-1.016594642258509774e-05	-6.462218804506993650e-07
1.663816886076127415e-12	1.238067318045117243e-01	3.052363907348907901e+01	5.989329205243051554e-03	9.942240609365291925e-04	9.534002612464639685e-05	9.841875681527852970e-01	3.254839979937649841e-01	-1.312826824852596189e-05	-8.442617557611599838e-07
1.742633386009647278e-12	1.266583796011903351e-01	2.891634299387638052e+01	6.467862744456579285e-03	1.226846223171899116e-03	1.167321786776533816e-04	9.832489770817082197e-01	3.248717339611339461e-01	-1.679247302960233958e-05	-1.099510535303654759e-06
1.825183494319046040e-12	1.296490020342186689e-01	2.748342697839474980e+01	6.965760337687386394e-03	1.503285981883809757e-03	1.407972218369400806e-04	9.823451239249063605e-01	3.242383136610039185e-01	-2.128199602186095095e-05	-1.426546059368736017e-06
1.911644075385703708e-12	1.327813502675197488e-01	2.620037408475729279e+01	7.483414887813992326e-03	1.828703086270965514e-03	1.716780156504685295e-04	9.814858677329585390e-01	3.235840016410551079e-01	-2.673318060531010889e-05	-1.842723930957982764e-06
2.002200371815584363e-12	1.360583816503351251e-01	2.504693700894415898e+01	8.021228946569402760e-03	2.208311684334567440e-03	2.091743853130938907e-04	9.806811541356862394e-01	3.229091392490558432e-01	-3.329549290580827690e-05	-2.368488183101260117e-06
2.097046401323230665e-12	1.394832666049982406e-01	2.400625505729191289e+01	8.579617546509604384e-03	2.647304915735203441e-03	2.541880483383726110e-04	9.799412311442180501e-01	3.222141382980459601e-01	-4.113161364881937027e-05	-3.027634895257031389e-06
2.196385372416542332e-12	1.430593304877553484e-01	2.306419616170526155e+01	9.159000868052418615e-03	3.150786158761658372e-03	3.084918606476680261e-04	9.792759541770241771e-01	3.214994884000533792e-01	-5.041729547424640397e-05	-3.847570878979296127e-06
2.300430119772921506e-12	1.467899983050192925e-01	2.220884205671314859e+01	9.759797008201898105e-03	3.723692253002670698e-03	3.729960541683534012e-04	9.786951498030426189e-01	3.207657609555417677e-01	-6.134101922525073949e-05	-4.859526364713876130e-06
2.409403560239526876e-12	1.506789410815210783e-01	2.143004573422131642e+01	1.038244637395186083e-02	4.370723217011130389e-03	4.497374419181859309e-04	9.782080600860501018e-01	3.200135707887427627e-01	-7.410412774884617690e-05	-6.098792230722264924e-06
2.523539170434765862e-12	1.547299974343810947e-01	2.071913632292439189e+01	1.102739942445804706e-02	5.096298924521886105e-03	5.395655872475154692e-04	9.778235402517999608e-01	3.192435855155439373e-01	-8.892032362271144253e-05	-7.604887051958474911e-06
2.643081486974102692e-12	1.589470727731617516e-01	2.006867691801339504e+01	1.169510237533849181e-02	5.904444131057352482e-03	6.446669625632993686e-04	9.775497112997431071e-01	3.184565306359101733e-01	-1.060148463359038301e-04	-9.421646814847125612e-06
2.768286630392061017e-12	1.633342171708541124e-01	1.947224236182212920e+01	1.238601050551138907e-02	6.798804378778646774e-03	7.658875407729295089e-04	9.773940524774469285e-01	3.176531654717972830e-01	-1.256241448743728763e-04	-1.159733500922096396e-05
2.899422853882880921e-12	1.678956202698363154e-01	1.892425601920768230e+01	1.310058796176118319e-02	7.782490513990607435e-03	9.055195187071054001e-04	9.773630117165847953e-01	3.168342662617324446e-01	-1.479952463777304682e-04	-1.418468890615344012e-05
3.036771118035460378e-12	1.726356441418292198e-01	1.841985433060943222e+01	1.383931241019350881e-02	8.858153676682403374e-03	1.064651157727242734e-03	9.774622180024914453e-01	3.160006130898361798e-01	-1.733852327166139314e-04	-1.724093493481935641e-05
3.180625692794118977e-12	1.775587443632052898e-01	1.795478472427393868e+01	1.460266418253326585e-02	1.002781429706144957e-02	1.244788435741492295e-03	9.776960888767018965e-01	3.151529824512918632e-01	-2.020601284311052148e-04	-2.082770169134979239e-05
3.331294787934670055e-12	1.826694340212146050e-01	1.752531576990388018e+01	1.539112149360193776e-02	1.129297285046824278e-02	1.447777342229077894e-03	9.780681325105342605e-01	3.142921487182853135e-01	-2.342937812628381159e-04	-2.501085926209800376e-05
3.489101213406766494e-12	1.879724100469813974e-01	1.712815131888907416e+01	1.620517978620979530e-02	1.265445492226075462e-02	1.674708518376161670e-03	9.785805046915719840e-01	3.134188341866628869e-01	-2.703677179547778588e-04	-2.986046023349007365e-05
3.654383070957261569e-12	1.934724735883713576e-01	1.676037588939417944e+01	1.704533985859578091e-02	1.411245628867740208e-02	1.926888090993079256e-03	9.792341900294561086e-01	3.125337151330357943e-01	-3.105698075147623745e-04	-3.545047297626607071e-05
3.827494478516314936e-12	1.991744579564833639e-01	1.641940535656047118e+01	1.791209790022743956e-02	1.566657779980940024e-02	2.205653168722539106e-03	9.800290734353385158e-01	3.116374298924431963e-01	-3.551927455444053427e-04	-4.185843552650499519e-05
4.008806328898464320e-12	2.050833832101043308e-01	1.610293331907128689e+01	1.880596890797774784e-02	1.731569357076916116e-02	2.511814973721871163e-03	9.809635751653289493e-01	3.107305126205515688e-01	-4.045342118608320596e-04	-4.916529770211862057e-05
4.198707084443905621e-12	2.112042948391072983e-01	1.580890353153297845e+01	1.972746270566183568e-02	1.905805784564050878e-02	2.846366168640953979e-03	9.820349636574005059e-01	3.098134302744978141e-01	-4.588946565940254618e-04	-5.745488583040080826e-05
4.397603609302712498e-12	2.175422808576796541e-01	1.553547510576733615e+01	2.067708786777476895e-02	2.089128746827920158e-02	3.209934039510169233e-03	9.832392795844776545e-01	3.088865581226948875e-01	-5.185763228625695550e-04	-6.681348252606250789e-05
4.605922041145112927e-12	2.241025840506823130e-01	1.528099138519583278e+01	2.165536800546652083e-02	2.281235657995591207e-02	3.602976470785141262e-03	9.845712705929499098e-01	3.079501487192995435e-01	-5.838832503369092899e-04	-7.732952760932423593e-05
4.824108704165373984e-12	2.308904673687383613e-01	1.504396244054592024e+01	2.266282250460998834e-02	2.481776887783620350e-02	4.025784078552256846e-03	9.860247941028064123e-01	3.070043646328837750e-01	-6.551190652697825396e-04	-8.909294152613084336e-05
5.052631065335679604e-12	2.379112824594205866e-01	1.482304229976413978e+01	2.369997703346570644e-02	2.690322630140922627e-02	4.478428402889779274e-03	9.875920905164861097e-01	3.060492093472305664e-01	-7.325866330082245279e-04	-1.021946963926106283e-04
5.291978735958436557e-12	2.451703856872892717e-01	1.461701413571974584e+01	2.476735210479215007e-02	2.906412935873697520e-02	4.960719366826375418e-03	9.892648393721357181e-01	3.050845970770064142e-01	-8.165861927330513113e-04	-1.167261084902143506e-04
5.542664520663095602e-12	2.526732664264392803e-01	1.442477210372776852e+01	2.586548160825596215e-02	3.129520780767384297e-02	5.472268561605423375e-03	9.910333268695191711e-01	3.041102757706412030e-01	-9.074158454539289374e-04	-1.327785019003992607e-04
5.805225516094907684e-12	2.604252972907337149e-01	1.424531424130767121e+01	2.699487804124097237e-02	3.359079759805149584e-02	6.012419253440017854e-03	9.928871028846255609e-01	3.031258901538497752e-01	-1.005367705515918322e-03	-1.504420934345918851e-04
6.080224261649427052e-12	2.684319674841865733e-01	1.407772520695773188e+01	2.815606673963244599e-02	3.594480264638806599e-02	6.580349015083341788e-03	9.948147998952064919e-01	3.021309340532586374e-01	-1.110729733383332115e-03	-1.698058491542035547e-04
6.368249944718585906e-12	2.766987694728751945e-01	1.392116976837743714e+01	2.934956934377625989e-02	3.835082744203726496e-02	7.174953728055478291e-03	9.968044380661297277e-01	3.011247778311778589e-01	-1.223783533482487992e-03	-1.909566229754484554e-04
6.669919663030115058e-12	2.852311904708912382e-01	1.377488368701659915e+01	3.057590421185045829e-02	4.080186847567752323e-02	7.794898142062545512e-03	9.988427567572047971e-01	3.001066255154906104e-01	-1.344803439362051833e-03	-2.139785074435778293e-04
6.985879746785234820e-12	2.940346713432594461e-01	1.363816697234671160e+01	3.183558065447467111e-02	4.329111777794727306e-02	8.438684048569298005e-03	1.000916918926202603e+00	2.990756244116524742e-01	-1.474055099150832883e-03	-2.389520813784260639e-04
7.316807143427207274e-12	3.031146573601110061e-01	1.351037601664639887e+01	3.312910750859508757e-02	4.581108791302646727e-02	9.104579882300197977e-03	1.003012617503208359e+00	2.980307328982158555e-01	-1.611795467133438336e-03	-2.659539260364014572e-04
7.663410868007462274e-12	3.124765279702208520e-01	1.339091891971700932e+01	3.445698350261462706e-02	4.835432218416144123e-02	9.790640538559918643e-03	1.005115590483457666e+00	2.969708308279721543e-01	-1.758271074077570302e-03	-2.950558159024142747e-04
8.026433522257174683e-12	3.221256394404891643e-01	1.327924955273638119e+01	3.581970428598563877e-02	5.091319372227039869e-02	1.049479058139812966e-02	1.007211166468385155e+00	2.958946829992536998e-01	-1.913718035259723543e-03	-3.263242560314308263e-04
8.406652885618316356e-12	3.320672234573843751e-01	1.317486396935402659e+01	3.721774929660039144e-02	5.347994550425092669e-02	1.121475364594018420e-02	1.009284364002104306e+00	2.948009600346332415e-01	-2.078359851617502755e-03	-3.598195938617253036e-04
8.804883581643446547e-12	3.423064550816155016e-01	1.307729539161115184e+01	3.865159232988961413e-02	5.604679642017125485e-02	1.194812656203660811e-02	1.011320081467502074e+00	2.936882437570743631e-01	-2.252407925774873101e-03	-3.955956909060989301e-04
9.221978823334340144e-12	3.528484543763977244e-01	1.298611093325155075e+01	4.012170181574339911e-02	5.860605115226584505e-02	1.269239132835386225e-02	1.013303318288948596e+00	2.925550500774036222e-01	-2.436061137919882328e-03	-4.336994352956286534e-04
9.658832241158709141e-12	3.636980880954983619e-01	1.290090938608808635e+01	4.162851591267675844e-02	6.114992354761061150e-02	1.344490039430672190e-02	1.015218843213986810e+00	2.913998282749004076e-01	-2.629502006751798480e-03	-4.741695693174162690e-04
1.011637979766206976e-11	3.748602168065145457e-01	1.282131671656684624e+01	4.317247618919264202e-02	6.367066252402477089e-02	1.420290396087232551e-02	1.017051366381179545e+00	2.902209544428212551e-01	-2.832900508775047874e-03	-5.170371300152459956e-04
1.059560179277614774e-11	3.863394579869230960e-01	1.274698481346654866e+01	4.475399745281703062e-02	6.616087918529196810e-02	1.496364175668016966e-02	1.018786317543352027e+00	2.890168128675021375e-01	-3.046409637644648376e-03	-5.623242138985352825e-04
1.109752496412069864e-11	3.981404155017327362e-01	1.267758810530368052e+01	4.637349869743508102e-02	6.861318857570998520e-02	1.572426717645061811e-02	1.020408979851924691e+00	2.877857183238110572e-01	-3.270169265092561037e-03	-6.100445141020632367e-04
1.162322468679854125e-11	4.102672077467938716e-01	1.261282358499252432e+01	4.803134181249096163e-02	7.102035868376020689e-02	1.648190511308745762e-02	1.021904946178563645e+00	2.865260114330316354e-01	-3.504297102778046024e-03	-6.602011642783641495e-04
1.217382727739662020e-11	4.227239773004117795e-01	1.255240622937546213e+01	4.972790137062789440e-02	7.337548060239085235e-02	1.723369251191180992e-02	1.023260320928831568e+00	2.852360122752053417e-01	-3.748898061319170735e-03	-7.127885360561604048e-04
1.275051240713012859e-11	4.355144711936523860e-01	1.249606947835946613e+01	5.146350889634842413e-02	7.567184959095653307e-02	1.797677532883646193e-02	1.024461579321400917e+00	2.839140772967232440e-01	-4.004056097618295153e-03	-7.677903495891503453e-04
1.335451562929897339e-11	4.486422936591516475e-01	1.244356235852287007e+01	5.323848873304538876e-02	7.790308135710009851e-02	1.870833544435602375e-02	1.025495734781634694e+00	2.825585743557881280e-01	-4.269839043759279286e-03	-8.251806078373850363e-04
1.398713102647241439e-11	4.621106981070186026e-01	1.239464916752737800e+01	5.505313048760922257e-02	8.006302855044093725e-02	1.942559636944634141e-02	1.026350207635785772e+00	2.811679184606627468e-01	-4.546294423158510171e-03	-8.849226422173632825e-04
1.464971398307287854e-11	4.759225048292105575e-01	1.234910787542842669e+01	5.690768151079147325e-02	8.214595999751161948e-02	2.012587136062544968e-02	1.027013235413784198e+00	2.797406068892045461e-01	-4.833447709300399062e-03	-9.469687339493347566e-04
1.534368408930013065e-11	4.900804270219361602e-01	1.230672833358534746e+01	5.880239012586184477e-02	8.414647307220783634e-02	2.080655561939582718e-02	1.027473578765852880e+00	2.782751699589856020e-01	-5.131309062489705815e-03	-1.011261615511996033e-03
1.607052818261638620e-11	5.045867312095410062e-01	1.226731242990065240e+01	6.073746121768042183e-02	8.605927732815080167e-02	2.146509355704155284e-02	1.027720122264574432e+00	2.767701862075450103e-01	-5.439866466891177428e-03	-1.077733088837581161e-03
1.683180353330955093e-11	5.194431905638645652e-01	1.223067262607052896e+01	6.271305402514257277e-02	8.787990482970811645e-02	2.209914681050369548e-02	1.027743483701094585e+00	2.752244165809870635e-01	-5.759084774377084409e-03	-1.146303969106554329e-03
1.762914118095944293e-11	5.346512746617589906e-01	1.219663100208833306e+01	6.472930689977565710e-02	8.960414908296887582e-02	2.270648285834090535e-02	1.027534695252084518e+00	2.736366874540500094e-01	-6.088909909175674838e-03	-1.216885198820955374e-03
1.846424942895546448e-11	5.502120655870776922e-01	1.216501867695477124e+01	6.678632780664807422e-02	9.122791619316637790e-02	2.328494011866062002e-02	1.027084874683315663e+00	2.720058694545862688e-01	-6.429267350475747177e-03	-1.289377768964594228e-03
1.933891750455232057e-11	5.661261543917368577e-01	1.213567526150345266e+01	6.888418233662527146e-02	9.274784984998266091e-02	2.383259556702439080e-02	1.026386682221682056e+00	2.703310248096761903e-01	-6.780060169452930066e-03	-1.363672603941925568e-03
2.025501939230666486e-11	5.823934671564805488e-01	1.210844829175596260e+01	7.102287332614866389e-02	9.416102973846157687e-02	2.434768612051372433e-02	1.025433678140102112e+00	2.686113621898500448e-01	-7.141165442453306297e-03	-1.439650165883556458e-03
2.121451784910627571e-11	5.990136481031416160e-01	1.208319209311200026e+01	7.320239205803427684e-02	9.546416242938850216e-02	2.482844766007450202e-02	1.024218333725193775e+00	2.668460483118742510e-01	-7.512443054237745964e-03	-1.517182721810454021e-03
2.221946860939528424e-11	6.159857631806482381e-01	1.205976793648271794e+01	7.542267978717817623e-02	9.665570511657745056e-02	2.527359416512206178e-02	1.022737056774971620e+00	2.650346470447094704e-01	-7.893729561597003647e-03	-1.596133491962700409e-03
2.327202478960412005e-11	6.333082569281663909e-01	1.203804337717450856e+01	7.768362469500585121e-02	9.773370737314314438e-02	2.568183629580970614e-02	1.020985183867636037e+00	2.631767190619501151e-01	-8.284837647012861447e-03	-1.676357041975112903e-03
2.437444150122221807e-11	6.509790759537182891e-01	1.201789167263822655e+01	7.998507926243292321e-02	9.869654794764619321e-02	2.605205448150090669e-02	1.018958653686634852e+00	2.612719479638069275e-01	-8.685559341913288295e-03	-1.757700487511044832e-03
2.552908068239516723e-11	6.689953832714724546e-01	1.199919162096554537e+01	8.232682501516504214e-02	9.954307554558285143e-02	2.638332431355780786e-02	1.016654411141458603e+00	2.593201957000473845e-01	-9.095660062564351472e-03	-1.840002861493917089e-03
2.673841615839943880e-11	6.873539499871177405e-01	1.198182697894987569e+01	8.470862335014377187e-02	1.002731170225055340e-01	2.667505181357721425e-02	1.014071544905229771e+00	2.573215722341822831e-01	-9.514888046992880932e-03	-1.923097647225836208e-03
2.800503894183625342e-11	7.060507479589848145e-01	1.196568639661501621e+01	8.713016491512504125e-02	1.008864140671737325e-01	2.692672187250114146e-02	1.011208863013306480e+00	2.552762683332568949e-01	-9.942965680807483095e-03	-2.006811676797863250e-03
2.933166278390048099e-11	7.250811527195714090e-01	1.195066295914776333e+01	8.959109677160904950e-02	1.013828691302065821e-01	2.713794100081063157e-02	1.008065419108775229e+00	2.531845640061400893e-01	-1.037959470238484019e-02	-2.090966855968341438e-03
3.072112998861759207e-11	7.444398728939476406e-01	1.193665404301748190e+01	9.209101386892602770e-02	1.017632649652702032e-01	2.730863274429947557e-02	1.004642281660692360e+00	2.510470116363966997e-01	-1.082445528046140949e-02	-2.175380687169391029e-03
3.217641750250735458e-11	7.641208249342860137e-01	1.192356104476159118e+01	9.462944466031557311e-02	1.020284657537779138e-01	2.743883835979355965e-02	1.000940645107037952e+00	2.488642748803487903e-01	-1.127720373981362136e-02	-2.259866566373992108e-03
3.370064329271925032e-11	7.841171923798783139e-01	1.191128902823651714e+01	9.720586030627115237e-02	1.021793487816160528e-01	2.752868150413467080e-02	9.969616377940068164e-01	2.466370868887711176e-01	-1.173747465642338561e-02	-2.344234949485731519e-03
3.529707302730657668e-11	8.044215695554935985e-01	1.189974674764745011e+01	9.981969152200116657e-02	1.022181049571967565e-01	2.757869128556359600e-02	9.927095182972923704e-01	2.443665323330346806e-01	-1.220488492710803362e-02	-2.428294874018677423e-03
3.696912707195032437e-11	8.250257057850292064e-01	1.188884633163652893e+01	1.024702985876290162e-01	1.021460770110149963e-01	2.758928609973021820e-02	9.881864057880723751e-01	2.420536052712516095e-01	-1.267902854501038248e-02	-2.511853742263510728e-03
3.872038781812557004e-11	8.459206671629513341e-01	1.187850325664532569e+01	1.051569907508467100e-01	1.019663459626312940e-01	2.756137237901662429e-02	9.833986892039904282e-01	2.396997467248972724e-01	-1.315948122693191835e-02	-2.594718967763870541e-03
4.055460735840827506e-11	8.670966499074489464e-01	1.186863609582459311e+01	1.078790042575988456e-01	1.016804609508439317e-01	2.749558076731381528e-02	9.783489019895589278e-01	2.373061547557575868e-01	-1.364579674873451359e-02	-2.676698082320188785e-03
4.247571552536894126e-11	8.885431825052554355e-01	1.185916636067465113e+01	1.106355279556821142e-01	1.012917563429106410e-01	2.739303275116672029e-02	9.730440179399076905e-01	2.348744827909930166e-01	-1.413751253637375929e-02	-2.757600497785128897e-03
4.448782831127576069e-11	9.102490445970425892e-01	1.185001854984676228e+01	1.134256917588548907e-01	1.008029417709338099e-01	2.725476718144458424e-02	9.674894206390936002e-01	2.324063128175836990e-01	-1.463414858803064288e-02	-2.837238059907190059e-03
4.659525668664686662e-11	9.322022317389343504e-01	1.184111996927618726e+01	1.162485627419242579e-01	1.002173116439163542e-01	2.708202655439801571e-02	9.616919839244457702e-01	2.299034327411269285e-01	-1.513520752096133778e-02	-2.915425798014794571e-03
4.880251583654433574e-11	9.543898698485372423e-01	1.183240055197053486e+01	1.191031349876314621e-01	9.953881443346532243e-02	2.687627618975671484e-02	9.556603177336157051e-01	2.273678712934319723e-01	-1.564017340547490392e-02	-2.991982468277560193e-03
5.111433483440165318e-11	9.767984887454183029e-01	1.182379288013370555e+01	1.219883621986586758e-01	9.876974720065925806e-02	2.663859448299181476e-02	9.493987237955132663e-01	2.248012695556781404e-01	-1.614851897216679211e-02	-3.066732393654698213e-03
5.353566677410718816e-11	9.994138018472960017e-01	1.181523214009519940e+01	1.249031291999250504e-01	9.791534054775251350e-02	2.637086782052524073e-02	9.429192154623039501e-01	2.222060933467772392e-01	-1.665970136223447751e-02	-3.139505439897709738e-03
5.607169938205469661e-11	1.022220779661075163e+00	1.180665594499483895e+01	1.278462613434615258e-01	9.697876976021102546e-02	2.607447769395780310e-02	9.362284889790252196e-01	2.195843228999567465e-01	-1.717316470612299459e-02	-3.210138040552284154e-03
5.872786613189488850e-11	1.045203682208521556e+00	1.179800439859587691e+01	1.308165261919385647e-01	9.596457974033588412e-02	2.575118689962414484e-02	9.293369240525629627e-01	2.169383414839429203e-01	-1.768834174207876281e-02	-3.278474025505954525e-03
6.150985788580503926e-11	1.068346108966367281e+00	1.178921995873479567e+01	1.338126393667847525e-01	9.487655022400344473e-02	2.540258411845238221e-02	9.222529402933923315e-01	2.142703702866848858e-01	-1.820465575858063595e-02	-3.344365400357741935e-03
6.442363508721370414e-11	1.091630962147501549e+00	1.178024748321767845e+01	1.368332574344172936e-01	9.371912360607878578e-02	2.503045300907445064e-02	9.149868310208759681e-01	2.115828557069579507e-01	-1.872152059182463982e-02	-3.407672840659852105e-03
6.747544053110686101e-11	1.115040540313935624e+00	1.177103413897433803e+01	1.398769884506685657e-01	9.249667017004842284e-02	2.463655468410369878e-02	9.075488063856057552e-01	2.088782404797077663e-01	-1.923834371320255407e-02	-3.468266527974083087e-03
7.067181273927477085e-11	1.138556449800359083e+00	1.176152937931807330e+01	1.429423787824259384e-01	9.121358723418471204e-02	2.422267213231696706e-02	8.999492886617714849e-01	2.061590219375833977e-01	-1.975452487705803284e-02	-3.526026337224816894e-03
7.401959996915652408e-11	1.162159745176153391e+00	1.175168489562322272e+01	1.460279287884821420e-01	8.987422560678236250e-02	2.379057281707638166e-02	8.921986997961512955e-01	2.034277022608479146e-01	-2.026946015416336913e-02	-3.580842657815962605e-03
7.752597488629464062e-11	1.185830950436882247e+00	1.174145465246041731e+01	1.491320923883539262e-01	8.848316023751506831e-02	2.334207953652649506e-02	8.843082322967494857e-01	2.006868691717025865e-01	-2.078254317765599463e-02	-3.632616783425403513e-03
8.119844993184008328e-11	1.209550032309945289e+00	1.173079479788722956e+01	1.522532719652844868e-01	8.704466731655140233e-02	2.287892042293842437e-02	8.762884096170847625e-01	1.979390369776722891e-01	-2.129316528028811495e-02	-3.681261105627536140e-03
8.504489341802668113e-11	1.233296544720041021e+00	1.171966368374078193e+01	1.553898332939271654e-01	8.556325798311609221e-02	2.240288024291990990e-02	8.681505763912303886e-01	1.951868052526499198e-01	-2.180071940226429791e-02	-3.726699653133214163e-03
8.907354638610458163e-11	1.257049453758848800e+00	1.170802185772668658e+01	1.585400804167743927e-01	8.404335051922488808e-02	2.191569344407528694e-02	8.599060263036328866e-01	1.924327604079720533e-01	-2.230459700984910310e-02	-3.768867868425977360e-03
9.329304026284695888e-11	1.280787600506126278e+00	1.169583195239690099e+01	1.617023121519874373e-01	8.248923183568941664e-02	2.141904249745625599e-02	8.515658259045816303e-01	1.896794345688238015e-01	-2.280419868276002682e-02	-3.807713553625643923e-03
9.771241535346501225e-11	1.304489499460288249e+00	1.168305894146809365e+01	1.648747898039977788e-01	8.090511605637396020e-02	2.091456306824734240e-02	8.431410294456621601e-01	1.869293353549445758e-01	-2.329893053741396644e-02	-3.843196488286078349e-03
1.023411402105452712e-10	1.328133167688640537e+00	1.166966988556477425e+01	1.680557153307063734e-01	7.929519826750021372e-02	2.040386390420643667e-02	8.346428727618255827e-01	1.841849852848575775e-01	-2.378820082308613290e-02	-3.875287961673655468e-03
1.071891319205126445e-10	1.351696540832459714e+00	1.165563394205916659e+01	1.712432800763271368e-01	7.766360352592481531e-02	1.988849869497834669e-02	8.260825789812403785e-01	1.814488570685257318e-01	-2.427142983603063769e-02	-3.903971442542733799e-03
1.122667773510811312e-10	1.375157258393653992e+00	1.164092233288298672e+01	1.744356343122927810e-01	7.601433397105053502e-02	1.936995887747253869e-02	8.174712455746832029e-01	1.787233861120105516e-01	-2.474804532427191117e-02	-3.929241893695343407e-03
1.175849554052158201e-10	1.398493052946750526e+00	1.162550841872512741e+01	1.776309315518029008e-01	7.435108303809695451e-02	1.884962658284705314e-02	8.088192308916465345e-01	1.760108828236756073e-01	-2.521749140077397117e-02	-3.951106119217017570e-03
1.231550603292826197e-10	1.421681376279941400e+00	1.160936776473852738e+01	1.808272760488690289e-01	7.267776961387693857e-02	1.832890196470522357e-02	8.001378356652586454e-01	1.733137250702642407e-01	-2.567922114732519231e-02	-3.969581933568821878e-03
1.289890261253308184e-10	1.444700036594599002e+00	1.159247784057937913e+01	1.840228042343344528e-01	7.099787140974266053e-02	1.780903767788321115e-02	7.914371941797768706e-01	1.706341001576695271e-01	-2.613270984627226803e-02	-3.984698378711567374e-03
1.350993521198024986e-10	1.467526631348599286e+00	1.157481838907577831e+01	1.872156028100854241e-01	6.931496784718564619e-02	1.729127609419419884e-02	7.827280259811518759e-01	1.679742295436600641e-01	-2.657744390179743454e-02	-3.996494778205012324e-03
1.414991297434578731e-10	1.490138913506937168e+00	1.155637103902019724e+01	1.904037571335366885e-01	6.763224460466948917e-02	1.677672129501369541e-02	7.740200497844712535e-01	1.653361733723106297e-01	-2.701292830667658892e-02	-4.005020496339085911e-03
1.482020705798860072e-10	1.512514745947141970e+00	1.153711939609845771e+01	1.935853398869147035e-01	6.595289303516019275e-02	1.626644547735557958e-02	7.653232346738300107e-01	1.627219738923368908e-01	-2.743868594907533653e-02	-4.010334391514538618e-03
1.552225357427047968e-10	1.534632567139705195e+00	1.151704926999475198e+01	1.967584626550160365e-01	6.427989110247411819e-02	1.576142665241567209e-02	7.566470611903021171e-01	1.601335425944330204e-01	-2.785426721752425061e-02	-4.012504667761663743e-03
1.625755666443793407e-10	1.556470660939650141e+00	1.149614827086909763e+01	1.999211850031919202e-01	6.261607674901029097e-02	1.526257401515228665e-02	7.480008438595152631e-01	1.575727474238639014e-01	-2.825923517316878894e-02	-4.011607574181298361e-03
1.702769172225897821e-10	1.578008130856941804e+00	1.147440601727893750e+01	2.030716317354297473e-01	6.096407570683735205e-02	1.477070677857596215e-02	7.393933703981948602e-01	1.550413121737810318e-01	-2.865318497361784081e-02	-4.007727453206216470e-03
1.783430876931905687e-10	1.599224591090685488e+00	1.145181392875946536e+01	2.062079531425740631e-01	5.932644521521131253e-02	1.428659256350975869e-02	7.308334083320748853e-01	1.525408930460687984e-01	-2.903573733410440630e-02	-4.000955689573548052e-03
1.867913599020784805e-10	1.620099863670569240e+00	1.142836587451020236e+01	2.093282702831516517e-01	5.770555573969399221e-02	1.381092101196142868e-02	7.223293716268499587e-01	1.500730728689533555e-01	-2.940653330561378287e-02	-3.991390338955305706e-03
1.956398343517064725e-10	1.640613967226764336e+00	1.140405704159819500e+01	2.124306894696171011e-01	5.610329104026665764e-02	1.334423382188618806e-02	7.138882776240136341e-01	1.476392468261390756e-01	-2.976523287981344690e-02	-3.979134933666901228e-03
2.049074689815846066e-10	1.660748179467210761e+00	1.137888453141096434e+01	2.155134253901553887e-01	5.452191202959685845e-02	1.288713002308413021e-02	7.055185160197580130e-01	1.452408477734547232e-01	-3.011153555923342523e-02	-3.964298297971438102e-03
2.146141197858401440e-10	1.680484308263308302e+00	1.135284729207379328e+01	2.185747047448903801e-01	5.296314292603741813e-02	1.244005048501467883e-02	6.972268716658568399e-01	1.428790888811478643e-01	-3.044516591768108363e-02	-3.946993606648710635e-03
2.247805833548729991e-10	1.699804594407051228e+00	1.132594617463434616e+01	2.216127487179454791e-01	5.142864385129487098e-02	1.200339616888264002e-02	6.890201136639650947e-01	1.405551416427084088e-01	-3.076587170141148464e-02	-3.927337841061463025e-03
2.354286414322420067e-10	1.718692073360257977e+00	1.129818370198780464e+01	2.246258208666551404e-01	4.991995287466018810e-02	1.157751321906337789e-02	6.809047490941981806e-01	1.382700865256465961e-01	-3.107342994549986553e-02	-3.905451012211812612e-03
2.465811075822603842e-10	1.737130557734268166e+00	1.126956391959761916e+01	2.276122248192407049e-01	4.843834610903764715e-02	1.116266162958510881e-02	6.728865221393616203e-01	1.360248638967492540e-01	-3.136764593953322855e-02	-3.881455399616175021e-03
2.582618760682674929e-10	1.755104736110792096e+00	1.124009248524474813e+01	2.305703126672055958e-01	4.698510575621620000e-02	1.075908117150958278e-02	6.649713362868561184e-01	1.338203697984568785e-01	-3.164835463173291258e-02	-3.855474961111416375e-03
2.704959730463131364e-10	1.772600101009197182e+00	1.120977676262151768e+01	2.334984708818120258e-01	4.556122542450526808e-02	1.036692679456319155e-02	6.571642135099352577e-01	1.316573609076127638e-01	-3.191541890775836249e-02	-3.827634816556197989e-03
2.833096101839318258e-10	1.789603245156752953e+00	1.117862542559350736e+01	2.363951649832875257e-01	4.416762086478788485e-02	9.986314537451648765e-03	6.494699853000561740e-01	1.295365009813725099e-01	-3.216873365322247408e-02	-3.798060278627338887e-03
2.967302408188872501e-10	1.806101619358942978e+00	1.114664880147552850e+01	2.392588985342305463e-01	4.280502126707782379e-02	9.617302348903246020e-03	6.418929256959829965e-01	1.274583499085386595e-01	-3.240822125067666093e-02	-3.766876626618086144e-03
3.107866187782014063e-10	1.822083288291762582e+00	1.111385883642092054e+01	2.420881790077389628e-01	4.147419638263708658e-02	9.259945340455906851e-03	6.344376041055675985e-01	1.254234707122377779e-01	-3.263382680059342955e-02	-3.734208767830863706e-03
3.255088599835056406e-10	1.837537498426413674e+00	1.108026848528531438e+01	2.448816041822997891e-01	4.017542590809750069e-02	8.914174592493639623e-03	6.271068256875031999e-01	1.234321802364409110e-01	-3.284552643659082588e-02	-3.700180053376694953e-03
3.409285069746807543e-10	1.852454527574973087e+00	1.104589203947298515e+01	2.476378341155889562e-01	3.890931220572053928e-02	8.579982025102732279e-03	6.199046654456588090e-01	1.214848736213429981e-01	-3.304332424450832223e-02	-3.664912093762589477e-03
3.570785964900469852e-10	1.866825382604134997e+00	1.101074533386045928e+01	2.503555446643957461e-01	3.767609051746835525e-02	8.257269161567095880e-03	6.128339264816830001e-01	1.195817905246516072e-01	-3.322724695696064462e-02	-3.628524774839160440e-03
3.739937302478801677e-10	1.880642272506628521e+00	1.097484491689908914e+01	2.530335081860012325e-01	3.647596305459132465e-02	7.945923436379934493e-03	6.058973025232436971e-01	1.177231029594248829e-01	-3.339734976236406055e-02	-3.591134952084081879e-03
3.917101490809260641e-10	1.893898502808560202e+00	1.093820867231027805e+01	2.556705651523462630e-01	3.530897076268067758e-02	7.645788954742252855e-03	5.990969005191758567e-01	1.159088772657136668e-01	-3.355371461153894980e-02	-3.552856620751927361e-03
4.102658105827190344e-10	1.906588086221506328e+00	1.090085573867139956e+01	2.582655726653379502e-01	3.417510426877577029e-02	7.356695834235192112e-03	5.924346967299716216e-01	1.141391493827020598e-01	-3.369644300064308234e-02	-3.513800928890435573e-03
4.297004704320835313e-10	1.918706307384308918e+00	1.086280596376315621e+01	2.608174930501424571e-01	3.307435069940396072e-02	7.078470067749306933e-03	5.859126411186766914e-01	1.124139005054431012e-01	-3.382566349738345274e-02	-3.474075048533050054e-03
4.500557675700488183e-10	1.930249187027471169e+00	1.082408033153248006e+01	2.633253114370755488e-01	3.200641618550018747e-02	6.810873666538735938e-03	5.795316136609658386e-01	1.107329844214273579e-01	-3.394152294073684434e-02	-3.433782758156221637e-03
4.713753134116729086e-10	1.941213879277787102e+00	1.078470066198948274e+01	2.657880968167121716e-01	3.097123296307275481e-02	6.553719129827901418e-03	5.732933797048600510e-01	1.090963110348465021e-01	-3.404419151801194726e-02	-3.393023682487870691e-03
4.937047852839003559e-10	1.951598517589258952e+00	1.074468935828734217e+01	2.682049880436753186e-01	2.996835107538330448e-02	6.306733618121724075e-03	5.671981545265669666e-01	1.075035970015965209e-01	-3.413385907729350049e-02	-3.351893114047197787e-03
5.170920242896755486e-10	1.961402095656928690e+00	1.070407004660529182e+01	2.705751622820465885e-01	2.899744922787149057e-02	6.069675485242890210e-03	5.612466696181656056e-01	1.059545996882876595e-01	-3.421073352173523152e-02	-3.310482496731877861e-03
5.415871378079465267e-10	1.970624428706641451e+00	1.066286678959850853e+01	2.728978496554970712e-01	2.805809048716293233e-02	5.842279915827166409e-03	5.554391657161716900e-01	1.044490064997837808e-01	-3.427503822890828195e-02	-3.268878836111318437e-03
5.672426068491988835e-10	1.979266366931234478e+00	1.062110423107616164e+01	2.751723603328070644e-01	2.714988108800478472e-02	5.624294805818182315e-03	5.497760161631133347e-01	1.029864927392591528e-01	-3.432701472162121709e-02	-3.227164513899676533e-03
5.941133984965039838e-10	1.987329665214577101e+00	1.057880754098178500e+01	2.773980694478548892e-01	2.627225500855565055e-02	5.415433168503774181e-03	5.442568332305569578e-01	1.015666334430408713e-01	-3.436691975615593225e-02	-3.185417356347597980e-03
6.222570836730231313e-10	1.994816886228758301e+00	1.053600256862137030e+01	2.795744010058647255e-01	2.542462919843480398e-02	5.215409111065104873e-03	5.388811121952333805e-01	1.001889809909522339e-01	-3.439502347327622056e-02	-3.143710875100967032e-03
6.517339604882420571e-10	2.001731327848641939e+00	1.049271572174354006e+01	2.817008221022264114e-01	2.460642125804813132e-02	5.023942447073349686e-03	5.336483073287698886e-01	9.885307754901252741e-02	-3.441160743552893614e-02	-3.102114293014772168e-03
6.826071834272379248e-10	2.008077191105587023e+00	1.044897348156217198e+01	2.837768811313181039e-01	2.381724097417318303e-02	4.840799505540208450e-03	5.285586312402194009e-01	9.755852570490605724e-02	-3.441696559175749792e-02	-3.060692038322754965e-03
7.149428986597561750e-10	2.013859447073821585e+00	1.040480280876623809e+01	2.858021804305896918e-01	2.305623908295850386e-02	4.665651915170760181e-03	5.236102563845672631e-01	9.630470329275450658e-02	-3.441140208269579531e-02	-3.019504215011915502e-03
7.488103857590030225e-10	2.019083713082596265e+00	1.036023117514045033e+01	2.877763595628741178e-01	2.232270666488630692e-02	4.498206709065357897e-03	5.188018917070031932e-01	9.509104128693461611e-02	-3.439522931334872136e-02	-2.978606931810069171e-03
7.842822061337681836e-10	2.023756327296397650e+00	1.031528618448113832e+01	2.896991181454462438e-01	2.161621543866162898e-02	4.338240614635158893e-03	5.141334105450370284e-01	9.391709360975690479e-02	-3.436876752519044814e-02	-2.938051982283819072e-03
8.214343584919422200e-10	2.027884286686700399e+00	1.026999549639502085e+01	2.915702115352803436e-01	2.093588545291775668e-02	4.185435050374166147e-03	5.096026169787029048e-01	9.278218075465186065e-02	-3.433234317932315482e-02	-2.897886968515313647e-03
8.603464416684491388e-10	2.031475304122028813e+00	1.022438696085162668e+01	2.933894576933501752e-01	2.028114564273739498e-02	4.039547121693494794e-03	5.052085957231916558e-01	9.168575928950598031e-02	-3.428628949105756718e-02	-2.858155448440649008e-03
9.011018251665036851e-10	2.034537492834482819e+00	1.017848899004589569e+01	2.951566831997166074e-01	1.965125390825060714e-02	3.900301307737562978e-03	5.009496213640636242e-01	9.062720764346590685e-02	-3.423094243023081656e-02	-2.818897762067600326e-03
9.437878277775391497e-10	2.037079627361267242e+00	1.013232953581169227e+01	2.968717923363043409e-01	1.904553905238063477e-02	3.767444365183787724e-03	4.968241807552644107e-01	8.960591860859953850e-02	-3.416664169723353933e-02	-2.780150030852296308e-03
9.884959046625586031e-10	2.039110955562195127e+00	1.008593685540586549e+01	2.985347204859885029e-01	1.846328597437913929e-02	3.640719356941130459e-03	4.928304896587358819e-01	8.862126119545365999e-02	-3.409372934426369711e-02	-2.741945128015598528e-03
1.035321843295661502e-09	2.040641237110314421e+00	1.003933899694642662e+01	3.001454570833193558e-01	1.790381805632037734e-02	3.519883554363271994e-03	4.889668477120020507e-01	8.767261219315809762e-02	-3.401254881846160760e-02	-2.704312371284843097e-03
1.084365968689608688e-09	2.041680687713508302e+00	9.992564124744623300e+00	3.017040304398040940e-01	1.736643955771821971e-02	3.404696064837983965e-03	4.852313849633461129e-01	8.675933458177044477e-02	-3.392344455122152380e-02	-2.667277984307081171e-03
1.135733358343102889e-09	2.042239822114007897e+00	9.945640537308861440e+00	3.032104861843416543e-01	1.685047476767916746e-02	3.294925814527984321e-03	4.816222579540182513e-01	8.588080526076129206e-02	-3.382675972941360382e-02	-2.630865474077584074e-03
1.189534067370320724e-09	2.042329626344737914e+00	9.898595982460275167e+00	3.046649358407568786e-01	1.635524582703109034e-02	3.190347058979639810e-03	4.781375073598895797e-01	8.503638500959258273e-02	-3.372283667137923602e-02	-2.595095002742053066e-03
1.245883364295008068e-09	2.041961369801449155e+00	9.851458461058072658e+00	3.060675071602692587e-01	1.588008830564874643e-02	3.090741941292611712e-03	4.747751692440114746e-01	8.422544536109558000e-02	-3.361201599134554935e-02	-2.559984404560613266e-03
1.304901978014401580e-09	2.041146623834361407e+00	9.804255574733335976e+00	3.074183690725834639e-01	1.542434867549812016e-02	2.995900397387413899e-03	4.715332434918089732e-01	8.344735864555528904e-02	-3.349463518221664632e-02	-2.525548801051887872e-03
1.366716356462010101e-09	2.039897257517147455e+00	9.757014849870779827e+00	3.087177235545897069e-01	1.498738353777862541e-02	2.905619228208398269e-03	4.684096965181508976e-01	8.270149952954866657e-02	-3.337102909295471681e-02	-2.491800983752112068e-03
1.431458937523481393e-09	2.038225341054677564e+00	9.709763608912370003e+00	3.099657973783054854e-01	1.456856455214637462e-02	2.819703406499352201e-03	4.654024916885990959e-01	8.198725198159761973e-02	-3.324152833286019709e-02	-2.458751587914398927e-03
1.499268432786047049e-09	2.036143162111833771e+00	9.662528967956564685e+00	3.111628468854034102e-01	1.416727827386404445e-02	2.737965521002686496e-03	4.625095855900982489e-01	8.130400644775320762e-02	-3.310645934124248346e-02	-2.426409190905170609e-03
1.570290124729377524e-09	2.033663190523173459e+00	9.615337638226492345e+00	3.123091613178691217e-01	1.378291917298180187e-02	2.660224140964877453e-03	4.597288921606475509e-01	8.065115484841765825e-02	-3.296614342440305767e-02	-2.394780338392394833e-03
1.644676177994662829e-09	2.030798039283901346e+00	9.568216313568182585e+00	3.134050465817432851e-01	1.341490286494249548e-02	2.586306667903838594e-03	4.570583607403088111e-01	8.002810462276904735e-02	-3.282089714663732893e-02	-2.363870006973156114e-03
1.722585965398783835e-09	2.027560425420184664e+00	9.521191277638687112e+00	3.144508339748672832e-01	1.306265999400061870e-02	2.516047308412451815e-03	4.544959408849368332e-01	7.943427057051691276e-02	-3.267103091897764072e-02	-2.333681479542245099e-03
1.804186409392068039e-09	2.023963175306702666e+00	9.474288542287579773e+00	3.154468786419712956e-01	1.272563230245493497e-02	2.449286515522658587e-03	4.520395653448963103e-01	7.886907438767834511e-02	-3.251684939300657218e-02	-2.304216548133153873e-03
1.889652339691211477e-09	2.020019180326151353e+00	9.427533721493887242e+00	3.163935589418412908e-01	1.240328679610078547e-02	2.385873577486017499e-03	4.496872220811062859e-01	7.833195196631252688e-02	-3.235865066392781819e-02	-2.275475587328315650e-03
1.979166867853557524e-09	2.015741384358460841e+00	9.380952264021500397e+00	3.172912686987939268e-01	1.209509655950051846e-02	2.325662276108659849e-03	4.474368669611241689e-01	7.782234559736707358e-02	-3.219672674151340119e-02	-2.247457842138633581e-03
2.072921779595369695e-09	2.011142744509476277e+00	9.334569128531239102e+00	3.181404238068021861e-01	1.180055551694130823e-02	2.268514030595346689e-03	4.452864932825758015e-01	7.733970979723339689e-02	-3.203136237563510708e-02	-2.220161335845377559e-03
2.171117945694509622e-09	2.006236248378544751e+00	9.288409166308817078e+00	3.189414538497848950e-01	1.151917135274114871e-02	2.214296214821292411e-03	4.432341049280250633e-01	7.688351054230066484e-02	-3.186283628919844846e-02	-2.193583213034320904e-03
2.273965752357932151e-09	2.001034824009641166e+00	9.242496697239218406e+00	3.196948039763634619e-01	1.125048305033957662e-02	2.162884644932215172e-03	4.412778051482275088e-01	7.645323140001453188e-02	-3.169141921089329433e-02	-2.167719639357052787e-03
2.381685551976160644e-09	1.995551404825749664e+00	9.196855762357701636e+00	3.204009383019340573e-01	1.099402260141484414e-02	2.114157616417980216e-03	4.394156026717471741e-01	7.604835669009285537e-02	-3.151737538977752301e-02	-2.142565972190232319e-03
2.494508135230316413e-09	1.989798850104013805e+00	9.151509962715842050e+00	3.210603344353231692e-01	1.074934049524929429e-02	2.067998567746748631e-03	4.376455457134829641e-01	7.566838079401615180e-02	-3.134096140190147789e-02	-2.118116824750931795e-03
2.612675225563326382e-09	1.983789978102996621e+00	9.106482690796546819e+00	3.216734822535567973e-01	1.051604523759006038e-02	2.024306334248887704e-03	4.359659267607347566e-01	7.531283645546864303e-02	-3.116242729179906704e-02	-2.094366258408103792e-03
2.736439997074666368e-09	1.977537513324685969e+00	9.061796946797336716e+00	3.222408832582693838e-01	1.029367757753750327e-02	1.982966304047889365e-03	4.343746443901288501e-01	7.498121773645592680e-02	-3.098201564716922957e-02	-2.071307778407148730e-03
2.866067616948244470e-09	1.971054081230328547e+00	9.017475351502184822e+00	3.227630506629296514e-01	1.008191324247797310e-02	1.943895868254291986e-03	4.328702392854975600e-01	7.467310256869096052e-02	-3.079996184295824557e-02	-2.048934421864982702e-03
3.001835813575592210e-09	1.964352210215056571e+00	8.973540074099485508e+00	3.232405136743371488e-01	9.880324383235637026e-03	1.906990953162357536e-03	4.314506737848263773e-01	7.438800691814390076e-02	-3.061649395334722565e-02	-2.027238741183956007e-03
3.144035471591500167e-09	1.957444320473120669e+00	8.930013077515592812e+00	3.236738081820303425e-01	9.688541676016501625e-03	1.872161512352647729e-03	4.301141691685174684e-01	7.412548428014588409e-02	-3.043183352147659643e-02	-2.006213055165987844e-03
3.292971255097148186e-09	1.950342690843960947e+00	8.886915808964854335e+00	3.240634836128852836e-01	9.506246301446879057e-03	1.839330879183244567e-03	4.288591630458158388e-01	7.388512178725062385e-02	-3.024619461830196573e-02	-1.985849320146431968e-03
3.448962260405766611e-09	1.943059482936043469e+00	8.844269387761627854e+00	3.244101013333643424e-01	9.333083005678172173e-03	1.808414849932808537e-03	4.276838646181728709e-01	7.366648379827972493e-02	-3.005978474633960382e-02	-1.966139266965396832e-03
3.612342699709437910e-09	1.935606722242106947e+00	8.802094700971032637e+00	3.247142290767099926e-01	9.168747174232005220e-03	1.779342021753287486e-03	4.265867093003347099e-01	7.346916967230471274e-02	-2.987280513598847276e-02	-1.947074537517801997e-03
3.783462617131932968e-09	1.927996269686625075e+00	8.760412112243896487e+00	3.249764478699546655e-01	9.012919935262526591e-03	1.752038659339333598e-03	4.255660198177005915e-01	7.329276968646156187e-02	-2.968544988875060006e-02	-1.928646552171987827e-03
3.962688638701478467e-09	1.920239840887295157e+00	8.719241654788971729e+00	3.251973491759453383e-01	8.865302532725541015e-03	1.726436388448188359e-03	4.246201874157975453e-01	7.313688724277456199e-02	-2.949790689357451728e-02	-1.910846651535754066e-03
4.150404757850472502e-09	1.912348995982782629e+00	8.678603004329366044e+00	3.253775350953969636e-01	8.725650251525038370e-03	1.702479986270378966e-03	4.237478495129962663e-01	7.300116037517910550e-02	-2.931035792504053591e-02	-1.893666127137054586e-03
4.347013158125017173e-09	1.904335137382283660e+00	8.638515521881044990e+00	3.255176172398464018e-01	8.593655329459486125e-03	1.680100675300518105e-03	4.229472845564006267e-01	7.288518843184468854e-02	-2.912297884796876887e-02	-1.877096268320378909e-03
4.552935074866938773e-09	1.896209494046241950e+00	8.598998152923664762e+00	3.256182186328430150e-01	8.469072742425013192e-03	1.659244513537007446e-03	4.222170641670657809e-01	7.278860967540405624e-02	-2.893593950978852816e-02	-1.861128351305469178e-03
4.768611697714474181e-09	1.887983126146815627e+00	8.560069446194114917e+00	3.256799745727511630e-01	8.351657108934252421e-03	1.639857896220565416e-03	4.215557264005543869e-01	7.271106088175595394e-02	-2.874940401896726450e-02	-1.845753662619129595e-03
4.994505115855140358e-09	1.879666932632257703e+00	8.521747650194027912e+00	3.257035309834833137e-01	8.241176938627694029e-03	1.621891139732306543e-03	4.209618521680832393e-01	7.265218780916693486e-02	-2.856353129877303373e-02	-1.830963576313545185e-03
5.231099308056257792e-09	1.871271633027767667e+00	8.484050609147470112e+00	3.256895458691830836e-01	8.137403435240482194e-03	1.605295467037513553e-03	4.204340068760540894e-01	7.261163620034115362e-02	-2.837847484455551308e-02	-1.816749526033583544e-03
5.478901179593956120e-09	1.862807781338432722e+00	8.446995824183288093e+00	3.256386899859601836e-01	8.040130941379213664e-03	1.590027827085592439e-03	4.199708471134270260e-01	7.258906476452869905e-02	-2.819438324955845718e-02	-1.803103044978535130e-03
5.738441648302404521e-09	1.854285747296205766e+00	8.410600370850204399e+00	3.255516472941443751e-01	7.949134669962444957e-03	1.576040889543553957e-03	4.195709014744647969e-01	7.258411717823157194e-02	-2.801139999775418415e-02	-1.790015749581810737e-03
6.010276782070388176e-09	1.845715735508105304e+00	8.374880975625167423e+00	3.254291158540000839e-01	7.864252512949355262e-03	1.563302467679770266e-03	4.192329957338369328e-01	7.259647536131350054e-02	-2.782966410565090518e-02	-1.777479383243510055e-03
6.294988990221888141e-09	1.837107782849660476e+00	8.339854028519624762e+00	3.252718073218918704e-01	7.785291200615531738e-03	1.551773077842216828e-03	4.189557662734396115e-01	7.262579738504632010e-02	-2.764931029630818271e-02	-1.765485836270497960e-03
6.593188271333541710e-09	1.828471734251060576e+00	8.305535426621592165e+00	3.250804491437094823e-01	7.712057511378535464e-03	1.541413466833937767e-03	4.187378213216091938e-01	7.267173732967407984e-02	-2.747046854013176359e-02	-1.754027083166229779e-03
6.905513520162316861e-09	1.819817288602284089e+00	8.271940790915765618e+00	3.248557845673480382e-01	7.644389917600449315e-03	1.532191821534744335e-03	4.185779056636523277e-01	7.273396499297277162e-02	-2.729326533679489811e-02	-1.743095284217415939e-03
7.232633896483518810e-09	1.811153959679980385e+00	8.239085290304288378e+00	3.245985728625651046e-01	7.582133857631389966e-03	1.524078187164197443e-03	4.184747724430160076e-01	7.281215014480875436e-02	-2.711782301802870276e-02	-1.732682723772014256e-03
7.575250258771920716e-09	1.802491092689760155e+00	8.206983683899878201e+00	3.243095908239436165e-01	7.525129913211902125e-03	1.517041498691278165e-03	4.184271211979746496e-01	7.290595356366792734e-02	-2.694426022694453374e-02	-1.722781826942812455e-03
7.934096665797492339e-09	1.793837881657166289e+00	8.175650347386493877e+00	3.239896350262518876e-01	7.473236066641647350e-03	1.511054710769064221e-03	4.184337114702793570e-01	7.301504003164795142e-02	-2.677269234430598027e-02	-1.713385161092592819e-03
8.309941949353386453e-09	1.785203316166291909e+00	8.145099101856335011e+00	3.236395191008849537e-01	7.426310596308640689e-03	1.506090951774754789e-03	4.184932769254602891e-01	7.313906857175989096e-02	-2.660323068770749019e-02	-1.704485401027947119e-03
8.703591361485183753e-09	1.776596196539580008e+00	8.115343162141856581e+00	3.232600785194827409e-01	7.384222079624606569e-03	1.502125653647324623e-03	4.186045731073266274e-01	7.327769614361330508e-02	-2.643598270265035827e-02	-1.696075281356998043e-03
9.115888299750837812e-09	1.768025300246002907e+00	8.086395828440929634e+00	3.228521733203452149e-01	7.346842818259720527e-03	1.499135147717480790e-03	4.187663412493859427e-01	7.343057242733252998e-02	-2.627105564931379866e-02	-1.688147840198945442e-03
9.547716114208065503e-09	1.759499128012444125e+00	8.058269614175479489e+00	3.224166765743840535e-01	7.314049772796115713e-03	1.497096681836132537e-03	4.189773232155942218e-01	7.359734413567999012e-02	-2.610855187019821277e-02	-1.680696182643522238e-03
1.000000000000000021e-08	1.751026041369388775e+00	8.030976471075119250e+00	3.219544902379815055e-01	7.285728407595483402e-03	1.495989479607827497e-03	4.192362674571539771e-01	7.377765131806564292e-02	-2.594857097673373969e-02	-1.673713454639423181e-03
