# Pressure Mass Radius Compactness k2 k3 h2 h3 j2 j3
9.999999999999999799e-13	9.111647680184302434e-02	9.303894787867898231e+01	1.446113441952726324e-03	1.667983662479027309e-04	-3.159985753067236325e-06	9.959935467398567388e-01	3.314475228379670790e-01	-4.729517450951151166e-07	-8.427356525398178475e-08
1.047370897959448749e-12	9.200007949378556649e-02	8.123702914294305799e+01	1.672262322551277235e-03	1.641749431384798073e-04	7.528310441999742462e-06	9.953079230974003488e-01	3.311450478837330569e-01	-5.627744260154050056e-07	-9.295530405665322149e-08
1.096985797892381920e-12	9.302347041975175812e-02	7.168215029454094633e+01	1.916248147638233406e-03	1.664092866240172032e-04	1.045223245035958183e-05	9.946024154579047316e-01	3.308199583278910727e-01	-6.847543777935010832e-07	-1.037157282728330641e-07
1.148951000187311009e-12	9.418550596544723874e-02	6.383787867341274591e+01	2.178591792517994060e-03	1.738859284936412452e-04	-1.632069086199318262e-05	9.938296365701395629e-01	3.304714465844110771e-01	-8.516301835547194804e-07	-1.170212772863149091e-07
1.203377840777590522e-12	9.548392245376798038e-02	5.732883977802375597e+01	2.459389609180614566e-03	1.875458651802697468e-04	-2.525452326450883291e-05	9.930244381444672808e-01	3.300993546316361993e-01	-1.080552954053992097e-06	-1.335112974331883745e-07
1.260382929679727463e-12	9.691413139622827300e-02	5.188323277554354007e+01	2.758228960848221455e-03	2.087671747019456204e-04	7.941713598194625925e-05	9.921776346120048107e-01	3.297042461915812295e-01	-1.393639309195875164e-06	-1.540891193799138702e-07
1.320088400831416649e-12	9.846970046781640395e-02	4.729526148239244066e+01	3.074363539652252234e-03	2.393398443709398736e-04	4.835209928928952539e-05	9.912963514840396062e-01	3.292871703559698826e-01	-1.818429283156468007e-06	-1.799939888774402651e-07
1.382622173764653478e-12	1.001438804228168555e-01	4.340317950300266858e+01	3.407007626443856949e-03	2.814483250339298447e-04	5.042226207652413732e-05	9.903920655006988039e-01	3.288492777545233281e-01	-2.388378289195096030e-06	-2.129378894479396016e-07
1.448118227674535917e-12	1.019301078545480493e-01	4.007887543078008008e+01	3.755408557549316188e-03	3.375907340905485738e-04	5.468791065726515214e-05	9.894705649529186298e-01	3.283917124234849716e-01	-3.143079111159636656e-06	-2.552212611935689984e-07
1.516716888470924089e-12	1.038223135556384652e-01	3.722038803867160084e+01	4.118888550274741808e-03	4.105502604234487879e-04	6.351642857009879520e-05	9.885387123865111425e-01	3.279155669410974139e-01	-4.128336734138251432e-06	-3.098678032878848787e-07
1.588565129428052692e-12	1.058151875906250955e-01	3.474615568732593118e+01	4.496881878951145689e-03	5.033211803626623472e-04	6.546640385030359430e-05	9.876057135695193168e-01	3.274218301342460280e-01	-5.396174386985926174e-06	-3.807566348096008625e-07
1.663816886076127415e-12	1.079044166649154729e-01	3.259059099181121866e+01	4.888968289151258105e-03	6.190759945655901130e-04	6.861843971781581486e-05	9.866787612301400889e-01	3.269113489483909119e-01	-7.004893088936430464e-06	-4.727512911545949670e-07
1.742633386009647278e-12	1.100869023233961158e-01	3.070066952023254458e+01	5.294903383002871715e-03	7.611211039601378271e-04	8.134427396630484162e-05	9.857656577074450643e-01	3.263847881073578261e-01	-9.019282129796834448e-06	-5.918505567410246573e-07
1.825183494319046040e-12	1.123609667669018819e-01	2.903329389231951296e+01	5.714646779900972237e-03	9.328814811375296537e-04	9.464221728044476848e-05	9.848737527082562782e-01	3.258425945304451732e-01	-1.151108761402558798e-05	-7.453450155187968901e-07
1.911644075385703708e-12	1.147265680663551723e-01	2.755324321297798207e+01	6.148391472693591313e-03	1.137934406010745374e-03	1.090824291456204579e-04	9.840097841040180704e-01	3.252849722952590450e-01	-1.455990361553303637e-05	-9.420137849597853851e-07
2.002200371815584363e-12	1.171855144336207549e-01	2.623157082054450129e+01	6.596595706375193817e-03	1.380032780853029375e-03	1.282977637457057929e-04	9.831805871046456202e-01	3.247118410420600232e-01	-1.825458153007818645e-05	-1.192372226086113661e-06
2.097046401323230665e-12	1.197407926937321815e-01	2.504470223901863335e+01	7.059866540898911309e-03	1.663069773534241527e-03	1.522512230003438883e-04	9.823928029585706767e-01	3.241229873828237462e-01	-2.269376832843694256e-05	-1.508887505308104803e-06
2.196385372416542332e-12	1.223960953726466044e-01	2.397346299066794728e+01	7.538883386003802402e-03	1.991076919579711467e-03	1.808112893338242205e-04	9.816528243927137298e-01	3.235181829762787120e-01	-2.798628686254374181e-05	-1.906195094029777708e-06
2.300430119772921506e-12	1.251557999624124673e-01	2.300211740187117471e+01	8.034399076217718996e-03	2.368174546827390460e-03	2.165260675393320441e-04	9.809675491321713237e-01	3.228971690613192114e-01	-3.425206772188246047e-05	-2.401368835839460180e-06
2.409403560239526876e-12	1.280249761052904001e-01	2.211764470150993489e+01	8.547243196735927404e-03	2.798615366470906963e-03	2.593120147549233981e-04	9.803436722038918472e-01	3.222596728587449055e-01	-4.162323546300187053e-05	-3.014222151340953494e-06
2.523539170434765862e-12	1.310094074211870518e-01	2.130918967878343651e+01	9.078326167911862643e-03	3.286755181149903816e-03	3.103428404648996800e-04	9.797880611227619552e-01	3.216053944135435216e-01	-5.024536189947405643e-05	-3.767649373653709529e-06
2.643081486974102692e-12	1.341156239833741493e-01	2.056764113028008367e+01	9.628643860778791225e-03	3.837067880169107298e-03	3.708514763472072341e-04	9.793076750305652611e-01	3.209340108688396032e-01	-6.027890664008589102e-05	-4.688009020488051862e-06
2.768286630392061017e-12	1.373509862292875694e-01	1.988529664572171285e+01	1.019929006281364119e-02	4.454174894171853728e-03	4.424812592763481068e-04	9.789096050102598090e-01	3.202451704715100211e-01	-7.190102720625844723e-05	-5.805575428946270654e-06
2.899422853882880921e-12	1.407243997180432082e-01	1.925549176559800912e+01	1.079157976874108374e-02	5.142967396440580041e-03	5.262235894243078981e-04	9.786009796770084312e-01	3.195383404152248863e-01	-8.531033069969204462e-05	-7.155330091581156838e-06
3.036771118035460378e-12	1.442459349515884393e-01	1.867252289186755831e+01	1.140698360841357027e-02	5.908604086444608008e-03	6.240025529374224316e-04	9.783890876223531041e-01	3.188129140422735208e-01	-1.007286232739880053e-04	-8.777550777089445931e-06
3.180625692794118977e-12	1.479259642906919914e-01	1.813161298274124533e+01	1.204698039341568425e-02	6.756305108658821300e-03	7.371042696459069845e-04	9.782815681713120659e-01	3.180683836956461064e-01	-1.183996343227060853e-04	-1.071809582426254974e-05
3.331294787934670055e-12	1.517750780821660872e-01	1.762873251448700174e+01	1.271304580795017646e-02	7.691262582691246741e-03	8.676668992648306879e-04	9.782861483569403882e-01	3.173043512534703958e-01	-1.385898549573013499e-04	-1.302888337849915095e-05
3.489101213406766494e-12	1.558040203965957993e-01	1.716045560092456412e+01	1.340664412038216485e-02	8.718605261244028945e-03	1.017454327391609801e-03	9.784106612078333765e-01	3.165205457345394158e-01	-1.615891640195728945e-04	-1.576834136912458659e-05
3.654383070957261569e-12	1.600236144266277971e-01	1.672384677216231097e+01	1.412921815764528813e-02	9.843243340466436078e-03	1.188341955645508350e-03	9.786627288562812499e-01	3.157168098960503877e-01	-1.877111195312525097e-04	-1.900181533400306441e-05
3.827494478516314936e-12	1.644446702670357696e-01	1.631637104224926560e+01	1.488217696827118935e-02	1.106979219060613522e-02	1.382307328714125084e-03	9.790497046714605744e-01	3.148931163871934724e-01	-2.172927132871725240e-04	-2.280186973776898815e-05
4.008806328898464320e-12	1.690778729029092931e-01	1.593582184239307864e+01	1.566688100096969363e-02	1.240242767870723857e-02	1.601410174883155860e-03	9.795783820199653880e-01	3.140495598521331755e-01	-2.506935410634699270e-04	-2.724847791687889326e-05
4.198707084443905621e-12	1.739326406994440855e-01	1.558033262710044475e+01	1.648445526807004041e-02	1.384446850174140230e-02	1.847448228857778664e-03	9.802546824563380667e-01	3.131865465340524235e-01	-2.882861162301791381e-04	-3.242790102582891894e-05
4.397603609302712498e-12	1.790154545989612322e-01	1.524838973781470486e+01	1.733551615512783986e-02	1.539766446493228552e-02	2.122455275087063893e-03	9.810829501679344533e-01	3.123050196858805361e-01	-3.304374387346927216e-04	-3.842999595442071536e-05
4.605922041145112927e-12	1.843323101450277945e-01	1.493857969832127175e+01	1.822058818733282570e-02	1.706282706745020430e-02	2.427732530916663217e-03	9.820660043750119028e-01	3.114059808167204957e-01	-3.775218451960122104e-04	-4.534964032641105772e-05
4.824108704165373984e-12	1.898891868130893334e-01	1.464955415631627744e+01	1.914018195680462428e-02	1.883989719783718889e-02	2.764803484348964287e-03	9.832050905484754910e-01	3.104903775495370111e-01	-4.299224519968110271e-04	-5.328672617021075274e-05
5.052631065335679604e-12	1.956920352768996285e-01	1.438003280092128477e+01	2.009479168841949229e-02	2.072792161989228318e-02	3.134789673928093691e-03	9.844998094493819796e-01	3.095590842782278140e-01	-4.880291550328502313e-04	-6.234562425896464388e-05
5.291978735958436557e-12	2.017467581135038435e-01	1.412880427160106223e+01	2.108489249060729875e-02	2.272507203452373351e-02	3.538795455715713391e-03	9.859481514663391843e-01	3.086128989164454994e-01	-5.522364375106449032e-04	-7.263452680377055146e-05
5.542664520663095602e-12	2.080591857480172946e-01	1.389472564827978296e+01	2.211093732311317922e-02	2.482856942380474649e-02	3.977512651932291025e-03	9.875463254645248101e-01	3.076525009196175997e-01	-6.229410421255410224e-04	-8.426469354273294636e-05
5.805225516094907684e-12	2.146350465613248992e-01	1.367672091451041894e+01	2.317335352452436908e-02	2.703474793626560457e-02	4.451262980475543737e-03	9.892888944777007421e-01	3.066784579660991605e-01	-7.005394768644320792e-04	-9.734958871864062924e-05
6.080224261649427052e-12	2.214799320237172131e-01	1.347377869630456715e+01	2.427253895108998430e-02	2.933906203761200288e-02	4.960351364158458592e-03	9.911687694904348644e-01	3.056912121563576390e-01	-7.854253695018860882e-04	-1.120039148799560592e-04
6.368249944718585906e-12	2.285992566894296807e-01	1.328494946857357561e+01	2.540885776378720012e-02	3.173607095299412623e-02	5.504483966751371783e-03	9.931771596771716837e-01	3.046910520123911614e-01	-8.779866943395266089e-04	-1.283425578682117075e-04
6.669919663030115058e-12	2.359982129148944230e-01	1.310934245067305604e+01	2.658263577659090993e-02	3.421953682193819291e-02	6.083234205858585250e-03	9.953037762768839336e-01	3.036781307549953901e-01	-9.786028499119022155e-04	-1.464794370361949716e-04
6.985879746785234820e-12	2.436817209127656592e-01	1.294612227640800484e+01	2.779415553348532977e-02	3.678249510389038773e-02	6.695772066716254925e-03	9.975369494069915577e-01	3.026524686638415451e-01	-1.087641643287265338e-03	-1.665262886806749163e-04
7.316807143427207274e-12	2.516543717902382515e-01	1.279450558963332973e+01	2.904365077604835130e-02	3.941697401681300283e-02	7.340829486502426990e-03	9.998630267792089077e-01	3.016138456900558373e-01	-1.205456034558834025e-03	-1.885913268968930699e-04
7.663410868007462274e-12	2.599203704424906669e-01	1.265375758785211779e+01	3.033130122023382572e-02	4.211472677331693643e-02	8.017006569599650564e-03	1.002267899429450271e+00	3.005620144435603991e-01	-1.332381092361358465e-03	-2.127779836432468642e-04
8.026433522257174683e-12	2.684834672514332943e-01	1.252318863999788867e+01	3.165722626345008478e-02	4.486664824077932212e-02	8.722392968183499337e-03	1.004735744670355979e+00	2.994965058560319915e-01	-1.468730445783251581e-03	-2.391834217144135969e-04
8.406652885618316356e-12	2.773469680498978907e-01	1.240214998096317700e+01	3.302149097984608678e-02	4.766316592439926586e-02	9.454853293091669900e-03	1.007249805674026000e+00	2.984167113731974741e-01	-1.614794287328435041e-03	-2.678974185297519389e-04
8.804883581643446547e-12	2.865146910334985253e-01	1.229001949880184164e+01	3.442425565573102586e-02	5.049459671404667865e-02	1.021201687011883547e-02	1.009792745494362931e+00	2.973217739805522619e-01	-1.770853883525909736e-03	-2.990045489263866169e-04
9.221978823334340144e-12	2.959910541047564014e-01	1.218620496074283288e+01	3.586578511116889079e-02	5.335120682705968287e-02	1.099129917520439564e-02	1.012346743154368234e+00	2.962105778560035207e-01	-1.937183737417474180e-03	-3.325841373789191393e-04
9.658832241158709141e-12	3.057805578960653414e-01	1.209015164076466320e+01	3.734636657138471622e-02	5.622316713398343990e-02	1.178995955111807395e-02	1.014893596243865437e+00	2.950818493471392689e-01	-2.114042969769032443e-03	-3.687080388497690313e-04
1.011637979766206976e-11	3.158877646053851462e-01	1.200134103421864218e+01	3.886630573012233442e-02	5.910054578848091683e-02	1.260504083395932312e-02	1.017414695119782220e+00	2.939341505411405264e-01	-2.301674574216880723e-03	-4.074399647394344437e-04
1.059560179277614774e-11	3.263172859740804954e-01	1.191928907279941008e+01	4.042592469197547889e-02	6.197349251813436682e-02	1.343346795470696034e-02	1.019891410205310933e+00	2.927659280481980097e-01	-2.500304887552851595e-03	-4.488348759727383078e-04
1.109752496412069864e-11	3.370737702011849524e-01	1.184354418203271386e+01	4.202555999886475879e-02	6.483218614544190850e-02	1.427200652478899899e-02	1.022304968948708703e+00	2.915755005906183195e-01	-2.710143142720933523e-03	-4.929384340145254390e-04
1.162322468679854125e-11	3.481618870985099812e-01	1.177368527368672169e+01	4.366556060952129364e-02	6.766694952736176938e-02	1.511735418198295079e-02	1.024636695444063106e+00	2.903610940693379106e-01	-2.931381042904078124e-03	-5.397864906571799232e-04
1.217382727739662020e-11	3.595863123004519046e-01	1.170931972644726038e+01	4.534628594021915954e-02	7.046828024951828917e-02	1.596610144777122278e-02	1.026868069475330270e+00	2.891208487909679992e-01	-3.164192385711457264e-03	-5.894046278531994134e-04
1.275051240713012859e-11	3.713517086085413310e-01	1.165008145216434876e+01	4.706810349595771242e-02	7.322693127930529622e-02	1.681481715897088086e-02	1.028980897944589579e+00	2.878528516697688167e-01	-3.408732659480488703e-03	-6.418077375139492067e-04
1.335451562929897339e-11	3.834627081689116479e-01	1.159562896700258783e+01	4.883138694827350579e-02	7.593391345636424372e-02	1.766003815121540768e-02	1.030957315444177125e+00	2.865551384534930635e-01	-3.665138719218726752e-03	-6.969996568261429670e-04
1.398713102647241439e-11	3.959238914672439935e-01	1.154564359230263904e+01	5.063651375304487057e-02	7.858054949090050034e-02	1.849829627936825857e-02	1.032779899352300967e+00	2.852257175508499110e-01	-3.933528435661990362e-03	-7.549728525336828850e-04
1.464971398307287854e-11	4.087397656494357046e-01	1.149982773508501310e+01	5.248386284163397003e-02	8.115854154787958963e-02	1.932616635643229219e-02	1.034431818139265991e+00	2.838625968049739989e-01	-4.214000341922208293e-03	-8.157081451731207616e-04
1.534368408930013065e-11	4.219145541452710702e-01	1.145790383803923085e+01	5.437378539990353477e-02	8.365992038707020795e-02	2.014024999466473842e-02	1.035896776035279521e+00	2.824638056605190961e-01	-4.506629105939711707e-03	-8.791735828740317215e-04
1.607052818261638620e-11	4.354513333595345648e-01	1.141961492747990370e+01	5.630648283187399822e-02	8.607695484882810222e-02	2.093716731867963435e-02	1.037159059157608310e+00	2.810275089648269220e-01	-4.811445873095749476e-03	-9.453200805699485355e-04
1.683180353330955093e-11	4.493527512149833036e-01	1.138472030159166870e+01	5.828211113472914900e-02	8.840239385248602200e-02	2.171363677538950751e-02	1.038203828667600970e+00	2.795519509126510038e-01	-5.128453558567154166e-03	-1.014084724237174088e-03
1.762914118095944293e-11	4.636213903482157561e-01	1.135299360194566454e+01	6.030083236144147263e-02	9.062951051598246155e-02	2.246650576366965302e-02	1.039017107286041908e+00	2.780354220246932795e-01	-5.457635410648776011e-03	-1.085392715294121371e-03
1.846424942895546448e-11	4.782597553507088595e-01	1.132422219185978030e+01	6.236281208962501932e-02	9.275218852327168917e-02	2.319279452560585320e-02	1.039585986185911581e+00	2.764762922242485210e-01	-5.798955432611105527e-03	-1.159157607264634481e-03
1.933891750455232057e-11	4.932702583192687951e-01	1.129820648916147441e+01	6.446821680755419892e-02	9.476485135222618983e-02	2.388968525090444037e-02	1.039898477911669561e+00	2.748730075210991664e-01	-6.152358794147374729e-03	-1.235281596211437174e-03
2.025501939230666486e-11	5.086552031614712810e-01	1.127475928569469055e+01	6.661721120335417634e-02	9.666252357478317958e-02	2.455455287196369948e-02	1.039943670555271815e+00	2.732241145628230283e-01	-6.517772218894005154e-03	-1.313655856857143343e-03
2.121451784910627571e-11	5.244167684092727599e-01	1.125370506890439515e+01	6.880995530917700942e-02	9.844082828398274809e-02	2.518497816477187692e-02	1.039711739055501294e+00	2.715282761072384532e-01	-6.895104340476486404e-03	-1.394160923579862519e-03
2.221946860939528424e-11	5.405569886811009139e-01	1.123487935333570675e+01	7.104660152553862740e-02	1.000959555973110898e-01	2.577874779105806743e-02	1.039193891144554183e+00	2.697842727747982727e-01	-7.284246023849547634e-03	-1.476667112250211814e-03
2.327202478960412005e-11	5.570777347873151486e-01	1.121812803580336393e+01	7.332729147965851013e-02	1.016246812239428032e-01	2.633387004292195993e-02	1.038382429187632905e+00	2.679910214366263421e-01	-7.685070643320485867e-03	-1.561034980459174342e-03
2.437444150122221807e-11	5.739806936285449801e-01	1.120330676978231388e+01	7.565215292152549509e-02	1.030243436566440074e-01	2.684857773712271897e-02	1.037270717871284775e+00	2.661475806280811374e-01	-8.097434345488744092e-03	-1.647115829753992072e-03
2.552908068239516723e-11	5.912685549252146844e-01	1.119027950614382227e+01	7.802146190751833854e-02	1.042929228544657028e-01	2.732136130842419824e-02	1.035853086070042117e+00	2.642530246796365723e-01	-8.521205951812637833e-03	-1.734758352245677161e-03
2.673841615839943880e-11	6.089472069108650132e-01	1.117891700396854482e+01	8.043594084093584617e-02	1.054291037465706349e-01	2.775101588656529381e-02	1.034124482760157004e+00	2.623062108285873495e-01	-8.956322386477767392e-03	-1.823820113002480505e-03
2.800503894183625342e-11	6.270229224326048234e-01	1.116909876081467701e+01	8.289637160228978396e-02	1.064318889239915383e-01	2.813649617685461818e-02	1.032080338746404813e+00	2.603060477601205069e-01	-9.402720820137142055e-03	-1.914153363610251752e-03
2.933166278390048099e-11	6.455017365610805635e-01	1.116071234485653108e+01	8.540351295995758651e-02	1.073006866038556661e-01	2.847696003813994861e-02	1.029716938719722474e+00	2.582516154363161398e-01	-9.860323420971883052e-03	-2.005602185459614672e-03
3.072112998861759207e-11	6.643894131106403700e-01	1.115365238202766918e+01	8.795809877595883730e-02	1.080351354258219099e-01	2.877170660339310390e-02	1.027031011193311860e+00	2.561421137530225378e-01	-1.032903625052516809e-02	-2.098002599381899001e-03
3.217641750250735458e-11	6.836914119855944660e-01	1.114781968172096427e+01	9.056083629164046744e-02	1.086352133393694575e-01	2.902021648342181792e-02	1.024019995238026448e+00	2.539769000121717135e-01	-1.080874831357444936e-02	-2.191182785541739148e-03
3.370064329271925032e-11	7.034128538712669521e-01	1.114312047859420396e+01	9.321240406004448198e-02	1.091011608490225632e-01	2.922212781212860100e-02	1.020681863489572461e+00	2.517554706753178384e-01	-1.129933047833120777e-02	-2.284963307717301825e-03
3.529707302730657668e-11	7.235584838175468381e-01	1.113946576560849344e+01	9.591344980793856112e-02	1.094335203930956180e-01	2.937724900139478817e-02	1.017015225232082543e+00	2.494774753771589193e-01	-1.180063440187831617e-02	-2.379157392264214400e-03
3.696912707195032437e-11	7.441326332869874216e-01	1.113677070438305883e+01	9.866458819055586027e-02	1.096331000251951071e-01	2.948555104127830589e-02	1.013019246231079862e+00	2.471427136658750356e-01	-1.231249142587739244e-02	-2.473571248404326118e-03
3.872038781812557004e-11	7.651390399319274449e-01	1.113495411351258113e+01	1.014663796819336994e-01	1.097010134445813717e-01	2.954717084068419347e-02	1.008693786614111909e+00	2.447511574246211685e-01	-1.283470795281149712e-02	-2.568003809491491759e-03
4.055460735840827506e-11	7.865765423506422271e-01	1.113393807445229911e+01	1.043187619134579580e-01	1.096386570422022561e-01	2.956240726062129426e-02	1.004040237926612456e+00	2.423034357855493037e-01	-1.336695854023397731e-02	-2.662228697104137426e-03
4.247571552536894126e-11	8.084378402587837353e-01	1.113364665251497954e+01	1.072208965105166528e-01	1.094477914525430751e-01	2.953174580782656072e-02	9.990618934224103631e-01	2.398009584365458080e-01	-1.390875619767196168e-02	-2.755992008214167271e-03
4.448782831127576069e-11	8.307139068929833003e-01	1.113400490946927768e+01	1.101717651240032014e-01	1.091307592311891866e-01	2.945593417188196311e-02	9.937635231271730873e-01	2.372454534151353100e-01	-1.445956351372503293e-02	-2.849034629773209131e-03
4.659525668664686662e-11	8.533942138966132962e-01	1.113493874073965806e+01	1.131702035222649089e-01	1.086903132157671092e-01	2.933593001302572945e-02	9.881509067504935517e-01	2.346388889571049130e-01	-1.501879968798461480e-02	-2.941095066510198298e-03
4.880251583654433574e-11	8.764666909317803123e-01	1.113637479945112219e+01	1.162148997876811529e-01	1.081295512196239483e-01	2.917288210876888693e-02	9.822306849068789258e-01	2.319834574558223284e-01	-1.558584108312262295e-02	-3.031911109073330644e-03
5.111433483440165318e-11	8.999176931971131221e-01	1.113824045753806402e+01	1.193043931886919734e-01	1.074521844863699366e-01	2.896818932993754439e-02	9.760110762514686567e-01	2.292816358320653725e-01	-1.616002208505452897e-02	-3.121221559843818851e-03
5.353566677410718816e-11	9.237319775624373008e-01	1.114046380019430060e+01	1.224370737657962394e-01	1.066620846688203644e-01	2.872338408756406822e-02	9.695007328775645528e-01	2.265360743999657589e-01	-1.674063629302969397e-02	-3.208768003992925645e-03
5.607169938205469661e-11	9.478926879100808556e-01	1.114297364789104527e+01	1.256111826805899057e-01	1.057636017203209405e-01	2.844019971270761796e-02	9.627095872315544201e-01	2.237496651970715955e-01	-1.732693804179204211e-02	-3.294296603619596957e-03
5.872786613189488850e-11	9.723813503420178916e-01	1.114569960227918699e+01	1.288248133714192667e-01	1.047613730739894167e-01	2.812051411359251657e-02	9.556483824037753649e-01	2.209254884548364772e-01	-1.791814426562286441e-02	-3.377559895147511267e-03
6.150985788580503926e-11	9.971778790339139720e-01	1.114857211537962201e+01	1.320759135448864863e-01	1.036603619127829390e-01	2.776635141521497860e-02	9.483287989857035472e-01	2.180668162798002074e-01	-1.851343670660262827e-02	-3.458318568858141737e-03
6.442363508721370414e-11	1.022260592372953969e+00	1.115152257459690688e+01	1.353622879644154620e-01	1.024657491525533259e-01	2.737984486564256151e-02	9.407631930122071218e-01	2.151770763341207815e-01	-1.911196445585093898e-02	-3.536343209257594711e-03
6.747544053110686101e-11	1.047606242444920843e+00	1.115448340971901864e+01	1.386816022990608743e-01	1.011830502444155677e-01	2.696324813100747439e-02	9.329649387368833535e-01	2.122598650995410063e-01	-1.971284689357911263e-02	-3.611415984891046087e-03
7.067181273927477085e-11	1.073190052830985231e+00	1.115738820987662905e+01	1.420313874404424970e-01	9.981784268458183951e-02	2.651887248172582132e-02	9.249477154407740320e-01	2.093188829881766633e-01	-2.031517683045357472e-02	-3.683332234172306211e-03
7.401959996915652408e-11	1.098985772729776711e+00	1.116017185727696592e+01	1.454090452094432551e-01	9.837595024753924278e-02	2.604910647509678726e-02	9.167260322083681245e-01	2.063579552796443728e-01	-2.091802413667158411e-02	-3.751901979881620483e-03
7.752597488629464062e-11	1.124965739968920575e+00	1.116277067021664848e+01	1.488118545059650966e-01	9.686331092160826994e-02	2.555637954892161709e-02	9.083148929278017647e-01	2.033809934988707879e-01	-2.152043953712499263e-02	-3.816951299341035751e-03
8.119844993184008328e-11	1.151100957484368914e+00	1.116512255391504915e+01	1.522369784854973873e-01	9.528595327470677778e-02	2.504314557897781637e-02	8.997297528305991943e-01	2.003919769382112859e-01	-2.212145874092044315e-02	-3.878323564699716168e-03
8.504489341802668113e-11	1.177361786439430125e+00	1.116716721587445527e+01	1.556815516942606226e-01	9.364992991024632951e-02	2.451185257425417957e-02	8.909862585785550682e-01	1.973948630677692384e-01	-2.272012053445368260e-02	-3.935881807838566455e-03
8.907354638610458163e-11	1.203722075948899572e+00	1.116884662256672023e+01	1.591432172343414109e-01	9.196101214945542890e-02	2.396483881231996349e-02	8.820987819410085473e-01	1.943931095818954846e-01	-2.331556143331557293e-02	-3.989517091505445298e-03
9.329304026284695888e-11	1.230157256642107955e+00	1.117010515709662677e+01	1.626198687549933464e-01	9.022480881788449980e-02	2.340435971870163945e-02	8.730811083746153889e-01	1.913899047648141560e-01	-2.390697078573422382e-02	-4.039142184615599623e-03
9.771241535346501225e-11	1.256642500644990834e+00	1.117088962718110956e+01	1.661094032442647916e-01	8.844679069535056615e-02	2.283260143419659285e-02	8.639468196079213014e-01	1.883883617362852037e-01	-2.449354940773584496e-02	-4.084686989036754971e-03
1.023411402105452712e-10	1.283152780843989316e+00	1.117114945511107038e+01	1.696097220271648442e-01	8.663236049721771692e-02	2.225168854501960794e-02	8.547095144272672806e-01	1.853915309222353980e-01	-2.507451195634983337e-02	-4.126098478849263979e-03
1.071891319205126445e-10	1.309662919750092858e+00	1.117083672248944204e+01	1.731187320464571411e-01	8.478681097794911470e-02	2.166367335639454370e-02	8.453827046917231636e-01	1.824023905404132950e-01	-2.564908893063019488e-02	-4.163340466956914725e-03
1.122667773510811312e-10	1.336147650521214425e+00	1.116990623779275715e+01	1.766343480862057336e-01	8.291519538751113139e-02	2.107049665484200460e-02	8.359794367899128220e-01	1.794237998602901119e-01	-2.621652889640832887e-02	-4.196393329216186949e-03
1.175849554052158201e-10	1.362581664759512812e+00	1.116831552224776480e+01	1.801544942374103120e-01	8.102256777241272079e-02	2.047405098566625753e-02	8.265130260349415892e-01	1.764585784039363059e-01	-2.677610016051357872e-02	-4.225253540619729534e-03
1.231550603292826197e-10	1.388939683132928371e+00	1.116602487143617672e+01	1.836771069837069004e-01	7.911371799026324647e-02	1.987610821119847188e-02	8.169962657808147455e-01	1.735094166888465073e-01	-2.732709305919295978e-02	-4.249933263651841688e-03
1.289890261253308184e-10	1.415196497243226270e+00	1.116299727284357601e+01	1.872001366268457589e-01	7.719328444415081425e-02	1.927834722966778602e-02	8.074417724875444513e-01	1.705789103724416333e-01	-2.786882129439402500e-02	-4.270459694906943507e-03
1.350993521198024986e-10	1.441327034535152540e+00	1.115919841246185484e+01	1.907215502591930456e-01	7.526571480214741539e-02	1.868234730656074399e-02	7.978618683055361815e-01	1.676695508265851620e-01	-2.840062383010466887e-02	-4.286874457620483587e-03
1.414991297434578731e-10	1.467306418136069102e+00	1.115459666491449653e+01	1.942393342284256808e-01	7.333527025083551310e-02	1.808958516219928703e-02	7.882685952190366940e-01	1.647837200614289677e-01	-2.892186641974799424e-02	-4.299232884863625134e-03
1.482020705798860072e-10	1.493110026943336610e+00	1.114916307072630275e+01	1.977514967924381417e-01	7.140600081448354730e-02	1.750143221426096393e-02	7.786736353429120072e-01	1.619236850748815570e-01	-2.943194313996434427e-02	-4.307603270439717622e-03
1.552225357427047968e-10	1.518713541358134522e+00	1.114287125797152633e+01	2.012560698536034753e-01	6.948175247808914545e-02	1.691915630390772307e-02	7.690883299760030711e-01	1.590915982553821606e-01	-2.993027746563912267e-02	-4.312066014625011087e-03
1.625755666443793407e-10	1.544092530584658229e+00	1.113569758541353494e+01	2.047510459313860443e-01	6.756621635024952222e-02	1.634393863548293940e-02	7.595238978089062787e-01	1.562895557751894926e-01	-3.041631459902590512e-02	-4.312712823242328269e-03
1.702769172225897821e-10	1.569222323329147795e+00	1.112762146681812858e+01	2.082343487737298438e-01	6.566280603577724639e-02	1.577684173971435552e-02	7.499910524566835157e-01	1.535195657301346994e-01	-3.088952018781860806e-02	-4.309646346264026442e-03
1.783430876931905687e-10	1.594078960955483293e+00	1.111862538796724742e+01	2.117039527343129446e-01	6.377490113767819713e-02	1.521887422989870974e-02	7.405006922729351349e-01	1.507835692078765277e-01	-3.134939932587479938e-02	-4.302979628395336813e-03
1.867913599020784805e-10	1.618639348819744139e+00	1.110869498538687949e+01	2.151578948730759888e-01	6.190552819506906640e-02	1.467090778637006147e-02	7.310628267158386651e-01	1.480833146735006933e-01	-3.179549921781434779e-02	-4.292835123290675466e-03
1.956398343517064725e-10	1.642881285072169018e+00	1.109781897104349291e+01	2.185942737739701436e-01	6.005753485927583374e-02	1.413372606678589376e-02	7.216871450033198743e-01	1.454204263321900725e-01	-3.222740921714784684e-02	-4.279343567476006846e-03
2.049074689815846066e-10	1.666783509463290347e+00	1.108598917207339341e+01	2.220112489564313174e-01	5.823350679601625030e-02	1.360800825398154022e-02	7.123827230140677980e-01	1.427963782438530504e-01	-3.264476114605627255e-02	-4.262642965770716517e-03
2.146141197858401440e-10	1.690325735995995338e+00	1.107320045851814072e+01	2.254070404540447770e-01	5.643584296419700691e-02	1.309434803917870586e-02	7.031582674563647828e-01	1.402125202873520937e-01	-3.304722924927266242e-02	-4.242877524976864864e-03
2.247805833548729991e-10	1.713488681378562362e+00	1.105945069515619217e+01	2.287799276020966721e-01	5.466670682066277626e-02	1.259324746934075735e-02	6.940219332210830760e-01	1.376700668097670666e-01	-3.343452981017642350e-02	-4.220196618796569384e-03
2.354286414322420067e-10	1.736254087243919830e+00	1.104474059612869929e+01	2.321282492672815667e-01	5.292805661173868859e-02	1.210512599395110328e-02	6.849814109581974231e-01	1.351701072341607857e-01	-3.380642082120721009e-02	-4.194753757710054272e-03
2.465811075822603842e-10	1.758604757701579313e+00	1.102907377861537874e+01	2.354504023141653912e-01	5.122164455624690638e-02	1.163032423220310141e-02	6.760439075240032292e-01	1.327136095737715404e-01	-3.416270149462777295e-02	-4.166705684791821053e-03
2.582618760682674929e-10	1.780524564976892155e+00	1.101245651229128519e+01	2.387448424569948990e-01	4.954902583843342340e-02	1.116910875426296509e-02	6.672161581129758545e-01	1.303014242439698156e-01	-3.450321156029934055e-02	-4.136211363473242704e-03
2.704959730463131364e-10	1.801998605350689564e+00	1.099489764179801554e+01	2.420101021369687466e-01	4.791153345654750734e-02	1.072166990753201446e-02	6.585042974193545673e-01	1.279342678171987990e-01	-3.482783236750618128e-02	-4.103430955055367181e-03
2.833096101839318258e-10	1.823013777561957482e+00	1.097640763039863643e+01	2.452448853829769793e-01	4.631026964942079605e-02	1.028812059261303286e-02	6.499137244673094393e-01	1.256126705155716505e-01	-3.513649358569952835e-02	-4.068523687986101353e-03
2.967302408188872501e-10	1.843557946670583370e+00	1.095699850277809695e+01	2.484479545666878897e-01	4.474615290530720851e-02	9.868513852326430552e-03	6.414493432543183493e-01	1.233370588552567121e-01	-3.542915747300137697e-02	-4.031647709308379575e-03
3.107866187782014063e-10	1.863619535913424441e+00	1.093668375378308255e+01	2.516180748758665153e-01	4.321994316646373541e-02	9.462852772959318842e-03	6.331156779735331863e-01	1.211077954835336201e-01	-3.570581137813540890e-02	-3.992959882108305589e-03
3.255088599835056406e-10	1.883187557356513775e+00	1.091547814918525994e+01	2.547540203472984932e-01	4.173224046169137641e-02	9.071090869254708547e-03	6.249168391428799874e-01	1.189251722345208706e-01	-3.596646733704546295e-02	-3.952615175655769045e-03
3.409285069746807543e-10	1.902251644993485424e+00	1.089339755652542685e+01	2.578545800353159723e-01	4.028352192955092503e-02	8.693144451310315379e-03	6.168566393153303018e-01	1.167894249413380103e-01	-3.621116169939860713e-02	-3.910766086924800239e-03
3.570785964900469852e-10	1.920802092702113884e+00	1.087045879693548756e+01	2.609185648063011564e-01	3.887411869648270402e-02	8.328887868364935609e-03	6.089384771167057897e-01	1.147007179889059231e-01	-3.643995500146673949e-02	-3.867562116638877112e-03
3.739937302478801677e-10	1.938829890626879937e+00	1.084667955984592780e+01	2.639448128345697198e-01	3.750422770437551734e-02	7.978158982240442579e-03	6.011653558684576515e-01	1.126591478042746897e-01	-3.665293161665424126e-02	-3.823149297903311473e-03
3.917101490809260641e-10	1.956326761805583958e+00	1.082207833954131360e+01	2.669321949208111056e-01	3.617392807099756996e-02	7.640763529450074996e-03	5.935399227132125421e-01	1.106647450412732853e-01	-3.685019945194333013e-02	-3.777669779769920067e-03
4.102658105827190344e-10	1.973285189341302370e+00	1.079667432234195168e+01	2.698796200465497508e-01	3.488318408743069921e-02	7.316478350023268573e-03	5.860644557439733671e-01	1.087174750189183331e-01	-3.703188954800008120e-02	-3.731261418673941475e-03
4.297004704320835313e-10	1.989698406371412709e+00	1.077048741589440617e+01	2.727860326125212120e-01	3.363186082936193977e-02	7.005055826118555123e-03	5.787409094844543356e-01	1.068172446259017250e-01	-3.719815515076519558e-02	-3.684057563114177813e-03
4.500557675700488183e-10	2.005559334420908613e+00	1.074353982745139291e+01	2.756502254287697684e-01	3.241979745546246655e-02	6.706244044081739221e-03	5.715713404513798057e-01	1.049640216852192609e-01	-3.734916065747063280e-02	-3.636189888553395533e-03
4.713753134116729086e-10	2.020860027779335599e+00	1.071585628021892056e+01	2.784707525537007400e-01	3.124685064803544091e-02	6.419797647218413936e-03	5.645581469208392766e-01	1.031578908940339601e-01	-3.748507595192036163e-02	-3.587789538258938371e-03
4.937047852839003559e-10	2.035592490294219292e+00	1.068746185340593691e+01	2.812460925900416853e-01	3.011281016335101354e-02	6.145458884954240440e-03	5.577035880089529218e-01	1.013989406846767111e-01	-3.760608356979116412e-02	-3.538984039063859579e-03
5.170920242896755486e-10	2.049748793736812846e+00	1.065838147280124204e+01	2.839746772190023250e-01	2.901739228569220896e-02	5.882956144966808472e-03	5.510097190758193042e-01	9.968724475281380559e-02	-3.771237931283894645e-02	-3.489896608502245697e-03
5.415871378079465267e-10	2.063321188789554395e+00	1.062863968541800475e+01	2.866549123190139658e-01	2.796023897770363170e-02	5.632004586893177636e-03	5.444783557504361271e-01	9.802285156490263274e-02	-3.780417317022127105e-02	-3.440645706225207642e-03
5.672426068491988835e-10	2.076302226513039972e+00	1.059826053647611133e+01	2.892851984688835087e-01	2.694092084068276660e-02	5.392307541291021383e-03	5.381110549005257981e-01	9.640577631992547358e-02	-3.788169031984260637e-02	-3.391344645965929314e-03
5.941133984965039838e-10	2.088684886969283117e+00	1.056726751727926228e+01	2.918639510576208629e-01	2.595894106688515293e-02	5.163557288809405253e-03	5.319091009132276282e-01	9.483599231779836491e-02	-3.794517231135959012e-02	-3.342101275344756643e-03
6.222570836730231313e-10	2.100462701253863251e+00	1.053568362313697016e+01	2.943896168641470523e-01	2.501373535276866372e-02	4.945436353094250122e-03	5.258734769560557964e-01	9.331342538538706100e-02	-3.799487771023613708e-02	-3.293017734768432375e-03
6.517339604882420571e-10	2.111629869331992815e+00	1.050353130338163332e+01	2.968606933615147159e-01	2.410467996265878640e-02	4.737619065198843925e-03	5.200048712897110681e-01	9.183794828764720031e-02	-3.803108322255315671e-02	-3.244190211506930988e-03
6.826071834272379248e-10	2.122181367041440669e+00	1.047083264827982774e+01	2.992757402090822083e-01	2.323109168991820822e-02	4.539772280744356660e-03	5.143036534735228038e-01	9.040937684883941505e-02	-3.805408363972083430e-02	-3.195708838473931574e-03
7.149428986597561750e-10	2.132113045778480487e+00	1.043760940476680688e+01	3.016333946838894442e-01	2.239224632861821357e-02	4.351560097189623513e-03	5.087699339365263640e-01	8.902747417672883523e-02	-3.806419237585467047e-02	-3.147657562990860414e-03
7.488103857590030225e-10	2.141421715505988921e+00	1.040388310520245696e+01	3.039323818018568324e-01	2.158737018296800342e-02	4.172642042349680898e-03	5.034035048137234236e-01	8.769194242262905170e-02	-3.806174121258293352e-02	-3.100114119220267941e-03
7.842822061337681836e-10	2.150105222380027215e+00	1.036967518133553412e+01	3.061715242284438476e-01	2.081565436407092559e-02	4.002676766246256700e-03	4.982038868335935122e-01	8.640242766744725411e-02	-3.804708000013556912e-02	-3.053150027772369175e-03
8.214343584919422200e-10	2.158162509619565128e+00	1.033500708545788349e+01	3.083497497328532289e-01	2.007625434543207008e-02	3.841322263493255305e-03	4.931703106673632764e-01	8.515851798271369122e-02	-3.802057600167068480e-02	-3.006830653036846653e-03
8.603464416684491388e-10	2.165593668396621485e+00	1.029990039564601290e+01	3.104660978008532135e-01	1.936830447044470341e-02	3.688239290863109046e-03	4.883017710943393097e-01	8.395974983706415429e-02	-3.798261313207716011e-02	-2.961215295948196619e-03
9.011018251665036851e-10	2.172399976746298478e+00	1.026437694457504080e+01	3.125197239325733234e-01	1.869091305308801312e-02	3.543090435731706834e-03	4.835969914431116345e-01	8.280560503253971139e-02	-3.793359085246428286e-02	-2.916357328375241559e-03
9.437878277775391497e-10	2.178583927338985760e+00	1.022845890195621443e+01	3.145099038201016883e-01	1.804318050812583202e-02	3.405544297237332770e-03	4.790545004937897255e-01	8.169552057344722784e-02	-3.787392304628792172e-02	-2.872304350888147968e-03
9.884959046625586031e-10	2.184149494690325710e+00	1.019216720619955119e+01	3.164361235903070946e-01	1.742415830798531295e-02	3.275266741154539852e-03	4.746723606758289637e-01	8.062883318372958408e-02	-3.780403315820856508e-02	-2.829096405370675957e-03
1.035321843295661502e-09	2.189102392501152128e+00	1.015551887758357275e+01	3.182982074784171944e-01	1.683283459572254559e-02	3.151918619318543145e-03	4.704479948516990251e-01	7.960472623276851345e-02	-3.772434491202288076e-02	-2.786763242384337688e-03
1.084365968689608688e-09	2.193449382294212491e+00	1.011853060976980245e+01	3.200961141226281725e-01	1.626819276753478996e-02	3.035167739155073159e-03	4.663786048453142929e-01	7.862233940371819718e-02	-3.763528534036927886e-02	-2.745329061284327351e-03
1.135733358343102889e-09	2.197198155982635015e+00	1.008121959298118853e+01	3.218298968762574042e-01	1.572924244792085410e-02	2.924695649961238635e-03	4.624613517045816358e-01	7.768080288625019147e-02	-3.753728488281275755e-02	-2.704813668415396739e-03
1.189534067370320724e-09	2.200357315982514717e+00	1.004360364845796028e+01	3.234996989674815970e-01	1.521499864041299908e-02	2.820192994698206192e-03	4.586932532450905264e-01	7.677922823807685482e-02	-3.743077626452367968e-02	-2.665232829862585785e-03
1.245883364295008068e-09	2.202936345527537476e+00	1.000570128705377293e+01	3.251057495284240262e-01	1.472450401198444753e-02	2.721363746608551105e-03	4.550712998746889171e-01	7.591672249205055900e-02	-3.731619344970077412e-02	-2.626598590540278957e-03
1.304901978014401580e-09	2.204945573057188302e+00	9.967531751491158332e+00	3.266483592312004469e-01	1.425682732142834197e-02	2.627924597427382537e-03	4.515924515368255343e-01	7.509238960623877690e-02	-3.719397054121219293e-02	-2.588919584187201074e-03
1.366716356462010101e-09	2.206396129951268659e+00	9.929115059942391852e+00	3.281279148447269201e-01	1.381105640887807587e-02	2.539603347919555665e-03	4.482536065666331559e-01	7.430532931685340792e-02	-3.706454051498630359e-02	-2.552201336318370324e-03
1.431458937523481393e-09	2.207299905363767856e+00	9.890472071429062595e+00	3.295448725558466352e-01	1.338630961270823386e-02	2.456140870376767940e-03	4.450516676171234476e-01	7.355464625708496573e-02	-3.692833389800841137e-02	-2.516446583229290258e-03
1.499268432786047049e-09	2.207669497997311492e+00	9.851624411904511547e+00	3.308997553847314310e-01	1.298173247393418113e-02	2.377289984736059934e-03	4.419835290776336079e-01	7.283944899548459861e-02	-3.678577768563516537e-02	-2.481655456327335873e-03
1.570290124729377524e-09	2.207518177011783322e+00	9.812594521170796114e+00	3.321931479639875784e-01	1.259648973936981602e-02	2.302813672924917954e-03	4.390460405479619244e-01	7.215884788266360705e-02	-3.663729485524908763e-02	-2.447825860869606764e-03
1.644676177994662829e-09	2.206859822155692541e+00	9.773405614102514960e+00	3.334256910098934434e-01	1.222978296391800251e-02	2.232488258612528882e-03	4.362361072379832283e-01	7.151196720186596412e-02	-3.648330262766301402e-02	-2.414953607476225637e-03
1.722585965398783835e-09	2.205708880726209298e+00	9.734081653779306009e+00	3.345980778966006208e-01	1.188083677799950735e-02	2.166100201791143053e-03	4.335506225601329366e-01	7.089793817924885944e-02	-3.632421201259113108e-02	-2.383032684341211942e-03
1.804186409392068039e-09	2.204080318837995822e+00	9.694647304264101706e+00	3.357110510573633189e-01	1.154890203930252282e-02	2.103446434778819853e-03	4.309864904851751777e-01	7.031590206762927675e-02	-3.616042702674279047e-02	-2.352055449893297560e-03
1.889652339691211477e-09	2.201989568694457500e+00	9.655127915930480142e+00	3.367653966262856846e-01	1.123327052747951846e-02	2.044337136118801797e-03	4.285407131495373445e-01	6.976502118295764554e-02	-3.599234372381344277e-02	-2.322012841251582319e-03
1.979166867853557524e-09	2.199452483244118017e+00	9.615549440755524202e+00	3.377619425845069245e-01	1.093324427607409062e-02	1.988588995053472679e-03	4.262102287246131160e-01	6.924446032932272954e-02	-3.582034979148891740e-02	-2.292894530731798969e-03
2.072921779595369695e-09	2.196485287767000916e+00	9.575938401733054661e+00	3.387015545480501766e-01	1.064815579524825556e-02	1.936028895475379189e-03	4.239920276775933639e-01	6.875339980779933413e-02	-3.564482390971850795e-02	-2.264689108241430427e-03
2.171117945694509622e-09	2.193104532219180669e+00	9.536321812428859346e+00	3.395851333723141074e-01	1.037737119169985026e-02	1.886494731377843766e-03	4.218831761061195840e-01	6.829103946775022527e-02	-3.546613528948054650e-02	-2.237384214555188967e-03
2.273965752357932151e-09	2.189327043930227035e+00	9.496727141179491127e+00	3.404136111966691858e-01	1.012027967686093821e-02	1.839832480364790926e-03	4.198807646015587647e-01	6.785659184880353523e-02	-3.528464311975634121e-02	-2.210966692058995153e-03
2.381685551976160644e-09	2.185169885296435854e+00	9.457182206477227737e+00	3.411879506609789559e-01	9.876291851355268117e-03	1.795895802174080460e-03	4.179819026582685670e-01	6.744928165204647219e-02	-3.510069650728286222e-02	-2.185422697351108081e-03
2.494508135230316413e-09	2.180650306551903839e+00	9.417715152169549242e+00	3.419091404641266818e-01	9.644850018620858279e-03	1.754547914931844877e-03	4.161837831344098459e-01	6.706835352867454580e-02	-3.491463386572878774e-02	-2.160737826971479390e-03
2.612675225563326382e-09	2.175785706139999665e+00	9.378354315203882408e+00	3.425781959126684706e-01	9.425410525780194074e-03	1.715657482043810890e-03	4.144835866904159061e-01	6.671305954862898069e-02	-3.472678307960192640e-02	-2.136897195724042457e-03
2.736439997074666368e-09	2.170593585812951698e+00	9.339128220808472491e+00	3.431961539830024055e-01	9.217463719511721429e-03	1.679102888132923566e-03	4.128786009319300732e-01	6.638267453636120807e-02	-3.453746093893698271e-02	-2.113885557398053738e-03
2.866067616948244470e-09	2.165091512621834635e+00	9.300065452548658129e+00	3.437640739287233238e-01	9.020515691840055514e-03	1.644767867631258609e-03	4.113661209289426468e-01	6.607648253703624075e-02	-3.434697333458464757e-02	-2.091687361290347526e-03
3.001835813575592210e-09	2.159297079774821881e+00	9.261194595772998639e+00	3.442830349843487570e-01	8.834093718719477489e-03	1.612542633405796792e-03	4.099434847087033984e-01	6.579378132974138260e-02	-3.415561511095719510e-02	-2.070286833301610615e-03
3.144035471591500167e-09	2.153227867313495469e+00	9.222544169582679530e+00	3.447541343609379916e-01	8.657750554022373632e-03	1.582324537003505002e-03	4.086081025528653377e-01	6.553388542360673308e-02	-3.396366993694241443e-02	-2.049668041581500112e-03
3.292971255097148186e-09	2.147457054728765691e+00	9.187448775115036881e+00	3.451435739039543371e-01	8.505089558375618711e-03	1.556389617619608487e-03	4.074622479732379898e-01	6.531583133780707873e-02	-3.378801973107442569e-02	-2.031500774444476316e-03
3.448962260405766611e-09	2.143237935668134586e+00	9.162825680598503553e+00	3.453911444656028173e-01	8.402572797932045603e-03	1.539130048316422793e-03	4.067012050453068794e-01	6.517465665720766077e-02	-3.366394064185747326e-02	-2.019110393245193528e-03
3.612342699709437910e-09	2.138911811404742735e+00	9.138593102052785966e+00	3.456079890618172223e-01	8.306024708082721322e-03	1.523047352039109265e-03	4.059950001588566448e-01	6.504785050423228521e-02	-3.354101633877845656e-02	-2.007270429516653382e-03
3.783462617131932968e-09	2.134463029675099488e+00	9.114705622243109318e+00	3.457930220553075973e-01	8.215288369313646782e-03	1.508122214479012003e-03	4.053437474519662742e-01	6.493574059376991392e-02	-3.341900763874593866e-02	-1.995969620496913181e-03
3.962688638701478467e-09	2.129884064932153986e+00	9.091130716470614104e+00	3.459459869460774217e-01	8.130186384998362367e-03	1.494326851301616471e-03	4.047468463151714380e-01	6.483834003230405651e-02	-3.329776210656280183e-02	-1.985192145750854734e-03
4.150404757850472502e-09	2.125171805701874472e+00	9.067844060789466809e+00	3.460670394255491722e-01	8.050475181116154705e-03	1.481616065401354090e-03	4.042030100048880636e-01	6.475546368887173665e-02	-3.317717760225682988e-02	-1.974920775845065077e-03
4.347013158125017173e-09	2.120325977953416263e+00	9.044827317352604368e+00	3.461565785105281678e-01	7.975947280617639093e-03	1.469951290590741297e-03	4.037109708747588788e-01	6.468686398635492552e-02	-3.305718577797907287e-02	-1.965137990532258693e-03
4.552935074866938773e-09	2.115348270035120937e+00	9.022066761855885630e+00	3.462151579656780886e-01	7.906385441604350459e-03	1.459290611375029618e-03	4.032692800222126284e-01	6.463222971863133437e-02	-3.293774272186204138e-02	-1.955826503036316080e-03
4.768611697714474181e-09	2.110241780057868333e+00	8.999552356272280562e+00	3.462434324174880063e-01	7.841585212488365320e-03	1.449594089994539828e-03	4.028764755091071015e-01	6.459122184198320960e-02	-3.281882282088541963e-02	-1.946969534230982152e-03
4.994505115855140358e-09	2.105010635865544710e+00	8.977277073346984437e+00	3.462421215304579136e-01	7.781350631272779088e-03	1.440822995756837902e-03	4.025310838090552790e-01	6.456348340072735892e-02	-3.270041420912023211e-02	-1.938550944909252010e-03
5.231099308056257792e-09	2.099659731203086910e+00	8.955236325410993459e+00	3.462119889252991967e-01	7.725490224509669324e-03	1.432939105444739790e-03	4.022316125546198107e-01	6.454864453207706521e-02	-3.258251602500104871e-02	-1.930555288870125334e-03
5.478901179593956120e-09	2.094194522813377368e+00	8.933427575589286462e+00	3.461538239020871544e-01	7.673831365162449639e-03	1.425908097225632963e-03	4.019766469105007789e-01	6.454633964660198842e-02	-3.246513576464893358e-02	-1.922967848378185881e-03
5.738441648302404521e-09	2.088620880268019064e+00	8.911849989313500586e+00	3.460684301548002106e-01	7.626204225381908591e-03	1.419695868170977714e-03	4.017647661361805067e-01	6.455619942375086240e-02	-3.234828751206995923e-02	-1.915774627747683341e-03
6.010276782070388176e-09	2.082944970469290613e+00	8.890504143482091948e+00	3.459566179018807586e-01	7.582451931218305193e-03	1.414271065315815838e-03	4.015946083161903157e-01	6.457786158513169339e-02	-3.223199060591367543e-02	-1.908962335355230073e-03
6.294988990221888141e-09	2.077173169523267582e+00	8.869391777023350798e+00	3.458191988926626603e-01	7.542424903876665185e-03	1.409603708015655160e-03	4.014648420814333485e-01	6.461096810370321741e-02	-3.211626871116384646e-02	-1.902518353583096790e-03
6.593188271333541710e-09	2.071311984397166128e+00	8.848515636285382513e+00	3.456569793024217296e-01	7.505982734369289790e-03	1.405665758116494014e-03	4.013741831337730437e-01	6.465516941078741642e-02	-3.200114849365653935e-02	-1.896430726148828298e-03
6.905513520162316861e-09	2.065368001427034805e+00	8.827879267196946600e+00	3.454707591281735990e-01	7.472992116185087075e-03	1.402430586446079281e-03	4.013213833809368691e-01	6.471012279303399450e-02	-3.188665930114795849e-02	-1.890688108100981469e-03
7.232633896483518810e-09	2.059347838202590708e+00	8.807486888246625512e+00	3.452613289833468824e-01	7.443330452068163891e-03	1.399873915942939162e-03	4.013052544326828897e-01	6.477549642522358042e-02	-3.177283244624883041e-02	-1.885279741719130464e-03
7.575250258771920716e-09	2.053258106113796000e+00	8.787343271925058374e+00	3.450294683157036357e-01	7.416876916400127855e-03	1.397971678944205567e-03	4.013246181928997180e-01	6.485096304873839979e-02	-3.165970067712994135e-02	-1.880195420725281090e-03
7.934096665797492339e-09	2.047105386682425809e+00	8.767453593600679440e+00	3.447759472052475127e-01	7.393522601542766581e-03	1.396702462219161700e-03	4.013783640292112875e-01	6.493620704777254560e-02	-3.154729825948385941e-02	-1.875425446578044952e-03
8.309941949353386453e-09	2.040896195643311817e+00	8.747823432151847101e+00	3.445015201308202490e-01	7.373161217553196416e-03	1.396045336498273745e-03	4.014654005502651946e-01	6.503091962349835664e-02	-3.143565976763978975e-02	-1.870960624287954302e-03
8.703591361485183753e-09	2.034636977385298362e+00	8.728458597446573819e+00	3.442069316278413282e-01	7.355694477884860451e-03	1.395981069325558013e-03	4.015846825600527525e-01	6.513480057593748485e-02	-3.132482078782699436e-02	-1.866792201515985036e-03
9.115888299750837812e-09	2.028334075984603579e+00	8.709365106831345571e+00	3.438929121424312285e-01	7.341026658041550565e-03	1.396490933884880032e-03	4.017351834236397856e-01	6.524755589804838440e-02	-3.121481694318953976e-02	-1.862911853057572361e-03
9.547716114208065503e-09	2.021993739184082983e+00	8.690549108645191367e+00	3.435601815209086696e-01	7.329071188753641559e-03	1.397558207898784042e-03	4.019159302750163199e-01	6.536890120255198222e-02	-3.110568451054345970e-02	-1.859311653694700360e-03
1.000000000000000021e-08	2.015622092279527600e+00	8.672016850421766065e+00	3.432094456361753365e-01	7.319742535723237215e-03	1.399166309484195080e-03	4.021259606102428608e-01	6.549855693992344408e-02	-3.099745945331434591e-02	-1.855984051799463783e-03
