# Pressure Mass Radius Compactness k2 k3 h2 h3 j2 j3
9.999999999999999799e-13	6.788382657090323846e-01	1.803735060439398694e+03	5.557299504630345893e-04	2.007944654633795137e-02	1.972338197975641218e-08	9.930270750238642252e-01	3.376490750376768823e-01	-1.429071713769817881e-05	-3.600546157491439748e-06
1.047370897959448749e-12	6.785081146483239456e-01	1.926601468806402636e+03	5.200359818457150462e-04	2.007049082374897167e-02	-1.589472753701544754e-08	1.096460981428963422e+00	3.380810676207257615e-01	-1.410482737746078479e-05	-3.595535292129420959e-06
1.096985797892381920e-12	6.767851228174543987e-01	2.078994344334385460e+03	4.806929255298349126e-04	2.207876020134465905e-02	4.180736321375229463e-09	8.869616007162410831e-01	3.386175133778182578e-01	-1.387798677256207817e-05	-3.583619865488639587e-06
1.148951000187311009e-12	6.726649636937683807e-01	2.271931595925525016e+03	4.371935955732124380e-04	2.387640896938732910e-02	-3.371244148867386785e-09	1.316562522305220861e+00	3.392979930791145127e-01	-1.358673637901778410e-05	-3.559101994619622575e-06
1.203377840777590522e-12	6.637355757452352290e-01	2.522176818377673499e+03	3.885883726112729863e-04	3.965407306461200126e-02	-1.779052438434711740e-09	1.600524148670898317e+00	3.401768221168066098e-01	-1.314430865252543500e-05	-3.505466010223258709e-06
1.260382929679727463e-12	6.441349464630028443e-01	2.858608102646006500e+03	3.327303956052617053e-04	4.910441351495903328e-02	-2.054798896141133578e-08	1.101148543161317050e+00	3.413279492598130793e-01	-1.241388478920042371e-05	-3.379974236835290494e-06
1.320088400831416649e-12	5.999460889378929185e-01	3.340797245968014977e+03	2.651748565365876615e-04	-2.844525503206662420e-01	1.395600870410664276e-10	2.960824928825704361e-01	3.428564880399327941e-01	-1.105519128713846437e-05	-3.084654569250797702e-06
1.382622173764653478e-12	5.001921670185364155e-01	4.110614729850217373e+03	1.796802517089174768e-04	1.828657371014779038e-03	2.988623734504642464e-12	1.646210537785824241e-02	3.448986481779883206e-01	-8.545688144181174799e-06	-2.430152977839621024e-06
1.448118227674535917e-12	2.536909400762366040e-01	5.027058459584040065e+03	7.451801147322894962e-05	-1.077259887359378394e-04	-1.687555972209593803e-14	-6.180765596480228665e-04	3.443682822416054279e-01	-6.267625455755763921e-06	-9.366179840634282338e-07
1.516716888470924089e-12	8.824614228104490921e-02	6.880145938868042776e+02	1.893949146170438135e-04	1.286000446457041943e-03	1.345983398365187773e-11	6.753670076174084214e-01	3.333960554375851593e-01	-2.834959685057819043e-07	-7.821605337061615330e-08
1.588565129428052692e-12	8.565151421833480661e-02	2.377339822798673765e+02	5.320029186789105658e-04	2.911635377376007488e-04	4.379104907379391791e-08	9.989196591142538439e-01	3.327051375477208528e-01	-2.527078863194602748e-07	-6.000027831448076506e-08
1.663816886076127415e-12	8.636890248552656080e-02	1.371428570181087423e+02	9.299389607969359888e-04	1.869198136607612892e-04	1.434369547407308760e-07	9.974606958295085812e-01	3.321427453873514457e-01	-3.049121017958472690e-07	-6.468510865927953934e-08
1.742633386009647278e-12	8.790812904930439542e-02	9.497576798498270989e+01	1.366741740650327837e-03	1.552253004128770751e-04	1.022966954488860588e-06	9.962293330377985923e-01	3.315515495900814846e-01	-3.989101249544952130e-07	-7.599069719803911682e-08
1.825183494319046040e-12	8.988601304688563498e-02	7.225796292702939638e+01	1.836862459972938731e-03	1.468787089095055596e-04	7.765294244575275009e-06	9.947980798402056291e-01	3.309232692118639907e-01	-5.472375809882047306e-07	-9.235082476360770718e-08
1.911644075385703708e-12	9.217423536229277237e-02	5.823179557369487469e+01	2.337327650828199214e-03	1.523553048705134517e-04	-5.324979532006207780e-05	9.933170310409664694e-01	3.302584078130886835e-01	-7.827638531096329600e-07	-1.141731584445956596e-07
2.002200371815584363e-12	9.471414250645687760e-02	4.879475780166278298e+01	2.866235694067113208e-03	1.712412057659570440e-04	2.669624461020634414e-05	9.917777334625518249e-01	3.295584648198061628e-01	-1.159443017819195577e-06	-1.430033110872708534e-07
2.097046401323230665e-12	9.747424038691836212e-02	4.205736407707706803e+01	3.422299741204039292e-03	2.068972109170638110e-04	3.605804011814661741e-05	9.901971480299626149e-01	3.288249216267690733e-01	-1.755240284826142955e-06	-1.817648989543246128e-07
2.196385372416542332e-12	1.004362884916745885e-01	3.703337667610956174e+01	4.004677779138286764e-03	2.649513382908212232e-04	5.684243363392833467e-05	9.885839872450657984e-01	3.280590403987346249e-01	-2.674816711682912637e-06	-2.353026613360396098e-07
2.300430119772921506e-12	1.035897648456990117e-01	3.315983314333630716e+01	4.612907496095543410e-03	3.527027237450460297e-04	5.655590475255538291e-05	9.869582556154455899e-01	3.272618238794825496e-01	-4.051665721296676842e-06	-3.110532533915925073e-07
2.409403560239526876e-12	1.069294096534066651e-01	3.009301321191687606e+01	5.246887208785660194e-03	4.787719686608393256e-04	6.286893258812739085e-05	9.853368406173386163e-01	3.264340085729543484e-01	-6.049911565317928530e-06	-4.198855481014952797e-07
2.523539170434765862e-12	1.104540967881969954e-01	2.761174752326745363e+01	5.906880298497167725e-03	6.528773500408920549e-04	7.231567334483290888e-05	9.837397874921713914e-01	3.255760616826662845e-01	-8.866121627845889781e-06	-5.770106356788875672e-07
2.643081486974102692e-12	1.141660876950867237e-01	2.556773835792214555e+01	6.593485270113907427e-03	8.855465239306784322e-04	8.776693790448585996e-05	9.821876452511054678e-01	3.246882075323517247e-01	-1.273123920344943249e-05	-8.029848065702861319e-07
2.768286630392061017e-12	1.180694493378890014e-01	2.385855508458794105e+01	7.307412676939340629e-03	1.188139029834926362e-03	1.093938036285320073e-04	9.807020713290431901e-01	3.237708227160870367e-01	-1.791131457745253559e-05	-1.124726369035936482e-06
2.899422853882880921e-12	1.221691338558721085e-01	2.241142693559263677e+01	8.049376119607157959e-03	1.572245402008618995e-03	1.385976701419412216e-04	9.793058661924282093e-01	3.228244732068077938e-01	-2.470739622932169777e-05	-1.576497711672811528e-06
3.036771118035460378e-12	1.264706798785136810e-01	2.117325659890039091e+01	8.820078034249896615e-03	2.049593716658410728e-03	1.782011259061821919e-04	9.780222491135888152e-01	3.218500004820133431e-01	-3.345503938371631046e-05	-2.200856240219387087e-06
3.180625692794118977e-12	1.309799712477609235e-01	2.010440989746849638e+01	9.620193234861261489e-03	2.631740692075734862e-03	2.304578064204866952e-04	9.768743939266274490e-01	3.208485281622460161e-01	-4.452307047481662285e-05	-3.049501542857405784e-06
3.331294787934670055e-12	1.357030308087983084e-01	1.917471225876342444e+01	1.045035218764536755e-02	3.329752572385520984e-03	2.980079554278924903e-04	9.758848919400541222e-01	3.198214526539065461e-01	-5.831154334557922043e-05	-4.183976145984499890e-06
3.489101213406766494e-12	1.406458302542456518e-01	1.836078894005980189e+01	1.131112385276440702e-02	4.153952603041896618e-03	3.835172054483682730e-04	9.750752929247261669e-01	3.187704568596564370e-01	-7.524877828892647899e-05	-5.676152859709749404e-06
3.654383070957261569e-12	1.458141068284761477e-01	1.764425120335232222e+01	1.220299813053864722e-02	5.113600251939470417e-03	4.905786104930523559e-04	9.744655081945370334e-01	3.176974846366608096e-01	-9.578744447739009752e-05	-7.608461936077343498e-06
3.827494478516314936e-12	1.512131785508229187e-01	1.701043076433940371e+01	1.312636770674233816e-02	6.216606552477568423e-03	6.221285571842199904e-04	9.740731922747164484e-01	3.166047129439105712e-01	-1.203996176999993557e-04	-1.007379689037029777e-05
4.008806328898464320e-12	1.568477523366123560e-01	1.644747873804983840e+01	1.408150912452206527e-02	7.469334318195418147e-03	7.814052463221998236e-04	9.739134988952206085e-01	3.154945424606189763e-01	-1.495707430689652111e-04	-1.317503920611615891e-05
4.198707084443905621e-12	1.627217234751273112e-01	1.594571229938731882e+01	1.506856328566535605e-02	8.876261283840412852e-03	9.715043367420534998e-04	9.739983369145193137e-01	3.143695224740481464e-01	-1.837925350375919540e-04	-1.702416773036650695e-05
4.397603609302712498e-12	1.688379462368523876e-01	1.549713430661944180e+01	1.608751255533332272e-02	1.043988897571719240e-02	1.195516447445703085e-03	9.743362268114590385e-01	3.132323496786679207e-01	-2.235546187712157923e-04	-2.174087680742976749e-05
4.605922041145112927e-12	1.751978554322896897e-01	1.509508323394919138e+01	1.713813299510942231e-02	1.216037016784580170e-02	1.455914364352705118e-03	9.749316113448835974e-01	3.120857963353692033e-01	-2.693340033732449681e-04	-2.745057760764976236e-05
4.824108704165373984e-12	1.818022184671093111e-01	1.473391202220906138e+01	1.822012454009803648e-02	1.403583852459530830e-02	1.755070542383164057e-03	9.757851370338120889e-01	3.109325565935697200e-01	-3.215919904404954924e-04	-3.428294621423280886e-05
5.052631065335679604e-12	1.886519327143164337e-01	1.440876875506006627e+01	1.933323911736426620e-02	1.606249189019863521e-02	2.094890455425138000e-03	9.768933925561885667e-01	3.097749958642536661e-01	-3.807747706975081014e-04	-4.237088449213985148e-05
5.291978735958436557e-12	1.957480741311571348e-01	1.411547059937347015e+01	2.047728483077223063e-02	1.823480507889676736e-02	2.476733593688982583e-03	9.782493007982951960e-01	3.086151341312076690e-01	-4.473107413153468073e-04	-5.184904059425701176e-05
5.542664520663095602e-12	2.030919210911414086e-01	1.385040022149512673e+01	2.165212670075624887e-02	2.054580367533111532e-02	2.901646312005716315e-03	9.798426551534349382e-01	3.074546545483449744e-01	-5.216083829057974663e-04	-6.285232188987938931e-05
5.805225516094907684e-12	2.106849783890237804e-01	1.361041958168657651e+01	2.285768761819304690e-02	2.298707178075463584e-02	3.370056631401313792e-03	9.816600835523380253e-01	3.062948321947794872e-01	-6.040547182666270842e-04	-7.551447124051207543e-05
6.080224261649427052e-12	2.185290060228874398e-01	1.339279811426343514e+01	2.409394991130200600e-02	2.554906275788200107e-02	3.881974911937365741e-03	9.836856578272104024e-01	3.051365615897859707e-01	-6.950145314165444331e-04	-8.996675187672473846e-05
6.368249944718585906e-12	2.266260469421102763e-01	1.319515289645602785e+01	2.536095664125764468e-02	2.822127370948350478e-02	4.436883139977753319e-03	9.859012278495256076e-01	3.039803443564556562e-01	-7.948300742311233688e-04	-1.063367569726179766e-04
6.669919663030115058e-12	2.349784581507955994e-01	1.301539860622314393e+01	2.665881320221624023e-02	3.099242011478943806e-02	5.033809199394802085e-03	9.882867467618930979e-01	3.028262940541215364e-01	-9.038213906633518931e-04	-1.247473511958313715e-04
6.985879746785234820e-12	2.435889407513919247e-01	1.285170561797233724e+01	2.798768858286898933e-02	3.385064244319968552e-02	5.671346078156926963e-03	9.908206800584780094e-01	3.016741417689023930e-01	-1.022287012611164912e-03	-1.453157560125007308e-04
7.316807143427207274e-12	2.524605750663938553e-01	1.270246472494025269e+01	2.934781715454993015e-02	3.678376301750565375e-02	6.347668533618060216e-03	9.934805207381911529e-01	3.005232917750984001e-01	-1.150505255387295964e-03	-1.681528484452454828e-04
7.663410868007462274e-12	2.615967923853142474e-01	1.256625825388217343e+01	3.073949077084166259e-02	3.977926280241380480e-02	7.060565454720149105e-03	9.962427409886106533e-01	2.993727800075410284e-01	-1.288734615619182297e-03	-1.933622943563586335e-04
8.026433522257174683e-12	2.710008497958260043e-01	1.244184073985463179e+01	3.216297771668384653e-02	4.282444900525076564e-02	7.807451427144204530e-03	9.990833411725601465e-01	2.982214377431339769e-01	-1.437206608747841098e-03	-2.210384625424786367e-04
8.406652885618316356e-12	2.806755892129033647e-01	1.232811449143513727e+01	3.361849124975497399e-02	4.590637526467402502e-02	8.585380229990080894e-03	1.001977729809702566e+00	2.970678799567332273e-01	-1.596121430816538301e-03	-2.512646887431981739e-04
8.804883581643446547e-12	2.906234882024667510e-01	1.222410562718433624e+01	3.510620238410424448e-02	4.901203583190404806e-02	9.391078657813852620e-03	1.004901074323967691e+00	2.959105373048140364e-01	-1.765648128637200588e-03	-2.841124536807697570e-04
9.221978823334340144e-12	3.008466205846693775e-01	1.212894595175053425e+01	3.662623787437218476e-02	5.212849363473046060e-02	1.022100871918118700e-02	1.007828555676547833e+00	2.947476839530749348e-01	-1.945923552821006864e-03	-3.196404242717573708e-04
9.658832241158709141e-12	3.113466156917381600e-01	1.204185797554515602e+01	3.817867777942542118e-02	5.524291550031797809e-02	1.107137724552921879e-02	1.010735423600301441e+00	2.935774432595192329e-01	-2.137051470881825340e-03	-3.578936247233587887e-04
1.011637979766206976e-11	3.221246123480649981e-01	1.196214243320669368e+01	3.976355223525798732e-02	5.834277946356064559e-02	1.193823490481161695e-02	1.013597431146961325e+00	2.923978502534807511e-01	-2.339101536350940772e-03	-3.989026367597737848e-04
1.059560179277614774e-11	3.331812155156029798e-01	1.188916776971979417e+01	4.138083862123834167e-02	6.141577962989434869e-02	1.281743585693556446e-02	1.016390614723122976e+00	2.912068263004647939e-01	-2.552108585167447031e-03	-4.426830151827106964e-04
1.109752496412069864e-11	3.445164490856834072e-01	1.182236126908986051e+01	4.303045823139717979e-02	6.445009134817111796e-02	1.370477762710645663e-02	1.019091860837691987e+00	2.900022654884518714e-01	-2.776071820347118541e-03	-4.892347460161440001e-04
1.162322468679854125e-11	3.561297105791582651e-01	1.176120150190262237e+01	4.471227328831149650e-02	6.743430533768066115e-02	1.459598133234985169e-02	1.021678753344941626e+00	2.887820249766976932e-01	-3.010954223064161907e-03	-5.385418818560246384e-04
1.217382727739662020e-11	3.680197235725541915e-01	1.170521189832249398e+01	4.642608366588604762e-02	7.035751788947684771e-02	1.548674869473671070e-02	1.024129766339895609e+00	2.875439631410495189e-01	-3.256681922363851081e-03	-5.905722631542670775e-04
1.275051240713012859e-11	3.801844930576449566e-01	1.165395523037028269e+01	4.817162408032551330e-02	7.320943375259082730e-02	1.637282653543463418e-02	1.026424484958258443e+00	2.862859811613781558e-01	-3.513143802506097420e-03	-6.452774172211543082e-04
1.335451562929897339e-11	3.926218176353576395e-01	1.160702700527728481e+01	4.994864019106889236e-02	7.598045378588630383e-02	1.725005810475522747e-02	1.028543623215390834e+00	2.850059719852783835e-01	-3.780203147870260082e-03	-7.025951375959854726e-04
1.398713102647241439e-11	4.053308040329890449e-01	1.156404879669392116e+01	5.175709943091224424e-02	7.866206649905006787e-02	1.811452687170851672e-02	1.030469437086138251e+00	2.837017075590649307e-01	-4.057732515427129455e-03	-7.624572717626749941e-04
1.464971398307287854e-11	4.183114097308751611e-01	1.152467136039526174e+01	5.359711281684080564e-02	8.124671018737257555e-02	1.896254662406465785e-02	1.032185647559798136e+00	2.823709177561106176e-01	-4.345607331140160894e-03	-8.247887455221621436e-04
1.534368408930013065e-11	4.315643041899627219e-01	1.148857463059533224e+01	5.546890607973845727e-02	8.372773030962187002e-02	1.979066472421951370e-02	1.033677451019258120e+00	2.810113366321240758e-01	-4.643705548786301700e-03	-8.895078609318655049e-04
1.607052818261638620e-11	4.450909066750765586e-01	1.145546644665055069e+01	5.737281763781022781e-02	8.609932966005102994e-02	2.059566480111393871e-02	1.034931451736047503e+00	2.796207125898803048e-01	-4.951910779405428557e-03	-9.565273069057619653e-04
1.683180353330955093e-11	4.588934255736253909e-01	1.142508110993017389e+01	5.930929734292152145e-02	8.835656565569298404e-02	2.137459272548461464e-02	1.035935698607669542e+00	2.781968343713648317e-01	-5.270115303374045199e-03	-1.025755137935354050e-03
1.762914118095944293e-11	4.729748992680109509e-01	1.139717789138624937e+01	6.127890573703563548e-02	9.049527043397374848e-02	2.212473577647178571e-02	1.036679546243736816e+00	2.767375255786954646e-01	-5.598222951196387201e-03	-1.097095701602299016e-03
1.846424942895546448e-11	4.873392367073091092e-01	1.137153955423831597e+01	6.328231343658430319e-02	9.251209922338733682e-02	2.284365857438305433e-02	1.037153806050113314e+00	2.752406818081646334e-01	-5.936151754657696331e-03	-1.170450476405117575e-03
1.933891750455232057e-11	5.019912580665463198e-01	1.134797092829393783e+01	6.532030060272207839e-02	9.440433234644979299e-02	2.352915075968903605e-02	1.037350336602515410e+00	2.737042374511566289e-01	-6.283836390104850442e-03	-1.245718819786244356e-03
2.025501939230666486e-11	5.169367362126198184e-01	1.132629755004304251e+01	6.739375656340390597e-02	9.616998072731536285e-02	2.417926883901070842e-02	1.037262322769333611e+00	2.721262068530899692e-01	-6.641230493900935478e-03	-1.322798653287632787e-03
2.121451784910627571e-11	5.321824376313748495e-01	1.130636438439631064e+01	6.950367933749054816e-02	9.780764463196135738e-02	2.479230161783131658e-02	1.036883991450756604e+00	2.705046668366553053e-01	-7.008308757274626238e-03	-1.401587045662001886e-03
2.221946860939528424e-11	5.477361614005831214e-01	1.128803463008680197e+01	7.165117484720753827e-02	9.931651983288408703e-02	2.536677442628968576e-02	1.036210663715695146e+00	2.688377692864898361e-01	-7.385068767546690977e-03	-1.481980685255826404e-03
2.327202478960412005e-11	5.636064767188884161e-01	1.127118849672535994e+01	7.383741728167156348e-02	1.006962621277451009e-01	2.590141841813977525e-02	1.035238551224634040e+00	2.671237631487836661e-01	-7.771525378048759446e-03	-1.563874730584090223e-03
2.437444150122221807e-11	5.798014838742924226e-01	1.125572089612137994e+01	7.606348892529889161e-02	1.019468107128672224e-01	2.639511643755880488e-02	1.033964667509526869e+00	2.653611114279827987e-01	-8.167680770358832359e-03	-1.647156559950336630e-03
2.552908068239516723e-11	5.963282205921737189e-01	1.124153795875604800e+01	7.833031375065366286e-02	1.030683113391154537e-01	2.684689066516757552e-02	1.032386763980470246e+00	2.635485420123977462e-01	-8.573509431392413102e-03	-1.731702908990387845e-03
2.673841615839943880e-11	6.131925810433790369e-01	1.122855419057311721e+01	8.063865723658582285e-02	1.040610696777569122e-01	2.725589862230197447e-02	1.030503201572250394e+00	2.616850370364455780e-01	-8.988955410933051338e-03	-1.817379743971088337e-03
2.800503894183625342e-11	6.303992492562416894e-01	1.121669030735027661e+01	8.298912643887917939e-02	1.049255782359262978e-01	2.762144671317755956e-02	1.028312994958817672e+00	2.597698386754871414e-01	-9.413930030185216347e-03	-1.904042334433515707e-03
2.933166278390048099e-11	6.479516326034355789e-01	1.120587151922542013e+01	8.538216930640181446e-02	1.056624706173833195e-01	2.794298231939354796e-02	1.025815686402302696e+00	2.578024360977842488e-01	-9.848309681828469955e-03	-1.991535441252321580e-03
3.072112998861759207e-11	6.658517957292282574e-01	1.119602614486199776e+01	8.781807366592095376e-02	1.062726703683194024e-01	2.822013960323644169e-02	1.023011687721011365e+00	2.557826012395801318e-01	-1.029193376717546342e-02	-2.079693632285940265e-03
3.217641750250735458e-11	6.841003953758418854e-01	1.118708448629372043e+01	9.029696607426473953e-02	1.067571353520318650e-01	2.845266983245723844e-02	1.019901652007610737e+00	2.537103226172460757e-01	-1.074460278228041646e-02	-2.168341724391613812e-03
3.370064329271925032e-11	7.026966163376351382e-01	1.117897791334750757e+01	9.281881065437118383e-02	1.071170926168671933e-01	2.864051038549584108e-02	1.016487024708885523e+00	2.515858617451007806e-01	-1.120607653794420018e-02	-2.257295337160218889e-03
3.529707302730657668e-11	7.216381097150987856e-01	1.117163812074852203e+01	9.538340810475486042e-02	1.073540364478762221e-01	2.878377617777495845e-02	1.012770032521410180e+00	2.494097423513749745e-01	-1.167607257615787056e-02	-2.346361572118267191e-03
3.696912707195032437e-11	7.409209344775712358e-01	1.116499652868796311e+01	9.799039503127375539e-02	1.074695366096922733e-01	2.888272093324045775e-02	1.008753203178294422e+00	2.471827112668607551e-01	-1.215426482201320720e-02	-2.435339817247373848e-03
3.872038781812557004e-11	7.605392940139259483e-01	1.115898387469375841e+01	1.006392153922511107e-01	1.074654173791224632e-01	2.893777170832851492e-02	1.004439838079527192e+00	2.449057902005631893e-01	-1.264027726041426491e-02	-2.524021715211271274e-03
4.055460735840827506e-11	7.804842530296105529e-01	1.115353034660204301e+01	1.033289525595201402e-01	1.073439059093249937e-01	2.894955845380053905e-02	9.998346430104578797e-01	2.425804437904066635e-01	-1.313365268410550228e-02	-2.612186928800907561e-03
4.247571552536894126e-11	8.007448501543064090e-01	1.114856548117438528e+01	1.060584803959913613e-01	1.071072497210981689e-01	2.891883370582687407e-02	9.949425118416408420e-01	2.402083635887525270e-01	-1.363388119682410610e-02	-2.699610066573423714e-03
4.448782831127576069e-11	8.213088579262196598e-01	1.114401829496650009e+01	1.088265660255838957e-01	1.067581753902451663e-01	2.884656650913310083e-02	9.897695105910232494e-01	2.377914645484777434e-01	-1.414042005254771348e-02	-2.786065568499032034e-03
4.659525668664686662e-11	8.421627806478151346e-01	1.113981753695561849e+01	1.116318704109260096e-01	1.062996570651871114e-01	2.873388560115654189e-02	9.843223135301757409e-01	2.353318337157539741e-01	-1.465269464650797125e-02	-2.871329022983729225e-03
4.880251583654433574e-11	8.632918528382148571e-01	1.113589188450200851e+01	1.144729491296034712e-01	1.057349852537376317e-01	2.858208450326881270e-02	9.786083920876946785e-01	2.328317368018764377e-01	-1.517009959851081322e-02	-2.955178469727232516e-03
5.111433483440165318e-11	8.846800429776040531e-01	1.113217012426372321e+01	1.173482535932474646e-01	1.050675630169253805e-01	2.839256618873886237e-02	9.726355054892210639e-01	2.302935658557014875e-01	-1.569199999720175334e-02	-3.037395689376593596e-03
5.353566677410718816e-11	9.063100655901992209e-01	1.112858130792782418e+01	1.202561332144296280e-01	1.043012990127720474e-01	2.816692516026671200e-02	9.664127311872527937e-01	2.277199208355025206e-01	-1.621773300148364808e-02	-3.117767512402228741e-03
5.607169938205469661e-11	9.281633982359663859e-01	1.112505491320359852e+01	1.231948377429685076e-01	1.034400925363381796e-01	2.790681656741161518e-02	9.599491502375349095e-01	2.251134826095519126e-01	-1.674660950912298246e-02	-3.196087066484416296e-03
5.872786613189488850e-11	9.502203071772288290e-01	1.112152099585918030e+01	1.261625203923039396e-01	1.024881632496964928e-01	2.761402695098686202e-02	9.532547176319433602e-01	2.224770832720659453e-01	-1.727791614117432303e-02	-3.272155008993729054e-03
6.150985788580503926e-11	9.724598802699466749e-01	1.111791034215213436e+01	1.291572414442770378e-01	1.014499783898920177e-01	2.729044196297583311e-02	9.463400968152867465e-01	2.198136757325802049e-01	-1.781091742528647867e-02	-3.345780709516643376e-03
6.442363508721370414e-11	9.948600676291741163e-01	1.111415461978208263e+01	1.321769724021318870e-01	1.003300254313179984e-01	2.693799062493420701e-02	9.392160716381038332e-01	2.171262772170658162e-01	-1.834485819257396580e-02	-3.416783372675695051e-03
6.747544053110686101e-11	1.017397825691540136e+00	1.111018654066970868e+01	1.352196132202987955e-01	9.913302100804145811e-02	2.655867823830885752e-02	9.318941007955666711e-01	2.144179934859026526e-01	-1.887896843639380595e-02	-3.484993377306853327e-03
7.067181273927477085e-11	1.040049581279798296e+00	1.110594025547775132e+01	1.382830486652115443e-01	9.786377840946147710e-02	2.615454687017869373e-02	9.243859166218842960e-01	2.116919407467225123e-01	-1.941247580880205853e-02	-3.550254432830932203e-03
7.401959996915652408e-11	1.062791409030169998e+00	1.110135198151483849e+01	1.413651627506871955e-01	9.652718967527047778e-02	2.572766147338424736e-02	9.167034864159573360e-01	2.089512269193791461e-01	-1.994461118706999589e-02	-3.612424584490949928e-03
7.752597488629464062e-11	1.085599083665398146e+00	1.109636041772890636e+01	1.444638379821426843e-01	9.512740008806716552e-02	2.527988975351026443e-02	9.088567457645903014e-01	2.061987186704453967e-01	-2.047461108194019094e-02	-3.671376649406052003e-03
8.119844993184008328e-11	1.108448145676639518e+00	1.109090700837904819e+01	1.475769574063765244e-01	9.367184504830787517e-02	2.481392157621236522e-02	9.008648624578732278e-01	2.034381613858357307e-01	-2.100172065255815484e-02	-3.726998689179569346e-03
8.504489341802668113e-11	1.131313947758223692e+00	1.108493615315925496e+01	1.507024041000286640e-01	9.216311900207430075e-02	2.433119826928709789e-02	8.927336312383020722e-01	2.006719209829347372e-01	-2.152519510165992397e-02	-3.779193960369067393e-03
8.907354638610458163e-11	1.154171726725078395e+00	1.107839534167686324e+01	1.538380644745039050e-01	9.060704770547932385e-02	2.383395597067215071e-02	8.844779646125449091e-01	1.979032216137340539e-01	-2.204430300358776670e-02	-3.827881299063083751e-03
9.329304026284695888e-11	1.176996657638260890e+00	1.107123526776575062e+01	1.569818290212254275e-01	8.900862065663268929e-02	2.332418825575901383e-02	8.761105920007495884e-01	1.951350153420645661e-01	-2.255832803403851061e-02	-3.872994993110055392e-03
9.771241535346501225e-11	1.199763916576107814e+00	1.106340990961326831e+01	1.601315942787123747e-01	8.737277166102125348e-02	2.280384098289808467e-02	8.676442493553674362e-01	1.923701978926295741e-01	-2.306657121794975646e-02	-3.914484718630458285e-03
1.023411402105452712e-10	1.222448742764941754e+00	1.105487658327185585e+01	1.632852647654862155e-01	8.570436714271213730e-02	2.227480523411060412e-02	8.590916621266947439e-01	1.896116031455640227e-01	-2.356835297999183149e-02	-3.952315352546464759e-03
1.071891319205126445e-10	1.245026502005007529e+00	1.104559598220224892e+01	1.664407550245212142e-01	8.400817689880403505e-02	2.173890751299945370e-02	8.504654746862803094e-01	1.868619937579180379e-01	-2.406301510918579592e-02	-3.986466700301595500e-03
1.122667773510811312e-10	1.267472759112623137e+00	1.103553219087057080e+01	1.695959930506760749e-01	8.228886278161107182e-02	2.119790490844162059e-02	8.417782271627526347e-01	1.841240560115149638e-01	-2.454992279428450108e-02	-4.016933143334284854e-03
1.175849554052158201e-10	1.289763493695208041e+00	1.102465251421160453e+01	1.727489456579354155e-01	8.055094057744760505e-02	2.065347254732412263e-02	8.330422254496545609e-01	1.814003705595788607e-01	-2.502846950967195852e-02	-4.043723319695387286e-03
1.231550603292826197e-10	1.311874793966771646e+00	1.101292708964382605e+01	1.758975776765127064e-01	7.879877722744611790e-02	2.010720579501083446e-02	8.242695867185352299e-01	1.786934437572876844e-01	-2.549807004614414174e-02	-4.066858832466059212e-03
1.289890261253308184e-10	1.333782483392919271e+00	1.100032859146332243e+01	1.790398009536660895e-01	7.703658804058782783e-02	1.956061942766941508e-02	8.154722909842283540e-01	1.760057396701053267e-01	-2.595815244582965267e-02	-4.086373129019966501e-03
1.350993521198024986e-10	1.355462187815759778e+00	1.098683201999284975e+01	1.821734811884772320e-01	7.526845005150102630e-02	1.901515194805929523e-02	8.066622152241050836e-01	1.733396798173712505e-01	-2.640815964826324219e-02	-4.102311075628252771e-03
1.414991297434578731e-10	1.376889435391407179e+00	1.097241458129521341e+01	1.852964479257081798e-01	7.349824878852070920e-02	1.847215190204070517e-02	7.978509589511706412e-01	1.706976182780827189e-01	-2.684755190509186332e-02	-4.114728550723442332e-03
1.482020705798860072e-10	1.398039761092100264e+00	1.095705562356268636e+01	1.884065043559147723e-01	7.172970233570083454e-02	1.793288314392243663e-02	7.890499043628335096e-01	1.680818406324026959e-01	-2.727580914331910467e-02	-4.123691959409157663e-03
1.552225357427047968e-10	1.418888814866645420e+00	1.094073660666272119e+01	1.915014371247096836e-01	6.996632613540447465e-02	1.739851682844877068e-02	7.802700923528048671e-01	1.654945459687987563e-01	-2.769243332721096212e-02	-4.129277688670766021e-03
1.625755666443793407e-10	1.439412470327558369e+00	1.092344109342957559e+01	1.945790258952845853e-01	6.821145399266761999e-02	1.687013724181909632e-02	7.715222725011799954e-01	1.629378469772653215e-01	-2.809695071386414389e-02	-4.131571498937536800e-03
1.702769172225897821e-10	1.459586933561249245e+00	1.090515475482227359e+01	1.976370527380405528e-01	6.646820839891386112e-02	1.634873506473561930e-02	7.628167925591551324e-01	1.604137536475444825e-01	-2.848891400103050614e-02	-4.130667859655541389e-03
1.783430876931905687e-10	1.479388850783261988e+00	1.088586539072483461e+01	2.006733111444191087e-01	6.473951761631493995e-02	1.583521190576121784e-02	7.541636350287806989e-01	1.579241720701586860e-01	-2.886790432367621062e-02	-4.126669239232893388e-03
1.867913599020784805e-10	1.498795412896397394e+00	1.086556294438991799e+01	2.036856148115034071e-01	6.302808420870567585e-02	1.533037671487182292e-02	7.455722962950679378e-01	1.554708924004286896e-01	-2.923353308906945572e-02	-4.119685351666051848e-03
1.956398343517064725e-10	1.517784613356150558e+00	1.084423936486719953e+01	2.066718303136149959e-01	6.133649012344521978e-02	1.483496867953929335e-02	7.370520897322569986e-01	1.530556004069672793e-01	-2.958544640706621195e-02	-4.109832266977091371e-03
2.049074689815846066e-10	1.536336576840020562e+00	1.082188747638907955e+01	2.096300758129451269e-01	5.966682399421190108e-02	1.434956621799127890e-02	7.286107056755487532e-01	1.506796341313378917e-01	-2.992334924365352283e-02	-4.097230877438417379e-03
2.146141197858401440e-10	1.554433538933419401e+00	1.079850184327624163e+01	2.125587005669865581e-01	5.802107746831455110e-02	1.387468524926988543e-02	7.202555247621126311e-01	1.483441360869758030e-01	-3.024700400451272100e-02	-4.082005927124258970e-03
2.247805833548729991e-10	1.572059490805652437e+00	1.077407977301964159e+01	2.154562144560823178e-01	5.640089303407282151e-02	1.341072202831383731e-02	7.119928318304993287e-01	1.460500121552608110e-01	-3.055622339510757901e-02	-4.064285461803976082e-03
2.354286414322420067e-10	1.589200166867204889e+00	1.074862156925410339e+01	2.183212776508058617e-01	5.480782329268593656e-02	1.295802062160847368e-02	7.038286833667923847e-01	1.437980349160214721e-01	-3.085086868775068630e-02	-4.044199875064671823e-03
2.465811075822603842e-10	1.605843023047081486e+00	1.072213063140228684e+01	2.211526919443067007e-01	5.324317171472628396e-02	1.251683711669489101e-02	6.957683631673513558e-01	1.415887956259526126e-01	-3.113084844577166527e-02	-4.021881170313958836e-03
2.582618760682674929e-10	1.621977191504327731e+00	1.069461347607076185e+01	2.239493905376717942e-01	5.170788438959019601e-02	1.208731703239862912e-02	6.878159861340090719e-01	1.394226720958075816e-01	-3.139611606314452602e-02	-3.997462100159590928e-03
2.704959730463131364e-10	1.637593435604449033e+00	1.066607970019578744e+01	2.267104292649232133e-01	5.020355740799784666e-02	1.166974284527186843e-02	6.799780293640138584e-01	1.373002151893740475e-01	-3.164666777318959900e-02	-3.971075493617323357e-03
2.833096101839318258e-10	1.652684089159386582e+00	1.063654190841028679e+01	2.294349766729967266e-01	4.873041824178066944e-02	1.126404796145085568e-02	6.722562396025302256e-01	1.352214013955126415e-01	-3.188253968831483015e-02	-3.942853481324487715e-03
2.967302408188872501e-10	1.667243005701660952e+00	1.060601560981373126e+01	2.321223064571677208e-01	4.728935665887903234e-02	1.087031175527769337e-02	6.646547532693666271e-01	1.331864006403363221e-01	-3.210380586956902010e-02	-3.912926996118865942e-03
3.107866187782014063e-10	1.681265495494552509e+00	1.057451909845082483e+01	2.347717889020470572e-01	4.588094763860620096e-02	1.048852534686401002e-02	6.571766614043563770e-01	1.311952176176012785e-01	-3.231057556851271717e-02	-3.881425183055444914e-03
3.255088599835056406e-10	1.694748265311357693e+00	1.054207331827793581e+01	2.373828834022561618e-01	4.450548047788993600e-02	1.011860141183533804e-02	6.498240777925423650e-01	1.292477052801246640e-01	-3.250299082595220490e-02	-3.848474938738484247e-03
3.409285069746807543e-10	1.707689175649862223e+00	1.050870203284681104e+01	2.399550987336279140e-01	4.316369927311659860e-02	9.760557574978998008e-03	6.426008730431910232e-01	1.273438857031080895e-01	-3.268122129337788090e-02	-3.814200864348582520e-03
3.570785964900469852e-10	1.720086251796866028e+00	1.047443241299416883e+01	2.424878377209167546e-01	4.185551089224349292e-02	9.414204753182754681e-03	6.355080612835203313e-01	1.254835123254747220e-01	-3.284544686775013600e-02	-3.778726262462907357e-03
3.739937302478801677e-10	1.731937151735580160e+00	1.043929375442264629e+01	2.449803466778663341e-01	4.058127764852285935e-02	9.079466901185084468e-03	6.285485754536934699e-01	1.236666192117808621e-01	-3.299584614290459322e-02	-3.742172643316404694e-03
3.917101490809260641e-10	1.743239142848469703e+00	1.040331638604130760e+01	2.474317333850802880e-01	3.934125066256070197e-02	8.756243423651881297e-03	6.217251688484052297e-01	1.218932819120291250e-01	-3.313259471322549388e-02	-3.704659117991086423e-03
4.102658105827190344e-10	1.753989160764985122e+00	1.036653107038796051e+01	2.498409867902665060e-01	3.813554137967558461e-02	8.444402368213824173e-03	6.150402680274538181e-01	1.201635904166775681e-01	-3.325586487595658114e-02	-3.666301877544388133e-03
4.297004704320835313e-10	1.764183920522349514e+00	1.032896862401604388e+01	2.522070000206404483e-01	3.696423532661646111e-02	8.143807636136118910e-03	6.084963674197635397e-01	1.184776808503756884e-01	-3.336582741561050502e-02	-3.627213965388328097e-03
4.500557675700488183e-10	1.773820032890526033e+00	1.029065967731543729e+01	2.545285916666392145e-01	3.582731583430222300e-02	7.854301456829394790e-03	6.020957078189369538e-01	1.168356915096731841e-01	-3.346265290425889244e-02	-3.587504948589630063e-03
4.713753134116729086e-10	1.782894130203133809e+00	1.025163453322568330e+01	2.568045267275853027e-01	3.472470617222346567e-02	7.575713754818753053e-03	5.958404058712338802e-01	1.152377664228969451e-01	-3.354651347840093001e-02	-3.547280688129901029e-03
4.937047852839003559e-10	1.791402989731795570e+00	1.021192309240879759e+01	2.590335361690651039e-01	3.365625400252883481e-02	7.307858491022849526e-03	5.897323648581433986e-01	1.136840372284490253e-01	-3.361758449785010733e-02	-3.506643119519068513e-03
5.170920242896755486e-10	1.799343653398363330e+00	1.017155482958374613e+01	2.612143351928582491e-01	3.262173301661788760e-02	7.050534484991027168e-03	5.837732523973450105e-01	1.121746139860193975e-01	-3.367604616875608664e-02	-3.465690069201838707e-03
5.415871378079465267e-10	1.806713539000358137e+00	1.013055880824809307e+01	2.633456397582841779e-01	3.162090725653326356e-02	6.803540527481805045e-03	5.779647321266001558e-01	1.107096043123435014e-01	-3.372208490724397378e-02	-3.424515082527837800e-03
5.672426068491988835e-10	1.813510551010476535e+00	1.008896369848371144e+01	2.654261833795960035e-01	3.065328181397190474e-02	6.566616622474352391e-03	5.723074366855537276e-01	1.092889933124959329e-01	-3.375589494406981000e-02	-3.383207319036127866e-03
5.941133984965039838e-10	1.819733280271443210e+00	1.004679724165080046e+01	2.674547621585512958e-01	2.971854532139600255e-02	6.339548461438184075e-03	5.668026948366265971e-01	1.079128189845248026e-01	-3.377767944157194363e-02	-3.341850727775347741e-03
6.222570836730231313e-10	1.825381224804668356e+00	1.000408617522647248e+01	2.694302723859802184e-01	2.881618308886195814e-02	6.122076982228882164e-03	5.614509362089425970e-01	1.065809839764072925e-01	-3.378765366390451552e-02	-3.300523773821252820e-03
6.517339604882420571e-10	1.830454838230428427e+00	9.960857103146066649e+00	2.713516979424143716e-01	2.794563505266151743e-02	5.913934743083457644e-03	5.562523241085148840e-01	1.052933298898663522e-01	-3.378604627253498083e-02	-3.259299973526139701e-03
6.826071834272379248e-10	1.834955588432597651e+00	9.917136799512839218e+00	2.732181135766111879e-01	2.710630517575288168e-02	5.714849177123397690e-03	5.512067838544260079e-01	1.040496425168801059e-01	-3.377310004546623529e-02	-3.218248047163132716e-03
7.149428986597561750e-10	1.838885990448299035e+00	9.872952397735131669e+00	2.750286873848164504e-01	2.629755125453092646e-02	5.524540524263338130e-03	5.463139510207685179e-01	1.028496470328703477e-01	-3.374907203840587372e-02	-3.177432043678357805e-03
7.488103857590030225e-10	1.842249618965133617e+00	9.828331532426657802e+00	2.767826815519954242e-01	2.551872100267681825e-02	5.342730687783684568e-03	5.415733149601051899e-01	1.016930259171983653e-01	-3.371423316499298772e-02	-3.136911436022099542e-03
7.842822061337681836e-10	1.845051109817344992e+00	9.783302442315275016e+00	2.784794525563085155e-01	2.476912749771066277e-02	5.169137832794848571e-03	5.369841107746478048e-01	1.005794087415740612e-01	-3.366886773765275648e-02	-3.096741255679920021e-03
8.214343584919422200e-10	1.847296150616209776e+00	9.737894044622212419e+00	2.801184505948338122e-01	2.404806080763287335e-02	5.003479347053017313e-03	5.325453627228962095e-01	9.950837893802705336e-02	-3.361327275428740990e-02	-3.056972222039584450e-03
8.603464416684491388e-10	1.848991463532225099e+00	9.692135989981656152e+00	2.816992184382373643e-01	2.335480178774805571e-02	4.845475424920154747e-03	5.282559394169080713e-01	9.847948238750486860e-02	-3.354775705325861723e-02	-3.017650881461485593e-03
9.011018251665036851e-10	1.850144781127815774e+00	9.646058693041934973e+00	2.832213899974531102e-01	2.268862278670314911e-02	4.694849342703906123e-03	5.241145547324738141e-01	9.749222945027548326e-02	-3.347264041181680083e-02	-2.978819759258942781e-03
9.437878277775391497e-10	1.850764816827665138e+00	9.599693348780020230e+00	2.846846885625805568e-01	2.204878344112430610e-02	4.551326720384482605e-03	5.201197477014025683e-01	9.654609491065903326e-02	-3.338825256217396731e-02	-2.940517515058988646e-03
9.884959046625586031e-10	1.850861230821356340e+00	9.553071935158495620e+00	2.860889248153375419e-01	2.143454519923560300e-02	4.414638863070582259e-03	5.162699441661522393e-01	9.564052663226228768e-02	-3.329493220159879946e-02	-2.902779110524744601e-03
1.035321843295661502e-09	1.850444591375593584e+00	9.506227199972943964e+00	2.874339946738979634e-01	2.084516839211009859e-02	4.284522232315859935e-03	5.125634438726511810e-01	9.477494616402937222e-02	-3.319302593636579146e-02	-2.865635973913436066e-03
1.084365968689608688e-09	1.849526332212132473e+00	9.459192637913449886e+00	2.887198768873666666e-01	2.027990805689906806e-02	4.160717276278336554e-03	5.089984019048435782e-01	9.394874791308356621e-02	-3.308288718900698894e-02	-2.829116165528579568e-03
1.135733358343102889e-09	1.848118712203277614e+00	9.412002459509336560e+00	2.899466312966212933e-01	1.973805390297704923e-02	4.042978220064787596e-03	5.055730057158082102e-01	9.316132197364533629e-02	-3.296487550272100830e-02	-2.793244598747576975e-03
1.189534067370320724e-09	1.846234760229750416e+00	9.364691545471748313e+00	2.911143952744383312e-01	1.921885992557890999e-02	3.931055726568709850e-03	5.022851652663424815e-01	9.241201844600560600e-02	-3.283935486345933991e-02	-2.758043120208965998e-03
1.245883364295008068e-09	1.843888233922245545e+00	9.317295397637547438e+00	2.922233824773990407e-01	1.872161799194907092e-02	3.824714630611598422e-03	4.991328394825611525e-01	9.170018736014078076e-02	-3.270669337096083346e-02	-2.723530778828598450e-03
1.304901978014401580e-09	1.841093564849660691e+00	9.269850079865932457e+00	2.932738798173911698e-01	1.824561878065389040e-02	3.723724521078562548e-03	4.961138650134414019e-01	9.102515992225548858e-02	-3.256726191506648799e-02	-2.689723946075414391e-03
1.366716356462010101e-09	1.837865809250878391e+00	9.222392156893832293e+00	2.942662453808106426e-01	1.779017615999095234e-02	3.627865081086948870e-03	4.932260671283044684e-01	9.038626180704968649e-02	-3.242143340327790363e-02	-2.656636503540639720e-03
1.431458937523481393e-09	1.834220592543851502e+00	9.174958616112608212e+00	2.952009059025378912e-01	1.735460473671469536e-02	3.536920976958529955e-03	4.904671608050467646e-01	8.978280326713081183e-02	-3.226958176338735884e-02	-2.624279997103327617e-03
1.499268432786047049e-09	1.830174058887904964e+00	9.127586799478159207e+00	2.960783547126668025e-01	1.693823764366594528e-02	3.450685555088058194e-03	4.878348328856220717e-01	8.921408870697966620e-02	-3.211208119569548131e-02	-2.592663804985837796e-03
1.570290124729377524e-09	1.825742816411548120e+00	9.080314319719652971e+00	2.968991494642483353e-01	1.654042583569038244e-02	3.368960644219354782e-03	4.853267416594331252e-01	8.867941763373490827e-02	-3.194930532684095437e-02	-2.561795287793113083e-03
1.644676177994662829e-09	1.821170285978766845e+00	9.035324287476827365e+00	2.976302343778622905e-01	1.617747227142833644e-02	3.294993062281555748e-03	4.830466895310375208e-01	8.820023252600345254e-02	-3.178937028665630021e-02	-2.533036594772492770e-03
1.722585965398783835e-09	1.817948249012602657e+00	9.005730861118674824e+00	2.980799655493207578e-01	1.594748160458652614e-02	3.248497295516299729e-03	4.816099922000566247e-01	8.790302681429505716e-02	-3.168115803834588989e-02	-2.514485878468153152e-03
1.804186409392068039e-09	1.814557479782023641e+00	8.976628319614478713e+00	2.984885810801254369e-01	1.572927047561853767e-02	3.204797313568606958e-03	4.802597780804218064e-01	8.762951579333577712e-02	-3.157162492684767452e-02	-2.496607023768085670e-03
1.889652339691211477e-09	1.810975762146380674e+00	8.947942745932671471e+00	2.988544151332740983e-01	1.552240293433605409e-02	3.163831291376685562e-03	4.789958735979312210e-01	8.738026134400293798e-02	-3.146031030895701103e-02	-2.479371498806004926e-03
1.979166867853557524e-09	1.807192621018442358e+00	8.919620483968481395e+00	2.991770692237017970e-01	1.532631150827523311e-02	3.125485622215671243e-03	4.778164083651441074e-01	8.715517219588803099e-02	-3.134696133048781030e-02	-2.462749777426064251e-03
2.072921779595369695e-09	1.803203606688634775e+00	8.891620451389647073e+00	2.994567358119240574e-01	1.514046104792756385e-02	3.089644460521612061e-03	4.767191378142040525e-01	8.695390517997014790e-02	-3.123143486720962592e-02	-2.446713463254652186e-03
2.171117945694509622e-09	1.799008035077860557e+00	8.863910678967593881e+00	2.996939439572183783e-01	1.496433617356594283e-02	3.056190708173342312e-03	4.757016006543250408e-01	8.677597539448797526e-02	-3.111365795519959940e-02	-2.431235799138149658e-03
2.273965752357932151e-09	1.794607770589907059e+00	8.836466230213289919e+00	2.998894286931054198e-01	1.479746544775407957e-02	3.025013930196480613e-03	4.747613425162854339e-01	8.662082998640285858e-02	-3.099360608846335810e-02	-2.416291771438401972e-03
2.381685551976160644e-09	1.790006476253018342e+00	8.809267780599478570e+00	3.000440545958705241e-01	1.463935906409568125e-02	2.995995888519309338e-03	4.738956931703288133e-01	8.648784658077947329e-02	-3.087128973654241007e-02	-2.401858082351706388e-03
2.494508135230316413e-09	1.785209111329864484e+00	8.782300577778624273e+00	3.001587670897465365e-01	1.448963520177772371e-02	2.969043792785151965e-03	4.731023954030507128e-01	8.637643152312260431e-02	-3.074674511563993060e-02	-2.387913052966361520e-03
2.612675225563326382e-09	1.780221579450885772e+00	8.755553646090115549e+00	3.002345602947026348e-01	1.434789141596468434e-02	2.944058007748088460e-03	4.723790371895532636e-01	8.628595775253532218e-02	-3.062002772857940619e-02	-2.374436517290200860e-03
2.736439997074666368e-09	1.775050474924403154e+00	8.729019159762211544e+00	3.002724554224716069e-01	1.421375678836795005e-02	2.920945860107784352e-03	4.717233131347195463e-01	8.621580600121368787e-02	-3.049120790589386620e-02	-2.361409754203494006e-03
2.866067616948244470e-09	1.769702884285900391e+00	8.702691937235902842e+00	3.002734842302872686e-01	1.408690624002868243e-02	2.899625458768093685e-03	4.711331062829973715e-01	8.616538052465200215e-02	-3.036036654178728839e-02	-2.348815282088727568e-03
3.001835813575592210e-09	1.764186248466337537e+00	8.676569025986687222e+00	3.002386795597009606e-01	1.396701764828993733e-02	2.880015492092092427e-03	4.706062979619254905e-01	8.613408893592139348e-02	-3.022759316296635621e-02	-2.336636866868069956e-03
3.144035471591500167e-09	1.758508246127752361e+00	8.650649361238652801e+00	3.001690669088880603e-01	1.385380362653674570e-02	2.862042930518896282e-03	4.701409234902640955e-01	8.612136357644463447e-02	-3.009298337254053685e-02	-2.324859365432319254e-03
3.292971255097148186e-09	1.752676706199487011e+00	8.624933479370946898e+00	3.000656590690684022e-01	1.374699306752855121e-02	2.845638836720450031e-03	4.697350917888948874e-01	8.612665371119444802e-02	-2.995663726469547858e-02	-2.313468654476324212e-03
3.448962260405766611e-09	1.746699541213486917e+00	8.599423270703100641e+00	2.999294529537627207e-01	1.364633156227259767e-02	2.830738460799011973e-03	4.693869907247867901e-01	8.614942685253289267e-02	-2.981865826352861348e-02	-2.302451555184955798e-03
3.612342699709437910e-09	1.740584691026212383e+00	8.574121779734364068e+00	2.997614265686580071e-01	1.355158705836117736e-02	2.817282767451116925e-03	4.690949165613113037e-01	8.618917337957168745e-02	-2.967915196360058558e-02	-2.291795758250951727e-03
3.783462617131932968e-09	1.734340080829000597e+00	8.549033025494733096e+00	2.995625377412159951e-01	1.346253715135941643e-02	2.805215277352095075e-03	4.688572165999040919e-01	8.624539945559303589e-02	-2.953822538046256205e-02	-2.281489757922853644e-03
3.962688638701478467e-09	1.727973586575841436e+00	8.524161852981453791e+00	2.993337230557998607e-01	1.337898211536094409e-02	2.794485320168601898e-03	4.686723509602093163e-01	8.631763486314318612e-02	-2.939598625538704033e-02	-2.271522790426138382e-03
4.150404757850472502e-09	1.721493009104011707e+00	8.499513802341741808e+00	2.990758976796445978e-01	1.330072807920243752e-02	2.785043885751579355e-03	4.685388151593970485e-01	8.640542317545218953e-02	-2.925254263196870597e-02	-2.261884788932822313e-03
4.347013158125017173e-09	1.714906051824718336e+00	8.475094996066768971e+00	2.987899551868255510e-01	1.322759605216778864e-02	2.776845954714749105e-03	4.684551824584511359e-01	8.650832707686559320e-02	-2.910800234293846669e-02	-2.252566320303516900e-03
4.552935074866938773e-09	1.708220304784225041e+00	8.450912043536749962e+00	2.984767678861129925e-01	1.315941417250318830e-02	2.769848404908147477e-03	4.684200680689387108e-01	8.662592316240931567e-02	-2.896247274657688664e-02	-2.243558549777759439e-03
4.768611697714474181e-09	1.701443231618512186e+00	8.426971955367218214e+00	2.981371873161442476e-01	1.309603945096144903e-02	2.764015756982511705e-03	4.684322292392609222e-01	8.675781486550376842e-02	-2.881606045147734954e-02	-2.234853196217566253e-03
4.994505115855140358e-09	1.694582159764079998e+00	8.403282070239400880e+00	2.977720448750295623e-01	1.303731011033307415e-02	2.759307628598622279e-03	4.684903451918598916e-01	8.690360292725653191e-02	-2.866887111470685021e-02	-2.226442493887959961e-03
5.231099308056257792e-09	1.687644272943507273e+00	8.379849989531294341e+00	2.973821525776257912e-01	1.298309477087258856e-02	2.755691826001011296e-03	4.685932434207690234e-01	8.706291525437558076e-02	-2.852100927230939373e-02	-2.218319156491583861e-03
5.478901179593956120e-09	1.680636606321748605e+00	8.356683524798304674e+00	2.969683038306336620e-01	1.293326376050435780e-02	2.753136528463351849e-03	4.687397669451050519e-01	8.723538831688307238e-02	-2.837257824386383437e-02	-2.210476350050228234e-03
5.738441648302404521e-09	1.673566042049439817e+00	8.333790643144130428e+00	2.965312743534024853e-01	1.288768854103065735e-02	2.751610390246160727e-03	4.689287712680808018e-01	8.742066688632699201e-02	-2.822367998659155303e-02	-2.202907654358844929e-03
6.010276782070388176e-09	1.666439307959509897e+00	8.311179428435615080e+00	2.960718230945476592e-01	1.284626230984435395e-02	2.751087753068129707e-03	4.691592180340890539e-01	8.761841545766356487e-02	-2.807441509456285941e-02	-2.195607047135241918e-03
6.294988990221888141e-09	1.659262975695367182e+00	8.288858041519299391e+00	2.955906930846100011e-01	1.280887530069213173e-02	2.751542310272093658e-03	4.694300612148387675e-01	8.782830318758289012e-02	-2.792488268432301302e-02	-2.188568869664049652e-03
6.593188271333541710e-09	1.652043460924969676e+00	8.266834686094938434e+00	2.950886124570397118e-01	1.277542351775921847e-02	2.752949238711008620e-03	4.697402864267533618e-01	8.805000824098115075e-02	-2.777518040153771628e-02	-2.181787808764408445e-03
6.905513520162316861e-09	1.644787022770165308e+00	8.245117583186372556e+00	2.945662950214674725e-01	1.274581362988255751e-02	2.755286553595198348e-03	4.700889327391175598e-01	8.828322048983340553e-02	-2.762540430385393084e-02	-2.175258869750648031e-03
7.232633896483518810e-09	1.637499767186106014e+00	8.223714936490681637e+00	2.940244418665499126e-01	1.271995286002827394e-02	2.758532555124185073e-03	4.704750452708122421e-01	8.852763488376531875e-02	-2.747564902640613899e-02	-2.168977365838989195e-03
7.575250258771920716e-09	1.630187646219902753e+00	8.202634919629606003e+00	2.934637414423976742e-01	1.269775543450978560e-02	2.762667206149228231e-03	4.708977045553237040e-01	8.878295443565201173e-02	-2.732600757774982653e-02	-2.162938890557014517e-03
7.934096665797492339e-09	1.622856462767676922e+00	8.181885647684113749e+00	2.928848711865755794e-01	1.267910767424449726e-02	2.767663348420023803e-03	4.713558676887414922e-01	8.904886969888249626e-02	-2.717657159930369354e-02	-2.157139324411560741e-03
8.309941949353386453e-09	1.615511865130550673e+00	8.161475164398437343e+00	2.922884967480224860e-01	1.266404055932287762e-02	2.773531519524407955e-03	4.718491465856674005e-01	8.932515940651990227e-02	-2.702743055345861040e-02	-2.151574714255549952e-03
8.703591361485183753e-09	1.608159365908685468e+00	8.141411419414152917e+00	2.916752759565431896e-01	1.265233354660261211e-02	2.780216532025157720e-03	4.723760200748325366e-01	8.961145704879042162e-02	-2.687867344313090573e-02	-2.146241487080993281e-03
9.115888299750837812e-09	1.600804323207631663e+00	8.121702261616729146e+00	2.910458554020859956e-01	1.264406854122301568e-02	2.787742372987092772e-03	4.729363291217125731e-01	8.990757616845330980e-02	-2.673038654365750971e-02	-2.141136130949548161e-03
9.547716114208065503e-09	1.593451964453849623e+00	8.102355418458374814e+00	2.904008752191611920e-01	1.263907039186363927e-02	2.796065577146777340e-03	4.735287594074759632e-01	9.021318115175734620e-02	-2.658265560719042658e-02	-2.136255475623201512e-03
1.000000000000000021e-08	1.586107374241592760e+00	8.083378488028541753e+00	2.897409668930486237e-01	1.263731190887474980e-02	2.805181411774504158e-03	4.741526604627039343e-01	9.052802451346877999e-02	-2.643556429163771912e-02	-2.131596468951895470e-03
