# Pressure Mass Radius Compactness k2 k3 h2 h3 j2 j3
9.999999999999999799e-13	1.242128143820884351e-01	1.556609817373612970e+01	1.178302697420112281e-02	4.210239889688862508e-02	1.035790878717027415e-02	1.051435697364506705e+00	3.250546841170145473e-01	-5.095582759538619909e-04	-1.035188647557139024e-04
1.047370897959448749e-12	1.277018855307719691e-01	1.536956973284130434e+01	1.226890588618358147e-02	4.421176228933924174e-02	1.087269773337705761e-02	1.054434479409184444e+00	3.248014325184793161e-01	-5.498987613144631307e-04	-1.122867393769014081e-04
1.096985797892381920e-12	1.313573439455558434e-01	1.518425907721366208e+01	1.277411990161794915e-02	4.642371807420839908e-02	1.143592490742393122e-02	1.057602206469398842e+00	3.245487712043321205e-01	-5.934910050162130581e-04	-1.218461676334852843e-04
1.148951000187311009e-12	1.351839080483372979e-01	1.500974104487033678e+01	1.329909329721690528e-02	4.873703875468755192e-02	1.202054242196680389e-02	1.060936526300411131e+00	3.242970050188847542e-01	-6.405334126053998127e-04	-1.322567761667901300e-04
1.203377840777590522e-12	1.391862493154132907e-01	1.484560105053961898e+01	1.384422922604298424e-02	5.114982553265373655e-02	1.264498180853960291e-02	1.064434086027438608e+00	3.240463718760543399e-01	-6.912266213112696570e-04	-1.435801468088243789e-04
1.260382929679727463e-12	1.433689403725931233e-01	1.469143386892954517e+01	1.440990527336627990e-02	5.365944377463222059e-02	1.330159765816533307e-02	1.068090005049221913e+00	3.237970230002824024e-01	-7.457719280466580756e-04	-1.558793803073610590e-04
1.320088400831416649e-12	1.477363993712480783e-01	1.454684249976266308e+01	1.499646880736010129e-02	5.626250203317004900e-02	1.399584852360225007e-02	1.071898131445809588e+00	3.235490124315519855e-01	-8.043695355816272074e-04	-1.692185927064070443e-04
1.382622173764653478e-12	1.522928300088084164e-01	1.441143711898879864e+01	1.560423208362328625e-02	5.895482142903414602e-02	1.472507177950283311e-02	1.075850720572493646e+00	3.233022824678991047e-01	-8.672165790847459477e-04	-1.836623114059544263e-04
1.448118227674535917e-12	1.570421571175016906e-01	1.428483407887480183e+01	1.623346715939002691e-02	6.173140165681257480e-02	1.548467896957733160e-02	1.079938489070152441e+00	3.230566480899405568e-01	-9.345049711647820121e-04	-1.992747776078720718e-04
1.516716888470924089e-12	1.619879561446711802e-01	1.416665500074020834e+01	1.688440042313734540e-02	6.458641511351433107e-02	1.628290738835059745e-02	1.084150710931983230e+00	3.228117856313230671e-01	-1.006419043938985196e-03	-2.161191680104942114e-04
1.588565129428052692e-12	1.671333663890493815e-01	1.405652649421366718e+01	1.755720501139364925e-02	6.751321069783280948e-02	1.711153753520360324e-02	1.088474958748209653e+00	3.225672298520392833e-01	-1.083132798530187825e-03	-2.342566668160486277e-04
1.663816886076127415e-12	1.724813619811203791e-01	1.395407556956772943e+01	1.825203686598776687e-02	7.050451132648630215e-02	1.797195120523806602e-02	1.092897644451969574e+00	3.223223479797334701e-01	-1.164812492906963171e-03	-2.537467817667558834e-04
1.742633386009647278e-12	1.780350848102452976e-01	1.385892859140771449e+01	1.896907587813809540e-02	7.355269125002475428e-02	1.886435787482820120e-02	1.097404372946798823e+00	3.220763343938408685e-01	-1.251620825788829191e-03	-2.746480648157999206e-04
1.825183494319046040e-12	1.837978780174155669e-01	1.377071626158632611e+01	1.970852842786308123e-02	7.664988030661369633e-02	1.978435405055008547e-02	1.101980109838472277e+00	3.218282174062918610e-01	-1.343717124889134756e-03	-2.970179069052218787e-04
1.911644075385703708e-12	1.897732987569417384e-01	1.368907746547298032e+01	2.047062774220700931e-02	7.978800412996446545e-02	2.073036946606195835e-02	1.106609336067219340e+00	3.215768608545007123e-01	-1.441257357738299312e-03	-3.209122990316489637e-04
2.002200371815584363e-12	1.959651288811321834e-01	1.361366205854002587e+01	2.125563417271315522e-02	8.295885731142561836e-02	2.170105527385308292e-02	1.111276148194962232e+00	3.213209771456467800e-01	-1.544394184991502083e-03	-3.463855922833603213e-04
2.097046401323230665e-12	2.023773851366461041e-01	1.354413282773098892e+01	2.206383550392096438e-02	8.615416612159178256e-02	2.269499030682737423e-02	1.115964400230226028e+00	3.210591339789093390e-01	-1.653277088681663230e-03	-3.734902907066955089e-04
2.196385372416542332e-12	2.090143281850789514e-01	1.348016682620442097e+01	2.289554715233784940e-02	8.936565131652783600e-02	2.370806327002554850e-02	1.120657798843213815e+00	3.207897663524383325e-01	-1.768052544725811758e-03	-4.022768525275619684e-04
2.300430119772921506e-12	2.158804714208809317e-01	1.342145620745171541e+01	2.375111235626849865e-02	9.258508080679216101e-02	2.473880420589981075e-02	1.125340045333514283e+00	3.205111888227823447e-01	-1.888864247213853636e-03	-4.327935112594638568e-04
2.409403560239526876e-12	2.229805893275000617e-01	1.336770867454553979e+01	2.463090230524929078e-02	9.580428537308960379e-02	2.578419435673513782e-02	1.129994846488598936e+00	3.202216008711953887e-01	-2.015853376352624588e-03	-4.650861185090553510e-04
2.523539170434765862e-12	2.303197251606972085e-01	1.331864764137956136e+01	2.553531615713567834e-02	9.901525997616605901e-02	2.684163465704359972e-02	1.134606130149703684e+00	3.199191075063704259e-01	-2.149158879015874817e-03	-4.991979958881367658e-04
2.643081486974102692e-12	2.379031988935808584e-01	1.327401215274008273e+01	2.646478107992997902e-02	1.022101586967320147e-01	2.790858265041644415e-02	1.139158032238936524e+00	3.196017262154804972e-01	-2.288917797742763896e-03	-5.351698068536414610e-04
2.768286630392061017e-12	2.457366147159524838e-01	1.323355663386467995e+01	2.741975221277648603e-02	1.053813422972652153e-01	2.898176436937468722e-02	1.143634984019341161e+00	3.192673997347098558e-01	-2.435265609445668670e-03	-5.730394449388992147e-04
2.899422853882880921e-12	2.538258643421564820e-01	1.319705053079613855e+01	2.840071208681764145e-02	1.085214105892703396e-01	3.005832380117247696e-02	1.148021801893643445e+00	3.189140082657245800e-01	-2.588336497657878991e-03	-6.128419091038360845e-04
3.036771118035460378e-12	2.621770500211472732e-01	1.316427795001288814e+01	2.940816078606023690e-02	1.116231932143829930e-01	3.113557839454551487e-02	1.152303676823809520e+00	3.185393864759653026e-01	-2.748262096066949548e-03	-6.546087913888757551e-04
3.180625692794118977e-12	2.707963599040053571e-01	1.313503672219204077e+01	3.044260172457866065e-02	1.146797128004579808e-01	3.221021694554099257e-02	1.156466128220105638e+00	3.181413343373478142e-01	-2.915169195412518639e-03	-6.983674903867405229e-04
3.331294787934670055e-12	2.796900383047093985e-01	1.310913700771600432e+01	3.150453914265073652e-02	1.176841995123076301e-01	3.327940981948554477e-02	1.160495039927203820e+00	3.177176316191241967e-01	-3.089179169666898209e-03	-7.441408786614821290e-04
3.489101213406766494e-12	2.888643696928107629e-01	1.308640010411186516e+01	3.259447703278138542e-02	1.206301067851128783e-01	3.434015469502335605e-02	1.164376693205819047e+00	3.172660477735277373e-01	-3.270407648575538243e-03	-7.919470446084115678e-04
3.654383070957261569e-12	2.983256616215825829e-01	1.306665740193065339e+01	3.371291791468138815e-02	1.235111022696080973e-01	3.538934468168360159e-02	1.168097739381558142e+00	3.167843487353084186e-01	-3.458964177419595644e-03	-8.417990453443605992e-04
3.827494478516314936e-12	3.080802254851531807e-01	1.304974946611209674e+01	3.486036134685321919e-02	1.263211121351224542e-01	3.642407731575509483e-02	1.171645304895465589e+00	3.162703131788373589e-01	-3.654951800351100531e-03	-8.937046513025029715e-04
4.008806328898464320e-12	3.181343580668291038e-01	1.303552518085813894e+01	3.603730264011006934e-02	1.290543275156058878e-01	3.744138847565067069e-02	1.175006996490578937e+00	3.157217436283271117e-01	-3.858466730615798829e-03	-9.476661367692014361e-04
4.198707084443905621e-12	3.284943197111699353e-01	1.302384099878204005e+01	3.724423118033665103e-02	1.317051923665054358e-01	3.843833003459513897e-02	1.178170878645802278e+00	3.151364713458871814e-01	-4.069597882817271861e-03	-1.003680043712599362e-03
4.397603609302712498e-12	3.391663121722434115e-01	1.301456024175837989e+01	3.848162882452201006e-02	1.342684129483907862e-01	3.941209275277982038e-02	1.181125495702217476e+00	3.145123680645903752e-01	-4.288426436403186721e-03	-1.061736974846350752e-03
4.605922041145112927e-12	3.501564557904096042e-01	1.300755246104032459e+01	3.974996830352164889e-02	1.367390032172362546e-01	4.035990729550004152e-02	1.183859969538354262e+00	3.138473618448147651e-01	-4.515025411015344790e-03	-1.121821412714807268e-03
4.824108704165373984e-12	3.614707640951044798e-01	1.300269286237966959e+01	4.104971138495649291e-02	1.391122371825327109e-01	4.127911046755501634e-02	1.186363897650028365e+00	3.131394373754999849e-01	-4.749459146137888395e-03	-1.183911526785308248e-03
5.052631065335679604e-12	3.731151176694175176e-01	1.299986176361785439e+01	4.238130709062842144e-02	1.413836924404412443e-01	4.216709473179100498e-02	1.188627448814703058e+00	3.123866524107134501e-01	-4.991782813108915431e-03	-1.247979015864364482e-03
5.291978735958436557e-12	3.850952372724508188e-01	1.299894411999442134e+01	4.374518985041338237e-02	1.435492342093876161e-01	4.302142466740329491e-02	1.190641331469282971e+00	3.115871418323677977e-01	-5.242041901372157704e-03	-1.313988964284643329e-03
5.542664520663095602e-12	3.974166078959122106e-01	1.299982905288710811e+01	4.514177229947494152e-02	1.456050103546391861e-01	4.383970716907719528e-02	1.192396792894506730e+00	3.107391299686215191e-01	-5.500270692221803127e-03	-1.381899455055960379e-03
5.805225516094907684e-12	4.100843728695566792e-01	1.300240944456445469e+01	4.657143469072475006e-02	1.475474639713915126e-01	4.461973816648030777e-02	1.193885666726139494e+00	3.098409477292063396e-01	-5.766490098174611653e-03	-1.451661048655925783e-03
6.080224261649427052e-12	4.231034208279991216e-01	1.300658158929966035e+01	4.803453624391571669e-02	1.493733360058607795e-01	4.535941951438145908e-02	1.195100352728699855e+00	3.088910281106646005e-01	-6.040709579112798523e-03	-1.523217362135382766e-03
6.368249944718585906e-12	4.364783799519331153e-01	1.301224492598859683e+01	4.953141585208507836e-02	1.510796937550061003e-01	4.605679617795897796e-02	1.196033876922775629e+00	3.078879153628326648e-01	-6.322927154235059508e-03	-1.596505168719536839e-03
6.669919663030115058e-12	4.502135872199237165e-01	1.301930177049827897e+01	5.106239010299735981e-02	1.526639126108855493e-01	4.671008501651673084e-02	1.196679856483886306e+00	3.068302686502542564e-01	-6.613128911688876538e-03	-1.671454390516681661e-03
6.985879746785234820e-12	4.643130568974960792e-01	1.302765707470163825e+01	5.262775126953882915e-02	1.541237038192906084e-01	4.731766701535788239e-02	1.197032564773088170e+00	3.057168717514275325e-01	-6.911288514097319209e-03	-1.747988117231367208e-03
7.316807143427207274e-12	4.787804481718230254e-01	1.303721819780069957e+01	5.422776530658410254e-02	1.554570726539957481e-01	4.787805773175306950e-02	1.197086841818197023e+00	3.045466317952943425e-01	-7.217366707077084616e-03	-1.826022652626115321e-03
7.663410868007462274e-12	4.936190320673221610e-01	1.304789469818620162e+01	5.586266983272304698e-02	1.566623576185445510e-01	4.838997347400768312e-02	1.196838187970354017e+00	3.033185902579460524e-01	-7.531310830090159197e-03	-1.905467589883713805e-03
8.026433522257174683e-12	5.088316577186182688e-01	1.305959814241329298e+01	5.753267211057851854e-02	1.577382067061630366e-01	4.885228170613291343e-02	1.196282714550380044e+00	3.020319236025069132e-01	-7.853054333581317020e-03	-1.986225915898687938e-03
8.406652885618316356e-12	5.244207181924601668e-01	1.307224193198401174e+01	5.923794703555360086e-02	1.586835714320073143e-01	4.926403568751781814e-02	1.195417137232059890e+00	3.006859459695505055e-01	-8.182516309204874300e-03	-2.068194147768117816e-03
8.804883581643446547e-12	5.403881158803101048e-01	1.308574114531291599e+01	6.097863513675859382e-02	1.594977376059918683e-01	4.962445262098817700e-02	1.194238850421080134e+00	2.992801187549669617e-01	-8.519601033920904190e-03	-2.151262500666291117e-03
9.221978823334340144e-12	5.567352277190508181e-01	1.310001239867071199e+01	6.275484059085274791e-02	1.601802707770647038e-01	4.993293281375943415e-02	1.192745810741956847e+00	2.978140430581653342e-01	-8.864197532884308603e-03	-2.235315088917331269e-03
9.658832241158709141e-12	5.734628702867006211e-01	1.311497371986296123e+01	6.456662926955784865e-02	1.607310649125838764e-01	5.018904783827230626e-02	1.190936654082446866e+00	2.962874720675940377e-01	-9.216179167139905773e-03	-2.320230161019561782e-03
1.011637979766206976e-11	5.905712993619747220e-01	1.313054447174356199e+01	6.641403051189716245e-02	1.611502903021700128e-01	5.039254221850624632e-02	1.188810578216505487e+00	2.947003000882348900e-01	-9.575403972605560018e-03	-2.405880541301691836e-03
1.059560179277614774e-11	6.080609929118080403e-01	1.314664619253099787e+01	6.829712215928364361e-02	1.614384451292809886e-01	5.054334267810677711e-02	1.186367326222100393e+00	2.930524954588460962e-01	-9.941731441733932945e-03	-2.492137936869620249e-03
1.109752496412069864e-11	6.259331537626395825e-01	1.316320389625557752e+01	7.021608028672124413e-02	1.615963499851489071e-01	5.064155293450356421e-02	1.183607110188351186e+00	2.913440539059524159e-01	-1.031503349935237145e-02	-2.578875654415623692e-03
1.162322468679854125e-11	6.441892889634133201e-01	1.318014646057069683e+01	7.217112884272379458e-02	1.616251413028599593e-01	5.068744016662690005e-02	1.180530698392656008e+00	2.895750418152846506e-01	-1.069518606314248145e-02	-2.665966683954804767e-03
1.217382727739662020e-11	6.628311914346561862e-01	1.319740696970556471e+01	7.416253442815155805e-02	1.615262579351657291e-01	5.068142804300163062e-02	1.177139409579373464e+00	2.877455997961521628e-01	-1.108206903167681910e-02	-2.753283827350760417e-03
1.275051240713012859e-11	6.818609417091464620e-01	1.321492289920197116e+01	7.619060380454453774e-02	1.613014351282281156e-01	5.062409149285175547e-02	1.173435119920213987e+00	2.858559436650228713e-01	-1.147556662593681234e-02	-2.840699899894231530e-03
1.335451562929897339e-11	7.012809083761201157e-01	1.323263620405324659e+01	7.825568151534365025e-02	1.609526808085985361e-01	5.051614408817582669e-02	1.169420227736758466e+00	2.839063627093064701e-01	-1.187556765891337358e-02	-2.928087909940260518e-03
1.398713102647241439e-11	7.210937469644480569e-01	1.325049333597648094e+01	8.035814753394000809e-02	1.604822567750182338e-01	5.035843104280760679e-02	1.165097629214065567e+00	2.818972193513203939e-01	-1.228196571835464372e-02	-3.015321210758875690e-03
1.464971398307287854e-11	7.413023982726593131e-01	1.326844521260833965e+01	8.249841498600087031e-02	1.598926591303215516e-01	5.015191943203432118e-02	1.160470691447263558e+00	2.798289473379846903e-01	-1.269465934327679464e-02	-3.102273658152467865e-03
1.534368408930013065e-11	7.619100849371349682e-01	1.328644716039761597e+01	8.467692772741586271e-02	1.591866031770051981e-01	4.989769085238105611e-02	1.155543235567197513e+00	2.777020527512018555e-01	-1.311355206219935905e-02	-3.188819723974146546e-03
1.607052818261638620e-11	7.829203066949561585e-01	1.330445882404248970e+01	8.689415790886846624e-02	1.583669984169697176e-01	4.959693128564938297e-02	1.150319495607156073e+00	2.755171108099261912e-01	-1.353855241623493424e-02	-3.274834617362052877e-03
1.683180353330955093e-11	8.043368339810791356e-01	1.332244406315193963e+01	8.915060339058650252e-02	1.574369171491067643e-01	4.925091944139542433e-02	1.144804060725810091e+00	2.732747624298534905e-01	-1.396957387386804465e-02	-3.360194377916853135e-03
1.762914118095944293e-11	8.261637012430383953e-01	1.334037083712051697e+01	9.144678517359816627e-02	1.563996159582959899e-01	4.886103065570858439e-02	1.139001944624403517e+00	2.709757232022760864e-01	-1.440653475567870226e-02	-3.444775986345540580e-03
1.846424942895546448e-11	8.484051967936624417e-01	1.335821107974612687e+01	9.378324450277174262e-02	1.552584626779061894e-01	4.842871140650015227e-02	1.132918425673709040e+00	2.686207684132733697e-01	-1.484935798119221828e-02	-3.528457429661972268e-03
1.933891750455232057e-11	8.710649944328074934e-01	1.337593982474162857e+01	9.616045061092595714e-02	1.540170022498104085e-01	4.795550258511908220e-02	1.126559347853753668e+00	2.662108330294509773e-01	-1.529795384417557275e-02	-3.611114687485555367e-03
2.025501939230666486e-11	8.941412970320189446e-01	1.339352973967394966e+01	9.857830409883266976e-02	1.526791396763542696e-01	4.744312126679628427e-02	1.119932259388468188e+00	2.637474960578343741e-01	-1.575212391417090546e-02	-3.692604975294135321e-03
2.121451784910627571e-11	9.176269432487998978e-01	1.341094757383469904e+01	1.010361821162407553e-01	1.512489711296048922e-01	4.689342824621276634e-02	1.113045908462251710e+00	2.612328974241966417e-01	-1.621156332413097034e-02	-3.772769283152819370e-03
2.221946860939528424e-11	9.415101533291125868e-01	1.342815243138605652e+01	1.035330433636728609e-01	1.497307190754181838e-01	4.630840547716880834e-02	1.105909914147177986e+00	2.586696178712628025e-01	-1.667587590629841798e-02	-3.851437108859072020e-03
2.327202478960412005e-11	9.657744423305053560e-01	1.344509454005309834e+01	1.060674390173303588e-01	1.481285995940194999e-01	4.569012248791597119e-02	1.098534397455058986e+00	2.560606278694671500e-01	-1.714457335815464112e-02	-3.928428270953479573e-03
2.437444150122221807e-11	9.903985821810502577e-01	1.346171463053296335e+01	1.086375255579364041e-01	1.464468983063857421e-01	4.504074450726870682e-02	1.090930130985316771e+00	2.534092741353902167e-01	-1.761707574829238232e-02	-4.003555007142767935e-03
2.552908068239516723e-11	1.015356608771909031e+00	1.347794372964130893e+01	1.112410798598383876e-01	1.446899465638381288e-01	4.436252013974969349e-02	1.083108441024998481e+00	2.507192467348980935e-01	-1.809271321052362269e-02	-4.076624270133493745e-03
2.673841615839943880e-11	1.040617874955360733e+00	1.349370327723177354e+01	1.138755167454644640e-01	1.428621058014266365e-01	4.365776447414100592e-02	1.075081129055992957e+00	2.479945406868184488e-01	-1.857072878244789629e-02	-4.147440157840923992e-03
2.800503894183625342e-11	1.066147150125960730e+00	1.350890550504852961e+01	1.165379090432451248e-01	1.409678164959598801e-01	4.292885902256018960e-02	1.066860560069265551e+00	2.452394326352325959e-01	-1.905028240739746470e-02	-4.215806443071975704e-03
2.933166278390048099e-11	1.091904766324303777e+00	1.352345403229784893e+01	1.192250100285728170e-01	1.390115438552489979e-01	4.217822410488132612e-02	1.058459488059946940e+00	2.424584305109924176e-01	-1.953045602149835330e-02	-4.281529135852074446e-03
3.072112998861759207e-11	1.117846811375962313e+00	1.353724464408376171e+01	1.219332781438952767e-01	1.369978573715358861e-01	4.140832549387547801e-02	1.049891229605060650e+00	2.396562561425774063e-01	-2.001025972375748349e-02	-4.344419043125876539e-03
3.217641750250735458e-11	1.143925367733176657e+00	1.355016622096995071e+01	1.246589037230589336e-01	1.349314291565011092e-01	4.062165784937689372e-02	1.041169633891219748e+00	2.368378053288580365e-01	-2.048863892540705653e-02	-4.404294264286258247e-03
3.370064329271925032e-11	1.170088796174624024e+00	1.356210178882988338e+01	1.273978375478125036e-01	1.328169058748476516e-01	3.982070071142870121e-02	1.032308719428469690e+00	2.340080797698448345e-01	-2.096448244945804326e-02	-4.460982593466257529e-03
3.529707302730657668e-11	1.196282080226039435e+00	1.357292967472253409e+01	1.301458227887833108e-01	1.306591243807832259e-01	3.900795432118717848e-02	1.023323219892245728e+00	2.311721985312245875e-01	-2.143663174704981550e-02	-4.514323799957661518e-03
3.696912707195032437e-11	1.222448991979112387e+00	1.358252591347216232e+01	1.328986102691530335e-01	1.284627977316093461e-01	3.818583623851657532e-02	1.014227518611052536e+00	2.283351372941951896e-01	-2.190392309625251166e-02	-4.564175260306887333e-03
3.872038781812557004e-11	1.248536723889143829e+00	1.359077059911756713e+01	1.356523975688671280e-01	1.262323833982399723e-01	3.735658594939218063e-02	1.005034809184471634e+00	2.255013209467462421e-01	-2.236527521101358551e-02	-4.610421862199618956e-03
4.055460735840827506e-11	1.274496476167747527e+00	1.359755292162358309e+01	1.384038325299269678e-01	1.239722300536851007e-01	3.652229464448372015e-02	9.957575282588940757e-01	2.226746682857396464e-01	-2.281970339896187763e-02	-4.652976708224636562e-03
4.247571552536894126e-11	1.300283457496202999e+00	1.360277349247025747e+01	1.411499751379087231e-01	1.216866458340881696e-01	3.568492421333325365e-02	9.864076318560708323e-01	2.198586551219378349e-01	-2.326632093758594644e-02	-4.691779736164611130e-03
4.448782831127576069e-11	1.325856880558498929e+00	1.360634550562642708e+01	1.438882686654468224e-01	1.193799213894941313e-01	3.484631664530626199e-02	9.769967377934573038e-01	2.170563591124160530e-01	-2.370433933806826224e-02	-4.726796024086474257e-03
4.659525668664686662e-11	1.351179904266934795e+00	1.360819525962410026e+01	1.466165109363667396e-01	1.170563014241254168e-01	3.400819303075186539e-02	9.675361212868649474e-01	2.142704914350385681e-01	-2.413306695402774038e-02	-4.758013859495631957e-03
4.880251583654433574e-11	1.376219543152039870e+00	1.360826227604320238e+01	1.493328263514362153e-01	1.147200009097405771e-01	3.317216535744767214e-02	9.580368271600193664e-01	2.115034399277775923e-01	-2.455190660418218873e-02	-4.785442750655156084e-03
5.111433483440165318e-11	1.400946551876297130e+00	1.360649914027383822e+01	1.520356387680877053e-01	1.123751549127689348e-01	3.233973161493230997e-02	9.485095896518321856e-01	2.087572915041422117e-01	-2.496035242880016713e-02	-4.809111432522282341e-03
5.353566677410718816e-11	1.425335290272870870e+00	1.360287115437530403e+01	1.547236452242972959e-01	1.100258221219859583e-01	3.151228573782183934e-02	9.389648941655712733e-01	2.060338685363233002e-01	-2.535798610645273107e-02	-4.829065895250920712e-03
5.607169938205469661e-11	1.449363574198712090e+00	1.359735585609252517e+01	1.573957907257312328e-01	1.076759402364598217e-01	3.069111372363773557e-02	9.294128952295485080e-01	2.033347474016654055e-01	-2.574447265065617912e-02	-4.845367483411121626e-03
5.872786613189488850e-11	1.473012543993873491e+00	1.358994244101070414e+01	1.600512472857101853e-01	1.053293281356939698e-01	2.987740277907649858e-02	9.198634562565837225e-01	2.006612873630567451e-01	-2.611955634256241457e-02	-4.858091099887153382e-03
6.150985788580503926e-11	1.496268204730718754e+00	1.358063015150952246e+01	1.626895884093227107e-01	1.029894685717204494e-01	2.907217822798437157e-02	9.103253435387851367e-01	1.980144478794770291e-01	-2.648308217274712023e-02	-4.867323902650097685e-03
6.442363508721370414e-11	1.519121271291230979e+00	1.356942517842366058e+01	1.653108006423385790e-01	1.006594262389749195e-01	2.827629175528878838e-02	9.008059635553210542e-01	1.953947712708753726e-01	-2.683498705534924714e-02	-4.873161499844154768e-03
6.747544053110686101e-11	1.541563449332153279e+00	1.355633922377637646e+01	1.679148909933476930e-01	9.834212709903761285e-02	2.749053050332602235e-02	8.913125670200784390e-01	1.928027642676422015e-01	-2.717523647648006219e-02	-4.875703700292791098e-03
7.067181273927477085e-11	1.563587030944003198e+00	1.354138844649090778e+01	1.705018510252919450e-01	9.604034358135583871e-02	2.671562024721172574e-02	8.818522312697752996e-01	1.902389218824951378e-01	-2.750381617083391683e-02	-4.875053452136292667e-03
7.401959996915652408e-11	1.585184849757528047e+00	1.352459270316497175e+01	1.730716574971727650e-01	9.375670949010458943e-02	2.595223127318634776e-02	8.724318917915376836e-01	1.877037308476278421e-01	-2.782073003042428994e-02	-4.871316225828806711e-03
7.752597488629464062e-11	1.606350251726809786e+00	1.350597497773048872e+01	1.756242731831312853e-01	9.149368304485729075e-02	2.520097082881006881e-02	8.630582180699450934e-01	1.851976566857313489e-01	-2.812599837338569664e-02	-4.864599470308882817e-03
8.119844993184008328e-11	1.627077076135002853e+00	1.348556093077959872e+01	1.781596479219684226e-01	8.925352474539709202e-02	2.446237857581071498e-02	8.537375294064742937e-01	1.827211337344580577e-01	-2.841965658411346393e-02	-4.855012162124494948e-03
8.504489341802668113e-11	1.647359641075642367e+00	1.346337853304431498e+01	1.806777195774812439e-01	8.703835298757010841e-02	2.373694300982997010e-02	8.444759467531257613e-01	1.802745814187407536e-01	-2.870175388564447788e-02	-4.842664388736095393e-03
8.907354638610458163e-11	1.667192732164630264e+00	1.343945776011594972e+01	1.831784149664043293e-01	8.485009444701646641e-02	2.302508932440935907e-02	8.352792256307031149e-01	1.778583851588175779e-01	-2.897235225414795598e-02	-4.827666972589514556e-03
9.329304026284695888e-11	1.686571593538267688e+00	1.341383033382442669e+01	1.856616507659175630e-01	8.269050227661980945e-02	2.232718544605017882e-02	8.261527937570170010e-01	1.754728998049548683e-01	-2.923152545577144962e-02	-4.810131130814856819e-03
9.771241535346501225e-11	1.705491788986844393e+00	1.338652967566877017e+01	1.881273174342707744e-01	8.056118473150622461e-02	2.164355136252352207e-02	8.171018399138304522e-01	1.731184678380163489e-01	-2.947935639769349789e-02	-4.790168284634764573e-03
1.023411402105452712e-10	1.723948146290176453e+00	1.335759183735460986e+01	1.905751477040421860e-01	7.846370083599533973e-02	2.097449200641227085e-02	8.081317288773945950e-01	1.707955367287407045e-01	-2.971592222931409427e-02	-4.767890767926124054e-03
1.071891319205126445e-10	1.741934599896293401e+00	1.332705447217235672e+01	1.930047101484888561e-01	7.639953609990515759e-02	2.032029236694433971e-02	7.992479239067770136e-01	1.685046521265927133e-01	-2.994129059985557728e-02	-4.743411386606436429e-03
1.122667773510811312e-10	1.759444442701676659e+00	1.329495565025376003e+01	1.954154512875598826e-01	7.437006184012545651e-02	1.968120499258697864e-02	7.904558073314503774e-01	1.662464123116729475e-01	-3.015552177572289327e-02	-4.716842733027528170e-03
1.175849554052158201e-10	1.776470396379736139e+00	1.326133342876013366e+01	1.978067079173820020e-01	7.237652173642900033e-02	1.905744641665591682e-02	7.817606130536191023e-01	1.640214520844281709e-01	-3.035866898017205648e-02	-4.688296928023341116e-03
1.231550603292826197e-10	1.793004704953492956e+00	1.322622560144834303e+01	2.001777198069909780e-01	7.042002291079087206e-02	1.844919324310712733e-02	7.731673718417899632e-01	1.618304260440045494e-01	-3.055077930066011499e-02	-4.657885426832066716e-03
1.289890261253308184e-10	1.809039238229574131e+00	1.318966955023698162e+01	2.025276422627411144e-01	6.850153545420485657e-02	1.785658242391922543e-02	7.646808833743390377e-01	1.596739978035765783e-01	-3.073189485767431270e-02	-4.625718845080938404e-03
1.350993521198024986e-10	1.824565597953391682e+00	1.315170216274960246e+01	2.048555582216337878e-01	6.662190632908029930e-02	1.727971288554698906e-02	7.563057362268917894e-01	1.575528317154404057e-01	-3.090205405885714310e-02	-4.591906784662432017e-03
1.414991297434578731e-10	1.839575224494570227e+00	1.311235979613918623e+01	2.071604898782272997e-01	6.478183841330899251e-02	1.671864147028330125e-02	7.480462142051911290e-01	1.554675771523126304e-01	-3.106129291578303697e-02	-4.556557662074816120e-03
1.482020705798860072e-10	1.854059501385434627e+00	1.307167827135156379e+01	2.094414097600083846e-01	6.298191437063543896e-02	1.617338742694964665e-02	7.399063504336864661e-01	1.534188653111004663e-01	-3.120964635239875662e-02	-4.519778531576210470e-03
1.552225357427047968e-10	1.868009855084317605e+00	1.302969289318607693e+01	2.116972510081845116e-01	6.122259675630169901e-02	1.564393293708365995e-02	7.318899052112416426e-01	1.514073012832086174e-01	-3.134714944260999503e-02	-4.481674904544792094e-03
1.625755666443793407e-10	1.881417875143905016e+00	1.298643856298824240e+01	2.139269186033794512e-01	5.950422762329786452e-02	1.513022323087520778e-02	7.240003411629671870e-01	1.494334552290268736e-01	-3.147383909103374650e-02	-4.442350610294202619e-03
1.702769172225897821e-10	1.894275744309169784e+00	1.294194983018842393e+01	2.161293370751030118e-01	5.782701701179907700e-02	1.463216136923350258e-02	7.162407264150679742e-01	1.474978260286989584e-01	-3.158975999124321449e-02	-4.401907370732064013e-03
1.783430876931905687e-10	1.906576614596362962e+00	1.289626109368351159e+01	2.183034904573957768e-01	5.619107494217991799e-02	1.414961626338437882e-02	7.086137935314499314e-01	1.456008294789697954e-01	-3.169496994814706425e-02	-4.360444451659571501e-03
1.867913599020784805e-10	1.918314686264255942e+00	1.284940696791865733e+01	2.204484260223587566e-01	5.459634621922599546e-02	1.368240668890273633e-02	7.011216990597159970e-01	1.437427708192548226e-01	-3.178954111747246680e-02	-4.318058607452678055e-03
1.956398343517064725e-10	1.929485234289934459e+00	1.280142251253873376e+01	2.225632541830470656e-01	5.304272877160716437e-02	1.323033267065477046e-02	6.937664183335567891e-01	1.419238904723588712e-01	-3.187356033727379440e-02	-4.274843998356791727e-03
2.049074689815846066e-10	1.940084613995189500e+00	1.275234337523229655e+01	2.246471474282017988e-01	5.152999089052522769e-02	1.279315621657488126e-02	6.865494500690604296e-01	1.401443344889752307e-01	-3.194712903311016511e-02	-4.230892085441037911e-03
2.146141197858401440e-10	1.950110254606578497e+00	1.270220587796285550e+01	2.266993388487019701e-01	5.005784357654970151e-02	1.237062078553562150e-02	6.794720586324553002e-01	1.384041839475501356e-01	-3.201036290328800049e-02	-4.186291526614299013e-03
2.247805833548729991e-10	1.959560644478661073e+00	1.265104706572736681e+01	2.287191203974130727e-01	4.862592349593480162e-02	1.196244852659655508e-02	6.725352077975442766e-01	1.367034509845721779e-01	-3.206339144676290109e-02	-4.141128078833796258e-03
2.354286414322420067e-10	1.968435309933933786e+00	1.259890472570978481e+01	2.307058409982954694e-01	4.723380728226744818e-02	1.156834505669021920e-02	6.657396044732698526e-01	1.350420865544286197e-01	-3.210635738617824420e-02	-4.095484512289175420e-03
2.465811075822603842e-10	1.976734789125887071e+00	1.254581738206134567e+01	2.326589045961491298e-01	4.588101204914282055e-02	1.118800041811564283e-02	6.590856944824506902e-01	1.334199823738372037e-01	-3.213941601692831690e-02	-4.049440538429999008e-03
2.582618760682674929e-10	1.984460692036992935e+00	1.249182363632879955e+01	2.345777907648574356e-01	4.456700046526018699e-02	1.082109151143783102e-02	6.525736542618729707e-01	1.318369636564686864e-01	-3.216273472609716688e-02	-4.003072198098545260e-03
2.704959730463131364e-10	1.991615783686229602e+00	1.243696089658709170e+01	2.364620909668672388e-01	4.329114666588720212e-02	1.046727364463425139e-02	6.462032256896539373e-01	1.302927564530362292e-01	-3.217649195009309598e-02	-3.956450808525851549e-03
2.833096101839318258e-10	1.998203693409056347e+00	1.238126668348350812e+01	2.383114528512025598e-01	4.205278444337500615e-02	1.012619480195567183e-02	6.399739328621559808e-01	1.287870391437730133e-01	-3.218087492238069780e-02	-3.909644143182800999e-03
2.967302408188872501e-10	2.004228831370165942e+00	1.232477888840892177e+01	2.401255671997697128e-01	4.085122948011930127e-02	9.797501998624400313e-03	6.338851702900064611e-01	1.273194594491598997e-01	-3.217607877384945358e-02	-3.862716706065196307e-03
3.107866187782014063e-10	2.009696349843824503e+00	1.226753573050596025e+01	2.419041656926515516e-01	3.968576427455666050e-02	9.480838247585516437e-03	6.279361451904441616e-01	1.258896304703381874e-01	-3.216230580314031334e-02	-3.815729759278414356e-03
3.255088599835056406e-10	2.014612105250489282e+00	1.220957571615375770e+01	2.436470187646437857e-01	3.855566597699604248e-02	9.175849837126543243e-03	6.221259785105747175e-01	1.244971439250055628e-01	-3.213976478611040022e-02	-3.768741366245166504e-03
3.409285069746807543e-10	2.018982618593146316e+00	1.215093759061286072e+01	2.453539334658582927e-01	3.746018553860248901e-02	8.882181578692183860e-03	6.164536260928957789e-01	1.231415632968923118e-01	-3.210867024132338376e-02	-3.721806434689476934e-03
3.570785964900469852e-10	2.022815037699528418e+00	1.209166028899682566e+01	2.470247515944002104e-01	3.639856935169259039e-02	8.599482433028944606e-03	6.109179580051471437e-01	1.218224343793558873e-01	-3.206924182178097493e-02	-3.674976785598194073e-03
3.739937302478801677e-10	2.026117097485158336e+00	1.203178288498070536e+01	2.486593476700547922e-01	3.537005417884932224e-02	8.327404660792864927e-03	6.055177390189986353e-01	1.205392850345399780e-01	-3.202170358886156226e-02	-3.628301207466916051e-03
3.917101490809260641e-10	2.028897082479637515e+00	1.197134454024184258e+01	2.502576271971273525e-01	3.437387023538057002e-02	8.065604810522849014e-03	6.002516394799936039e-01	1.192916279397761292e-01	-3.196628342165856729e-02	-3.581825534477096114e-03
4.102658105827190344e-10	2.031163785324521687e+00	1.191038440425425016e+01	2.518195255021675738e-01	3.340924719638002638e-02	7.813744853636960669e-03	5.951182573928951447e-01	1.180789633739104810e-01	-3.190321226629289075e-02	-3.535592690418176785e-03
4.297004704320835313e-10	2.032926402675163668e+00	1.184894161843038951e+01	2.533449966123640928e-01	3.247541132020533017e-02	7.571492505521085041e-03	5.901161159634237263e-01	1.169007854836901922e-01	-3.183272275166133120e-02	-3.489642889072331645e-03
4.500557675700488183e-10	2.034194401394297635e+00	1.178705549109719719e+01	2.548339943878761837e-01	3.157160420267812739e-02	7.338525754107559640e-03	5.852437522811707593e-01	1.157565998150100056e-01	-3.175504765178506494e-02	-3.444013991785600370e-03
4.713753134116729086e-10	2.034977460750177158e+00	1.172476533356252837e+01	2.562864699164328908e-01	3.069707376683375455e-02	7.114530744437146462e-03	5.804996848100406615e-01	1.146459210556800001e-01	-3.167041890738666460e-02	-3.398741546632048048e-03
4.937047852839003559e-10	2.035285442284578750e+00	1.166211030907538237e+01	2.577023721727882966e-01	2.985107477966551445e-02	6.899201770117848603e-03	5.758824143954266450e-01	1.135682728851882678e-01	-3.157906703171084462e-02	-3.353858802840584304e-03
5.170920242896755486e-10	2.035128368989154168e+00	1.159912931488237753e+01	2.590816492552766581e-01	2.903287668206693331e-02	6.692243103868001503e-03	5.713904538397350796e-01	1.125231909785626427e-01	-3.148122072779366287e-02	-3.309396742818080089e-03
5.415871378079465267e-10	2.034516410093567984e+00	1.153586089696176842e+01	2.604242497215280006e-01	2.824175380455441406e-02	6.493366099832690273e-03	5.670222883127234992e-01	1.115102173425979171e-01	-3.137710660840677124e-02	-3.265384124959751829e-03
5.672426068491988835e-10	2.033459868630968170e+00	1.147234317912072576e+01	2.617301240470062407e-01	2.747698986456671363e-02	6.302290497805859357e-03	5.627763916567273261e-01	1.105289022725817749e-01	-3.126694901550603617e-02	-3.221847538122636200e-03
5.941133984965039838e-10	2.031969170636505506e+00	1.140861380823205096e+01	2.629992260057450459e-01	2.673787965854636586e-02	6.118744374044106198e-03	5.586512320926955155e-01	1.095788039281080789e-01	-3.115096986769169685e-02	-3.178811459750221970e-03
6.222570836730231313e-10	2.030054855636367783e+00	1.134470990975630222e+01	2.642315140452322630e-01	2.602372861522917261e-02	5.942463677509267697e-03	5.546452695576424841e-01	1.086594871485849212e-01	-3.102938858001520403e-02	-3.136298325078847558e-03
6.517339604882420571e-10	2.027727569882278313e+00	1.128066812568961375e+01	2.654269511369281576e-01	2.533384793434687726e-02	5.773191198058560437e-03	5.507569365709763520e-01	1.077705218934412595e-01	-3.090242210740562837e-02	-3.094328641273121332e-03
6.826071834272379248e-10	2.024998063799534176e+00	1.121652477135356563e+01	2.665855023062943530e-01	2.466756581538753074e-02	5.610678833004397251e-03	5.469846862669254239e-01	1.069114890642366561e-01	-3.077028524993876551e-02	-3.052921180120482005e-03
7.149428986597561750e-10	2.021877178778695772e+00	1.115231568551861585e+01	2.677071379124894568e-01	2.402422402881776789e-02	5.454686621843949854e-03	5.433269765003013729e-01	1.060819775210947169e-01	-3.063319037041214651e-02	-3.012092970938767388e-03
7.488103857590030225e-10	2.018375834883868958e+00	1.108807616233458582e+01	2.687918352551734169e-01	2.340317289630638314e-02	5.304981305903346336e-03	5.397822486367448436e-01	1.052815809219438403e-01	-3.049134722034101130e-02	-2.971859340673951161e-03
7.842822061337681836e-10	2.014505022690423974e+00	1.102384093157758116e+01	2.698395796250416812e-01	2.280377623417752242e-02	5.161337438154866772e-03	5.363489474389080414e-01	1.045098997422363868e-01	-3.034496292773377485e-02	-2.932233988149924100e-03
8.214343584919422200e-10	2.010275793627996244e+00	1.095964413814903793e+01	2.708503651932948619e-01	2.222541112904584046e-02	5.023536964334283754e-03	5.330255202744472731e-01	1.037665404468529340e-01	-3.019424195117298773e-02	-2.893229053943957140e-03
8.603464416684491388e-10	2.005699251670689076e+00	1.089551933138544548e+01	2.718241958532593427e-01	2.166746362934939690e-02	4.891368061758916662e-03	5.298103994402378891e-01	1.030511131948510517e-01	-3.003938607205592498e-02	-2.854855194456398359e-03
9.011018251665036851e-10	2.000786544353163610e+00	1.083149945371674505e+01	2.727610859915893804e-01	2.112933750377291378e-02	4.764627230474298945e-03	5.267020386149310340e-01	1.023632359933799446e-01	-2.988059437964959292e-02	-2.817121654387333071e-03
9.437878277775391497e-10	1.995548853439030212e+00	1.076761683177325324e+01	2.736610611505308488e-01	2.061044728339612303e-02	4.643117252609652371e-03	5.236988845637167156e-01	1.017025307637049181e-01	-2.971806327012008545e-02	-2.780036341395664395e-03
9.884959046625586031e-10	1.989997385957785969e+00	1.070390317251793100e+01	2.745241586059466443e-01	2.011021926543765659e-02	4.526647150684285324e-03	5.207993817203397935e-01	1.010686233469467454e-01	-2.955198643471377423e-02	-2.743605897426470031e-03
1.035321843295661502e-09	1.984143359252130701e+00	1.064038951021614743e+01	2.753504283727850610e-01	1.962809624877097023e-02	4.415033694007169940e-03	5.180019921877757616e-01	1.004611464449088609e-01	-2.938255471231327257e-02	-2.707835743858550293e-03
1.084365968689608688e-09	1.977997975724173907e+00	1.057710616177822516e+01	2.761399325759382739e-01	1.916352868448928035e-02	4.308098451996067099e-03	5.153051603700458116e-01	9.987973435626122665e-02	-2.920995582889237413e-02	-2.672730145688733978e-03
1.135733358343102889e-09	1.971572415818493296e+00	1.051408293318367804e+01	2.768927407242885996e-01	1.871598953422887526e-02	4.205671783729675144e-03	5.127073811015792071e-01	9.932403358326796772e-02	-2.903437472087714785e-02	-2.638292415665000664e-03
1.189534067370320724e-09	1.964877823890224917e+00	1.045134912732549459e+01	2.776089289533669735e-01	1.828495670637254877e-02	4.107588152859090527e-03	5.102071276834316826e-01	9.879369402923082744e-02	-2.885599344014557616e-02	-2.604524983473345285e-03
1.245883364295008068e-09	1.957925298559711313e+00	1.038893351594675707e+01	2.782885808031834718e-01	1.786993296020151362e-02	4.013690888746484706e-03	5.078029365944123352e-01	9.828837867288586772e-02	-2.867499120274976179e-02	-2.571429457468199248e-03
1.304901978014401580e-09	1.950725882126243871e+00	1.032686432149604272e+01	2.789317875981360828e-01	1.747043000122931733e-02	3.923828256021131243e-03	5.054933412597841791e-01	9.780775571474750740e-02	-2.849154424026052734e-02	-2.539006656799321863e-03
1.366716356462010101e-09	1.943290553693908240e+00	1.026516920118457676e+01	2.795386492844372239e-01	1.708597724908919244e-02	3.837855329268479929e-03	5.032769097759813848e-01	9.735150234799246072e-02	-2.830582586267868864e-02	-2.507256666905825510e-03
1.431458937523481393e-09	1.935630222674528111e+00	1.020387524056707740e+01	2.801092750576031909e-01	1.671611350828250409e-02	3.755631834807314582e-03	5.011522101455719858e-01	9.691930032393537842e-02	-2.811800647125175384e-02	-2.476178886925532903e-03
1.499268432786047049e-09	1.927755721962358670e+00	1.014300894121189245e+01	2.806437840895487090e-01	1.636039820129388603e-02	3.677024932055291545e-03	4.991178588851054587e-01	9.651084167316510698e-02	-2.792825357428287483e-02	-2.445772074241008443e-03
1.570290124729377524e-09	1.919677802429645919e+00	1.008259622353799401e+01	2.811423060136329366e-01	1.601839096974203361e-02	3.601903601919147387e-03	4.971724344317491884e-01	9.612581709121377493e-02	-2.773673178805427519e-02	-2.416034385910835035e-03
1.644676177994662829e-09	1.911407119736214133e+00	1.002266236242759589e+01	2.816049821383135865e-01	1.568968258055100304e-02	3.530146960119592836e-03	4.953146098337015690e-01	9.576393296929348875e-02	-2.754360278455519895e-02	-2.386963411483823769e-03
1.722585965398783835e-09	1.902954205851785652e+00	9.963231892616972729e+00	2.820319652650440378e-01	1.537386388785172940e-02	3.461635767168242794e-03	4.935430209127305012e-01	9.542489402548090527e-02	-2.734902479691236551e-02	-2.358556164041600116e-03
1.804186409392068039e-09	1.894329487011007007e+00	9.904328848239886796e+00	2.824234168653804167e-01	1.507054276234526605e-02	3.396256807699233726e-03	4.918563428664010084e-01	9.510841395983578306e-02	-2.715315334925336166e-02	-2.330809260237960180e-03
1.889652339691211477e-09	1.885543280256847032e+00	9.845976802387498950e+00	2.827795065813333286e-01	1.477933868003954154e-02	3.333901429587709381e-03	4.902532686923877225e-01	9.481421284412303030e-02	-2.695614131197335978e-02	-2.303718971909546071e-03
1.979166867853557524e-09	1.876605787155914307e+00	9.788198847834232552e+00	2.831004129329219854e-01	1.449988778124468476e-02	3.274466570146955871e-03	4.887325315850779006e-01	9.454201916542134820e-02	-2.675813898759144688e-02	-2.277281268250169830e-03
2.072921779595369695e-09	1.867527087456217538e+00	9.731017586664217234e+00	2.833863237457366901e-01	1.423183963637670787e-02	3.217854059106720413e-03	4.872928917503016599e-01	9.429156835945959325e-02	-2.655929398518398071e-02	-2.251491823311077296e-03
2.171117945694509622e-09	1.858317137735646440e+00	9.674455128664474657e+00	2.836374370570899917e-01	1.397485158778033996e-02	3.163969074799401465e-03	4.859331120736626874e-01	9.406259929740323766e-02	-2.635975139836920986e-02	-2.226346062777189837e-03
2.273965752357932151e-09	1.848985765331842224e+00	9.618533075340611305e+00	2.838539617095167666e-01	1.372859615516776842e-02	3.112721740653962357e-03	4.846519906860831672e-01	9.385485754335001762e-02	-2.615965372146649912e-02	-2.201839173346143569e-03
2.381685551976160644e-09	1.839542665833465263e+00	9.563272525139707270e+00	2.840361178406479725e-01	1.349275626587355566e-02	3.064025928537752932e-03	4.834483408122918213e-01	9.366809273421188020e-02	-2.595914093843329495e-02	-2.177966138671645277e-03
2.494508135230316413e-09	1.829997401868484586e+00	9.508694067345643930e+00	2.841841378811681418e-01	1.326702893798132818e-02	3.017800308898911828e-03	4.823210067556430447e-01	9.350206047416301236e-02	-2.575835057067323020e-02	-2.154721756944078664e-03
2.612675225563326382e-09	1.820359390081947693e+00	9.454817724217342345e+00	2.842982672498632901e-01	1.305111827784403468e-02	2.973966255810357468e-03	4.812688336577355952e-01	9.335651766490576930e-02	-2.555741752990284277e-02	-2.132100645929611935e-03
2.736439997074666368e-09	1.810637864675117337e+00	9.401662813169844313e+00	2.843787637610502572e-01	1.284474280921900011e-02	2.932449730042808057e-03	4.802907008084210116e-01	9.323122686436827178e-02	-2.535647346065156640e-02	-2.110097208754161107e-03
2.866067616948244470e-09	1.800841917688422500e+00	9.349248215154506880e+00	2.844258967235889224e-01	1.264762748396785173e-02	2.893179230169409203e-03	4.793854885758134787e-01	9.312595240592065615e-02	-2.515564777801374344e-02	-2.088705785167285951e-03
3.001835813575592210e-09	1.790980500650249274e+00	9.297592424020495017e+00	2.844399465086053791e-01	1.245951085187413376e-02	2.856087547934297970e-03	4.785521108315020089e-01	9.304046438739695113e-02	-2.495506774832627339e-02	-2.067920685213280648e-03
3.144035471591500167e-09	1.781062423596581068e+00	9.246713537316139764e+00	2.844212054364303466e-01	1.228014280879721060e-02	2.821111092578797771e-03	4.777895050042383907e-01	9.297453686293649655e-02	-2.475485858546905629e-02	-2.047736209892965075e-03
3.292971255097148186e-09	1.771096347244137892e+00	9.196629235471627695e+00	2.843699779062375810e-01	1.210928373586871686e-02	2.788189507605084647e-03	4.770966288701559144e-01	9.292794698473147430e-02	-2.455514328418485076e-02	-2.028146645605515865e-03
3.448962260405766611e-09	1.761090790540184692e+00	9.147356793428375710e+00	2.842865819543398120e-01	1.194670053509990296e-02	2.757264918329264351e-03	4.764724423411007548e-01	9.290047268439186046e-02	-2.435604290184105805e-02	-2.009146296324985665e-03
3.612342699709437910e-09	1.751054123743140511e+00	9.098913058884425809e+00	2.841713495075524620e-01	1.179217232441090620e-02	2.728282998576982230e-03	4.759159325619121139e-01	9.289189481095447287e-02	-2.415767638659063396e-02	-1.990729471926514903e-03
3.783462617131932968e-09	1.740994564381739051e+00	9.051314439413612689e+00	2.840246267813777425e-01	1.164548665518560892e-02	2.701192204953006219e-03	4.754260975272328604e-01	9.290199527989927153e-02	-2.396016058782196936e-02	-1.972890504654563944e-03
3.962688638701478467e-09	1.730920185703395342e+00	9.004576917649856682e+00	2.838467757980909223e-01	1.150644218656754307e-02	2.675944291433625041e-03	4.750019566056209452e-01	9.293055741069904119e-02	-2.376361041192877332e-02	-1.955623755138633998e-03
4.150404757850472502e-09	1.720838901334279525e+00	8.958715988421010579e+00	2.836381744475975908e-01	1.137483965815737699e-02	2.652491930063498749e-03	4.746425116010248857e-01	9.297736076958756923e-02	-2.356813860181084311e-02	-1.938923608686201651e-03
4.347013158125017173e-09	1.710758436616996114e+00	8.913746548649495338e+00	2.833992157765385378e-01	1.125049682333674299e-02	2.630792764420848522e-03	4.743468126963424347e-01	9.304219001668205535e-02	-2.337385518101180171e-02	-1.922784437692895898e-03
4.552935074866938773e-09	1.700686369237121243e+00	8.869683103090313381e+00	2.831303086273570524e-01	1.113323010357571315e-02	2.610804315274622370e-03	4.741138783941583057e-01	9.312482369376286206e-02	-2.318086836381102328e-02	-1.907200703247834269e-03
4.768611697714474181e-09	1.690630139627143924e+00	8.826539820107845102e+00	2.828318780200076987e-01	1.102287400434370616e-02	2.592489174504717872e-03	4.739427795998268911e-01	9.322504493090767730e-02	-2.298928466213502608e-02	-1.892166963377580865e-03
4.994505115855140358e-09	1.680597040566528477e+00	8.784330478233929540e+00	2.825043655144842680e-01	1.091926203793102020e-02	2.575809905861233332e-03	4.738325566801673827e-01	9.334263034161462136e-02	-2.279920885719566304e-02	-1.877677884918669280e-03
5.231099308056257792e-09	1.670594226569341201e+00	8.743068497679770346e+00	2.821482301145021854e-01	1.082224227499523593e-02	2.560733076473288138e-03	4.737822860045703965e-01	9.347735796511591477e-02	-2.261074405353736758e-02	-1.863728240378009640e-03
5.478901179593956120e-09	1.660628720291340565e+00	8.702766932391361010e+00	2.817639499161820327e-01	1.073166209074134791e-02	2.547225547021660357e-03	4.737910123071254476e-01	9.362899849254434359e-02	-2.242399175743015061e-02	-1.850312897587460528e-03
5.738441648302404521e-09	1.650707390843388023e+00	8.663438396197832958e+00	2.813520210907223262e-01	1.064738174033005337e-02	2.535257288439859633e-03	4.738578083958764342e-01	9.379732148183797524e-02	-2.223905158242010099e-02	-1.837426821977814232e-03
6.010276782070388176e-09	1.640836971893141039e+00	8.625095111825197947e+00	2.809129595631794096e-01	1.056926997628311778e-02	2.524800917329287839e-03	4.739817543056069060e-01	9.398209335959044342e-02	-2.205602151136205891e-02	-1.825065083730120774e-03
6.294988990221888141e-09	1.631024055756995939e+00	8.587748853879114463e+00	2.804473020187062127e-01	1.049719681938087248e-02	2.515829536786394222e-03	4.741619050264405666e-01	9.418307219436414246e-02	-2.187499771879795885e-02	-1.813222827487375030e-03
6.593188271333541710e-09	1.621275089716777140e+00	8.551410941529507426e+00	2.799556056042689089e-01	1.043103917732108449e-02	2.508318084476603062e-03	4.743973148708158227e-01	9.440001041900429601e-02	-2.169607453472837538e-02	-1.801895286455080548e-03
6.905513520162316861e-09	1.611596355209797382e+00	8.516092148056822353e+00	2.794384473063945551e-01	1.037068095226309321e-02	2.502243372235699211e-03	4.746870383415716654e-01	9.463265493942826789e-02	-2.151934402466726404e-02	-1.791077749372051902e-03
7.232633896483518810e-09	1.601993998149854548e+00	8.481802816623879693e+00	2.788964253273570337e-01	1.031601216234760178e-02	2.497584039330097948e-03	4.750301246241580566e-01	9.488074610055291513e-02	-2.134489654476579013e-02	-1.780765603393455552e-03
7.575250258771920716e-09	1.592474038901260602e+00	8.448552885116916045e+00	2.783301599046973940e-01	1.026692513834826306e-02	2.494319195173291207e-03	4.754256001960870948e-01	9.514401419745953381e-02	-2.117282085420412255e-02	-1.770954335789030410e-03
7.934096665797492339e-09	1.583042369034746377e+00	8.416351857789193147e+00	2.777402935238171278e-01	1.022332042310987975e-02	2.492430217131597764e-03	4.758724934154354158e-01	9.542218277931691084e-02	-2.100320408634578917e-02	-1.761639534175680425e-03
8.309941949353386453e-09	1.573704753463755601e+00	8.385208784107701874e+00	2.771274917591080023e-01	1.018510288552833265e-02	2.491899498091302255e-03	4.763698166163474745e-01	9.571496533001368212e-02	-2.083613168269647653e-02	-1.752816868275768264e-03
8.703591361485183753e-09	1.564466827661595394e+00	8.355132237954194352e+00	2.764924431677205918e-01	1.015218183424304067e-02	2.492710645828981851e-03	4.769165662839421893e-01	9.602206539212947145e-02	-2.067168731125126196e-02	-1.744482084708796074e-03
9.115888299750837812e-09	1.555334108371207336e+00	8.326130307302335609e+00	2.758358611399744365e-01	1.012446858256882756e-02	2.494847631315377269e-03	4.775117103250547945e-01	9.634317359336633246e-02	-2.050995297126285977e-02	-1.736630991901215318e-03
9.547716114208065503e-09	1.546311976548548239e+00	8.298210539553791065e+00	2.751584822339929737e-01	1.010188217997835293e-02	2.498296451203059834e-03	4.781542135639387237e-01	9.667797146722585666e-02	-2.035100869806816606e-02	-1.729259453705944910e-03
1.000000000000000021e-08	1.537405685262418498e+00	8.271379912930591161e+00	2.744610679598372127e-01	1.008434230968802310e-02	2.503043108834963545e-03	4.788430053117686547e-01	9.702612611488850569e-02	-2.019493258625415857e-02	-1.722363363755740565e-03
