# Pressure Mass Radius Compactness k2 k3 h2 h3 j2 j3
9.999999999999999799e-13	8.912267977400224750e-02	2.367894926636284225e+01	5.557712084833875410e-03	-4.862300429777429711e-01	1.733467380483843412e+00	7.679129801356394415e-05	0.000000000000000000e+00	-2.560091627487351239e-05	-5.051850727670884353e-06
1.047370897959448749e-12	9.264203236925856733e-02	2.240949784436211800e+01	6.104444985157223696e-03	-4.848852790142065827e-01	-5.891480805279749600e-01	9.259154019333862328e-05	0.000000000000000000e+00	-3.160419710074913099e-05	-5.202739927294013460e-06
1.096985797892381920e-12	9.630037634540468405e-02	2.132804696622190832e+01	6.667256001430005297e-03	-4.835042082914320360e-01	-2.373880644496107750e-01	1.103884210384598215e-04	0.000000000000000000e+00	-3.943340120066008960e-05	-5.554099533508124693e-06
1.148951000187311009e-12	1.001003305445005431e-01	2.039767537495591299e+01	7.246446176821670290e-03	-4.820888203279545259e-01	-2.722688512668608452e-01	1.303244582085139318e-04	0.000000000000000000e+00	-4.935980714649975613e-05	-6.148832878366694480e-06
1.203377840777590522e-12	1.040449718903113524e-01	1.959051129075020015e+01	7.842338095530771575e-03	-4.806353269505944659e-01	-5.700308447312382176e-01	1.525487418917023587e-04	0.000000000000000000e+00	-6.166718812742609014e-05	-7.038287712044847344e-06
1.260382929679727463e-12	1.081377380162257679e-01	1.888512463436434174e+01	8.455273509172895816e-03	-4.791413107436024443e-01	-4.318088996967702209e-01	1.772159266891700782e-04	0.000000000000000000e+00	-7.664887427933993907e-05	-8.281891994189254934e-06
1.320088400831416649e-12	1.123823619344899577e-01	1.826477089947977817e+01	9.085611476081657117e-03	-4.776087996365393495e-01	-4.143330056498776282e-01	2.044930643412818229e-04	0.000000000000000000e+00	-9.460513040076297517e-05	-9.946716286240254106e-06
1.382622173764653478e-12	1.167827883028298014e-01	1.771618350273333320e+01	9.733721256729291338e-03	-4.760364200543547031e-01	-4.922848524236387857e-01	2.345547174052153296e-04	0.000000000000000000e+00	-1.158405847447779234e-04	-1.210697320485508831e-05
1.448118227674535917e-12	1.213430239323406157e-01	1.722872765132163408e+01	1.039996416400333287e-02	-4.744228625723308501e-01	-4.728237019510356243e-01	2.675818417854769612e-04	0.000000000000000000e+00	-1.406613234392151493e-04	-1.484335506573711856e-05
1.516716888470924089e-12	1.260672473060529264e-01	1.679376514573127110e+01	1.108471240243187085e-02	-4.727685450290119995e-01	-4.795048087151934091e-01	3.037669016727786693e-04	0.000000000000000000e+00	-1.693733419544665936e-04	-1.824242719542753025e-05
1.588565129428052692e-12	1.309598380666052442e-01	1.640420416361205369e+01	1.178835480209384015e-02	-4.710721280878192307e-01	-4.561513121340406429e-01	3.433108085203787855e-04	0.000000000000000000e+00	-2.022810886622602425e-04	-2.239593807234543379e-05
1.663816886076127415e-12	1.360253660391542163e-01	1.605416918134424265e+01	1.251129611325908428e-02	-4.693332420777291958e-01	-4.549228018042872357e-01	3.864263523950122489e-04	0.000000000000000000e+00	-2.396860646719560181e-04	-2.740009030847814886e-05
1.742633386009647278e-12	1.412685809024318562e-01	1.573875176563005418e+01	1.325395622574967493e-02	-4.675511134399292223e-01	-4.541283668695367259e-01	4.333364710279033537e-04	0.000000000000000000e+00	-2.818856230025032668e-04	-3.335478822986877198e-05
1.825183494319046040e-12	1.466944053928763980e-01	1.545382020879018903e+01	1.401676947475839069e-02	-4.657250152737240079e-01	-4.510691837671843007e-01	4.842758548790669984e-04	0.000000000000000000e+00	-3.291719412808062390e-04	-4.036283429920144481e-05
1.911644075385703708e-12	1.523079278852529639e-01	1.519587218032615183e+01	1.480018393792184757e-02	-4.638542508166488276e-01	-4.487993799139716189e-01	5.394913817888890390e-04	0.000000000000000000e+00	-3.818311657527649313e-04	-4.852917493061371159e-05
2.002200371815584363e-12	1.581143957902483577e-01	1.496191972506181855e+01	1.560466061060689601e-02	-4.619381902933362150e-01	-4.473849191454372654e-01	5.992425104475781333e-04	0.000000000000000000e+00	-4.401426726658557711e-04	-5.796007329664611737e-05
2.097046401323230665e-12	1.641192088069925448e-01	1.474939833983701476e+01	1.643067270939173666e-02	-4.599759685653977970e-01	-4.446531422052305005e-01	6.638016836919043021e-04	0.000000000000000000e+00	-5.043784731675047314e-04	-6.876234894754962399e-05
2.196385372416542332e-12	1.703278449275273665e-01	1.455609664980423545e+01	1.727869569198101432e-02	-4.579669163012907718e-01	-4.414106380879088687e-01	7.334543227916444624e-04	0.000000000000000000e+00	-5.748019146819351210e-04	-8.104247714779729407e-05
2.300430119772921506e-12	1.767454010664497865e-01	1.438010851298108861e+01	1.814914598642563409e-02	-4.559104857640864927e-01	-4.390219028006063229e-01	8.084938018223217270e-04	0.000000000000000000e+00	-6.516615033176682446e-04	-9.490473945242866214e-05
2.409403560239526876e-12	1.833766975219596473e-01	1.421977509662750094e+01	1.904239872983405982e-02	-4.538062158234641985e-01	-4.367301427349903342e-01	8.892219561932187231e-04	0.000000000000000000e+00	-7.351904742863095941e-04	-1.104503405752485057e-04
2.523539170434765862e-12	1.902264088591502922e-01	1.407364009181923947e+01	1.995880815693922700e-02	-4.516537288267116756e-01	-4.336908684845507400e-01	9.759505330939461081e-04	0.000000000000000000e+00	-8.256072798426712916e-04	-1.277766628253541371e-04
2.643081486974102692e-12	1.972990284668459382e-01	1.394041814114248545e+01	2.089870526660239647e-02	-4.494527427889214999e-01	-4.307642262232570518e-01	1.069001027306286768e-03	0.000000000000000000e+00	-9.231144269995202132e-04	-1.469763517829797232e-04
2.768286630392061017e-12	2.045988296777956628e-01	1.381896906497814470e+01	2.186239494536217423e-02	-4.472030491317308121e-01	-4.278479140449276130e-01	1.168703755610740530e-03	0.000000000000000000e+00	-1.027897286616852703e-03	-1.681363236626662392e-04
2.899422853882880921e-12	2.121298243645829140e-01	1.370827641825220233e+01	2.285015310247495018e-02	-4.449045104633683745e-01	-4.248001751347067478e-01	1.275397251368250379e-03	0.000000000000000000e+00	-1.140122912027249219e-03	-1.913368729554527556e-04
3.036771118035460378e-12	2.198957184602265413e-01	1.360742974216993417e+01	2.386222342693294571e-02	-4.425571005930025725e-01	-4.216300102363809144e-01	1.389427409296146391e-03	0.000000000000000000e+00	-1.259938839718062822e-03	-2.166507752597934355e-04
3.180625692794118977e-12	2.278998656094743946e-01	1.351560954963692751e+01	2.489881435341860516e-02	-4.401608871927734645e-01	-4.184288345073269300e-01	1.511146484837732999e-03	0.000000000000000000e+00	-1.387471913313695869e-03	-2.441424309176168372e-04
3.331294787934670055e-12	2.361452181631241709e-01	1.343207478332301896e+01	2.596009573319779315e-02	-4.377160484866962631e-01	-4.152168699913791339e-01	1.640911872511086273e-03	0.000000000000000000e+00	-1.522827091593022264e-03	-2.738670558175096978e-04
3.489101213406766494e-12	2.446343108192193805e-01	1.335615186535037857e+01	2.704619997412986004e-02	-4.352228615431743552e-01	-4.119172929523129412e-01	1.779085346596150346e-03	0.000000000000000000e+00	-1.666086877437275180e-03	-3.058700775927661666e-04
3.654383070957261569e-12	2.533695500275340295e-01	1.328722428992994509e+01	2.815725987639277131e-02	-4.326816254867962841e-01	-4.085849484060524173e-01	1.926037279862667347e-03	0.000000000000000000e+00	-1.817316101826808080e-03	-3.401877671093812123e-04
3.827494478516314936e-12	2.623534894696670228e-01	1.322472619229664659e+01	2.929344107884281415e-02	-4.300925762079089720e-01	-4.051842191477375565e-01	2.082151086473125069e-03	0.000000000000000000e+00	-1.976567311240775161e-03	-3.768482317048967999e-04
4.008806328898464320e-12	2.715888532987162374e-01	1.316813875955116409e+01	3.045494238038424367e-02	-4.274558914836318890e-01	-4.017399388723899567e-01	2.247824176299018182e-03	0.000000000000000000e+00	-2.143882250840846958e-03	-4.158715903593719057e-04
4.198707084443905621e-12	2.810785438594673447e-01	1.311698674685800192e+01	3.164199446838920210e-02	-4.247717017588940602e-01	-3.982257374543203832e-01	2.423468577685561950e-03	0.000000000000000000e+00	-2.319293094199049651e-03	-4.572701746610304484e-04
4.397603609302712498e-12	2.908256511219085017e-01	1.307083503943952607e+01	3.285485920755294026e-02	-4.220400846597220923e-01	-3.946724045205964315e-01	2.609511788596483375e-03	0.000000000000000000e+00	-2.502823696272942020e-03	-5.010487790995469528e-04
4.605922041145112927e-12	3.008334626078055796e-01	1.302928541349296587e+01	3.409382910100329511e-02	-4.192610703209450618e-01	-3.910639339470599607e-01	2.806397503683925269e-03	0.000000000000000000e+00	-2.694490827282960792e-03	-5.472049417503544854e-04
4.824108704165373984e-12	3.111054746611215394e-01	1.299197349454372308e+01	3.535922705028076568e-02	-4.164346463572548562e-01	-3.874071840786348919e-01	3.014586563922290029e-03	0.000000000000000000e+00	-2.894305422202812436e-03	-5.957292724628850730e-04
5.052631065335679604e-12	3.216454019690538901e-01	1.295856604842385096e+01	3.665140569244121349e-02	-4.135607597478416220e-01	-3.836977905175465997e-01	3.234557754342647258e-03	0.000000000000000000e+00	-3.102273706292854507e-03	-6.466057726774713426e-04
5.291978735958436557e-12	3.324572013884274924e-01	1.292875835972093768e+01	3.797074875682036194e-02	-4.106393136908312314e-01	-3.799335376431411393e-01	3.466809016990840108e-03	0.000000000000000000e+00	-3.318398613687482089e-03	-6.998122543270330264e-04
5.542664520663095602e-12	3.435451566834976100e-01	1.290227162735509836e+01	3.931768007484050947e-02	-4.076701544902925911e-01	-3.761245907261454025e-01	3.711860190925478104e-03	0.000000000000000000e+00	-3.542682334241307063e-03	-7.553210620333822159e-04
5.805225516094907684e-12	3.549135685867649825e-01	1.287885055937229062e+01	4.069262762167792646e-02	-4.046531471291918147e-01	-3.722622341485190001e-01	3.970247407898673704e-03	0.000000000000000000e+00	-3.775120993665643555e-03	-8.130978595008379450e-04
6.080224261649427052e-12	3.665665257368143637e-01	1.285826088780373766e+01	4.209599753015015600e-02	-4.015882374089093099e-01	-3.683536765247855116e-01	4.242518334948809818e-03	0.000000000000000000e+00	-4.015700289847828550e-03	-8.731006334038091381e-04
6.368249944718585906e-12	3.785078812033975115e-01	1.284028664644490725e+01	4.352817337445167439e-02	-3.984754504542081244e-01	-3.643967746532198460e-01	4.529231431875492715e-03	0.000000000000000000e+00	-4.264395292253072255e-03	-9.352797372949240217e-04
6.669919663030115058e-12	3.907412312763512974e-01	1.282472790697605092e+01	4.498951547447033877e-02	-3.953148929211248719e-01	-3.603922395484548957e-01	4.830955232684922170e-03	0.000000000000000000e+00	-4.521170285111003953e-03	-9.995779690966152126e-04
6.985879746785234820e-12	4.032698872659229994e-01	1.281139898259027810e+01	4.648035884729682932e-02	-3.921067553921424587e-01	-3.563419835562727789e-01	5.148267229613384503e-03	0.000000000000000000e+00	-4.785978311845432050e-03	-1.065930604367000545e-03
7.316807143427207274e-12	4.160968527512995396e-01	1.280012672353475622e+01	4.800101233486047531e-02	-3.888513144989056980e-01	-3.522462441818198786e-01	5.481752882689259684e-03	0.000000000000000000e+00	-5.058761005541915177e-03	-1.134265527295197059e-03
7.663410868007462274e-12	4.292248030990510332e-01	1.279074899979922186e+01	4.955175816853912840e-02	-3.855489320479106308e-01	-3.481060065701378492e-01	5.832004659647900546e-03	0.000000000000000000e+00	-5.339448571006635315e-03	-1.204503421888317247e-03
8.026433522257174683e-12	4.426560465743903383e-01	1.278311374460082384e+01	5.113284799097745498e-02	-3.822000626130344636e-01	-3.439231209208359896e-01	6.199620166441194465e-03	0.000000000000000000e+00	-5.627958825640730009e-03	-1.276557762465880359e-03
8.406652885618316356e-12	4.563925709061518177e-01	1.277707762496109467e+01	5.274451074182735094e-02	-3.788052352237664677e-01	-3.396985445861206432e-01	6.585202933283263241e-03	0.000000000000000000e+00	-5.924198855186693473e-03	-1.350335470543623630e-03
8.804883581643446547e-12	4.704360941037966648e-01	1.277250542122949106e+01	5.438695881767838247e-02	-3.753650397105969816e-01	-3.354337807096294810e-01	6.989363046829961089e-03	0.000000000000000000e+00	-6.228066264372195994e-03	-1.425737499544810520e-03
9.221978823334340144e-12	4.847880446275021349e-01	1.276926936048667116e+01	5.606038653875199118e-02	-3.718801289369174090e-01	-3.311304907830367461e-01	7.412716017258635243e-03	0.000000000000000000e+00	-6.539449231744838727e-03	-1.502659126083370896e-03
9.658832241158709141e-12	4.994495340525309524e-01	1.276724861444241022e+01	5.776496731289283704e-02	-3.683512235522032885e-01	-3.267905038457723510e-01	7.855881198028035264e-03	0.000000000000000000e+00	-6.858226098226264181e-03	-1.580990144719525642e-03
1.011637979766206976e-11	5.144213383435642939e-01	1.276632871293382365e+01	5.950085239069975718e-02	-3.647791135044936572e-01	-3.224150611370182329e-01	8.319480469264632985e-03	0.000000000000000000e+00	-7.184265374522492455e-03	-1.660615186503575872e-03
1.059560179277614774e-11	5.297038790110130124e-01	1.276640100903179054e+01	6.126816965232071560e-02	-3.611646592011504842e-01	-3.180061130522612300e-01	8.804136850801684913e-03	0.000000000000000000e+00	-7.517425750467219940e-03	-1.741414051300599342e-03
1.109752496412069864e-11	5.452972036044471116e-01	1.276736221023473306e+01	6.306702226327738636e-02	-3.575087926595705290e-01	-3.135656306434628782e-01	9.310472967079824400e-03	0.000000000000000000e+00	-7.857556081454941665e-03	-1.823262053679772622e-03
1.162322468679854125e-11	5.612009563618702845e-01	1.276911404883245993e+01	6.489748572055123454e-02	-3.538125217362489972e-01	-3.090954611585451373e-01	9.839108940327825209e-03	0.000000000000000000e+00	-8.204494823661133765e-03	-1.906030228165216068e-03
1.217382727739662020e-11	5.774143728359129035e-01	1.277156280768573104e+01	6.675960856032910062e-02	-3.500769268719307603e-01	-3.045976464999563538e-01	1.039066121328518014e-02	0.000000000000000000e+00	-8.558070578114234522e-03	-1.989585848530954146e-03
1.275051240713012859e-11	5.939363667126138502e-01	1.277461904689114292e+01	6.865342291212210568e-02	-3.463031380901261391e-01	-3.000743072219555496e-01	1.096574438294415504e-02	0.000000000000000000e+00	-8.918104218133151781e-03	-2.073793297494369407e-03
1.335451562929897339e-11	6.107654952910747115e-01	1.277819743286852194e+01	7.057894055292954216e-02	-3.424923415037108843e-01	-2.955275588488809335e-01	1.156496890540424129e-02	0.000000000000000000e+00	-9.284407994398934452e-03	-2.158514192424858431e-03
1.398713102647241439e-11	6.278999151490475272e-01	1.278221593722919991e+01	7.253615142445478392e-02	-3.386457804745159339e-01	-2.909596057847459449e-01	1.218893938517469182e-02	0.000000000000000000e+00	-9.656787088695811122e-03	-2.243608235268106880e-03
1.464971398307287854e-11	6.453372394911439658e-01	1.278659655944667328e+01	7.452500252589139285e-02	-3.347647948368499549e-01	-2.863727432587014343e-01	1.283824628316273912e-02	0.000000000000000000e+00	-1.003503270023682614e-02	-2.328931793099657359e-03
1.534368408930013065e-11	6.630746421116721079e-01	1.279126412370765919e+01	7.654541604760557727e-02	-3.308507825495588528e-01	-2.817693047517129123e-01	1.351346988032289115e-02	0.000000000000000000e+00	-1.041892884588740097e-02	-2.414340101675165745e-03
1.607052818261638620e-11	6.811087757964778833e-01	1.279614658626630508e+01	7.859727779010837467e-02	-3.269052195949432860e-01	-2.771517088021938080e-01	1.421517476699083078e-02	0.000000000000000000e+00	-1.080824871900925438e-02	-2.499686718094745221e-03
1.683180353330955093e-11	6.994357703029040474e-01	1.280117473681601581e+01	8.068043820242540298e-02	-3.229296549459518273e-01	-2.725224440377976287e-01	1.494390822230842568e-02	0.000000000000000000e+00	-1.120275550686009730e-02	-2.584824160489864343e-03
1.762914118095944293e-11	7.180512135482718383e-01	1.280628205339390391e+01	8.279471066439636484e-02	-3.189257106139375408e-01	-2.678840639229295717e-01	1.570019761799217733e-02	0.000000000000000000e+00	-1.160220221397804952e-02	-2.669604282458027354e-03
1.846424942895546448e-11	7.369501605696329172e-01	1.281140450673015252e+01	8.493987333954229613e-02	-3.148950748420176193e-01	-2.632391436597814049e-01	1.648454903105199196e-02	0.000000000000000000e+00	-1.200633254958862785e-02	-2.753878918335539092e-03
1.933891750455232057e-11	7.561272327174374253e-01	1.281648051602731364e+01	8.711568047443939145e-02	-3.108394778220036070e-01	-2.585902890554563349e-01	1.729744949204191015e-02	0.000000000000000000e+00	-1.241488303432255330e-02	-2.837500697236552960e-03
2.025501939230666486e-11	7.755765539373322692e-01	1.282145077722145032e+01	8.932185573073696261e-02	-3.067607014381482644e-01	-2.539401498523212175e-01	1.813936283553639617e-02	0.000000000000000000e+00	-1.282758213926827109e-02	-2.920323266278214598e-03
2.121451784910627571e-11	7.952916640826208639e-01	1.282625814316609869e+01	9.155808258360251251e-02	-3.026605937138939773e-01	-2.492913990769693722e-01	1.901072406396828174e-02	0.000000000000000000e+00	-1.324414861899260790e-02	-3.002201334612911079e-03
2.221946860939528424e-11	8.152655175708459767e-01	1.283084749261510105e+01	9.382400466041113107e-02	-2.985410643065216640e-01	-2.446467458576351006e-01	1.991193723768702392e-02	0.000000000000000000e+00	-1.366429216700239951e-02	-3.082991258791520101e-03
2.327202478960412005e-11	8.354904571561850846e-01	1.283516572928392563e+01	9.611922226968229455e-02	-2.944040868069840999e-01	-2.400089362984257346e-01	2.084337182267526414e-02	0.000000000000000000e+00	-1.408771248709577567e-02	-3.162551196700540829e-03
2.437444150122221807e-11	8.559582322443652913e-01	1.283916160259140327e+01	9.844329531552471757e-02	-2.902516892565924489e-01	-2.353807342066585873e-01	2.180536153536391172e-02	0.000000000000000000e+00	-1.451410096149923466e-02	-3.240741934443270699e-03
2.552908068239516723e-11	8.766599866491741055e-01	1.284278568678498011e+01	1.007957415305040516e-01	-2.860859531685761015e-01	-2.307649159992174737e-01	2.279820135262356634e-02	0.000000000000000000e+00	-1.494314043079455687e-02	-3.317427201218388268e-03
2.673841615839943880e-11	8.975862366240029422e-01	1.284599041387010665e+01	1.031760330709747403e-01	-2.819090151517013032e-01	-2.261642779330569064e-01	2.382214374205958787e-02	0.000000000000000000e+00	-1.537450428977107236e-02	-3.392473806709402420e-03
2.800503894183625342e-11	9.187269388157331962e-01	1.284872990856167618e+01	1.055836049241656999e-01	-2.777230477240465456e-01	-2.215816010587642049e-01	2.487739997518043436e-02	0.000000000000000000e+00	-1.580785945531220510e-02	-3.465752681498271339e-03
2.933166278390048099e-11	9.400715888119859365e-01	1.285096003768468087e+01	1.080178650842930216e-01	-2.735302378782263899e-01	-2.170196354710762776e-01	2.596414268633446751e-02	0.000000000000000000e+00	-1.624286791091613530e-02	-3.537139355046993450e-03
3.072112998861759207e-11	9.616091283939206535e-01	1.285263833996611815e+01	1.104781835995929662e-01	-2.693328024963191347e-01	-2.124811082052377731e-01	2.708249927617556799e-02	0.000000000000000000e+00	-1.667918536322949424e-02	-3.606514068338377392e-03
3.217641750250735458e-11	9.833279143845197190e-01	1.285372399551031997e+01	1.129638883226463386e-01	-2.651329913990407294e-01	-2.079687287104791671e-01	2.823254795757761115e-02	0.000000000000000000e+00	-1.711646085503397766e-02	-3.673762000727379216e-03
3.370064329271925032e-11	1.005215728065868896e+00	1.285417780914058561e+01	1.154742651159439276e-01	-2.609330825621457017e-01	-2.034851825551277638e-01	2.941431576805008177e-02	0.000000000000000000e+00	-1.755433732138794028e-02	-3.738773668700946101e-03
3.529707302730657668e-11	1.027259779039637611e+00	1.285396221484768553e+01	1.180085571241821230e-01	-2.567353788696892236e-01	-1.990331212473561151e-01	3.062777620079274593e-02	0.000000000000000000e+00	-1.799245169920715703e-02	-3.801445179491325099e-03
3.696912707195032437e-11	1.049446738035879623e+00	1.285304121692436752e+01	1.205659678390074152e-01	-2.525421986187185719e-01	-1.946151539871260605e-01	3.187284873753995496e-02	0.000000000000000000e+00	-1.843043671868514408e-02	-3.861678879238017795e-03
3.872038781812557004e-11	1.071762722184962824e+00	1.285138045556839081e+01	1.231456574590678865e-01	-2.483558771736144866e-01	-1.902338477830453900e-01	3.314939526148246579e-02	0.000000000000000000e+00	-1.886791968483691323e-02	-3.919383214412580814e-03
4.055460735840827506e-11	1.094193341199559022e+00	1.284894715315725122e+01	1.257467472142527465e-01	-2.441787555431338685e-01	-1.858917132834564945e-01	3.445722041723520840e-02	0.000000000000000000e+00	-1.930452473986052700e-02	-3.974473428252895887e-03
4.247571552536894126e-11	1.116723776591256989e+00	1.284571012295096359e+01	1.283683268109032105e-01	-2.400131645105516853e-01	-1.815911873237175400e-01	3.579607387865916396e-02	0.000000000000000000e+00	-1.973987410016454086e-02	-4.026871780212193039e-03
4.448782831127576069e-11	1.139338827028328227e+00	1.284163972498943451e+01	1.310094584064334378e-01	-2.358614149853270614e-01	-1.773346237373041590e-01	3.716565124927460884e-02	0.000000000000000000e+00	-2.017358936512613291e-02	-4.076507852805177218e-03
4.659525668664686662e-11	1.162022821323708266e+00	1.283670785501054290e+01	1.336691649659199344e-01	-2.317258129815835122e-01	-1.731243072961901053e-01	3.856558696759464222e-02	0.000000000000000000e+00	-2.060528996863684320e-02	-4.123318443903498109e-03
4.880251583654433574e-11	1.184759626867960991e+00	1.283088795806518156e+01	1.363464292176282122e-01	-2.276086572566466681e-01	-1.689624518209772719e-01	3.999545247450317365e-02	0.000000000000000000e+00	-2.103459316240157903e-02	-4.167247588682174847e-03
5.111433483440165318e-11	1.207532724050196293e+00	1.282415493893701175e+01	1.390402011897824697e-01	-2.235122239417690615e-01	-1.648511835756343302e-01	4.145475912984391414e-02	0.000000000000000000e+00	-2.146111773271450543e-02	-4.208247418154204000e-03
5.353566677410718816e-11	1.230325150114254029e+00	1.281648536043923237e+01	1.417493875460474895e-01	-2.194387792393020509e-01	-1.607925550921094071e-01	4.294295152735539550e-02	0.000000000000000000e+00	-2.188447910306133212e-02	-4.246276916668484391e-03
5.607169938205469661e-11	1.253119618128303747e+00	1.280785724780649559e+01	1.444728651533791208e-01	-2.153905552997072981e-01	-1.567885207207951326e-01	4.445941403341018699e-02	0.000000000000000000e+00	-2.230429581760930147e-02	-4.281303361772691857e-03
5.872786613189488850e-11	1.275898514516961457e+00	1.279825022147483793e+01	1.472094770567471400e-01	-2.113697532935391032e-01	-1.528409405898719930e-01	4.600346807134461646e-02	0.000000000000000000e+00	-2.272018773671800884e-02	-4.313301745471673394e-03
6.150985788580503926e-11	1.298643953854447197e+00	1.278764545200884584e+01	1.499580368645470341e-01	-2.073785340388962783e-01	-1.489515722228177408e-01	4.757437419211252294e-02	0.000000000000000000e+00	-2.313177753889938265e-02	-4.342254897116539294e-03
6.442363508721370414e-11	1.321337899494330559e+00	1.277602564690711162e+01	1.527173403451521638e-01	-2.034189989045183666e-01	-1.451220537081468198e-01	4.917133866288427024e-02	0.000000000000000000e+00	-2.353869296898167957e-02	-4.368153538680675206e-03
6.747544053110686101e-11	1.343962126664448808e+00	1.276337501352115389e+01	1.554861590848081176e-01	-1.994931973087084864e-01	-1.413539123970462552e-01	5.079351010253746468e-02	0.000000000000000000e+00	-2.394056660620378155e-02	-4.390996178167497557e-03
7.067181273927477085e-11	1.366498207516061658e+00	1.274967929838848590e+01	1.582632356750958702e-01	-1.956031315590089081e-01	-1.376485715337575910e-01	5.243997687378209455e-02	0.000000000000000000e+00	-2.433703521148858004e-02	-4.410788814694790484e-03
7.401959996915652408e-11	1.388927563035583734e+00	1.273492577718994312e+01	1.610472871170970377e-01	-1.917507500306724622e-01	-1.340073455590977958e-01	5.410976935483230443e-02	0.000000000000000000e+00	-2.472774110826798585e-02	-4.427544936795911081e-03
7.752597488629464062e-11	1.411231505170814415e+00	1.271910325785294482e+01	1.638370068811593749e-01	-1.879379426514690699e-01	-1.304314377043454265e-01	5.580186165525001518e-02	0.000000000000000000e+00	-2.511233292321995297e-02	-4.441285347681180398e-03
8.119844993184008328e-11	1.433391287311808426e+00	1.270220208904699888e+01	1.666310678105805687e-01	-1.841665356025211642e-01	-1.269219373927344963e-01	5.751517405654051757e-02	0.000000000000000000e+00	-2.549046665260498376e-02	-4.452038023231233953e-03
8.504489341802668113e-11	1.455388143834228876e+00	1.268421418127745426e+01	1.694281235355472870e-01	-1.804382884268762588e-01	-1.234798201336870377e-01	5.924857475433185916e-02	0.000000000000000000e+00	-2.586180599934874078e-02	-4.459837789740479959e-03
8.907354638610458163e-11	1.477203357794826477e+00	1.266513298709504021e+01	1.722268136571104280e-01	-1.767548864893760119e-01	-1.201059431802337929e-01	6.100088413653976388e-02	0.000000000000000000e+00	-2.622602444941232042e-02	-4.464726341105226121e-03
9.329304026284695888e-11	1.498818339117428122e+00	1.264495347441983597e+01	1.750257702814703997e-01	-1.731179323526564062e-01	-1.168010407283002483e-01	6.277088021603444146e-02	0.000000000000000000e+00	-2.658280570091819950e-02	-4.466751710951811886e-03
9.771241535346501225e-11	1.520214681644686650e+00	1.262367207503717381e+01	1.778236224997332693e-01	-1.695289405578653263e-01	-1.135657225214560251e-01	6.455730307416290836e-02	0.000000000000000000e+00	-2.693184503655256246e-02	-4.465968079790716416e-03
1.023411402105452712e-10	1.541374106745206696e+00	1.260128670345798696e+01	1.806189866623381657e-01	-1.659893508428114672e-01	-1.104004893173996249e-01	6.635885033796692922e-02	0.000000000000000000e+00	-2.727284794215661598e-02	-4.462435302668483865e-03
1.071891319205126445e-10	1.562278529945208216e+00	1.257779674256338964e+01	1.834104714385260404e-01	-1.625005221630443086e-01	-1.073057305054026800e-01	6.817418203586932124e-02	0.000000000000000000e+00	-2.760553221170068336e-02	-4.456218877220453033e-03
1.122667773510811312e-10	1.582910074444021431e+00	1.255320306187069868e+01	1.861966762071658454e-01	-1.590637355092995031e-01	-1.042817300944460929e-01	7.000192130510389521e-02	0.000000000000000000e+00	-2.792962637296568865e-02	-4.447389121350888916e-03
1.175849554052158201e-10	1.603251149482740612e+00	1.252750798126865917e+01	1.889761978672697407e-01	-1.556801865051089251e-01	-1.013286635006543090e-01	7.184066069530442578e-02	0.000000000000000000e+00	-2.824487224858054230e-02	-4.436021185174771411e-03
1.231550603292826197e-10	1.623284495322929732e+00	1.250071527587934561e+01	1.917476332101183678e-01	-1.523509840757932277e-01	-9.844659990084252132e-02	7.368896577271412396e-02	0.000000000000000000e+00	-2.855102531101499572e-02	-4.422194602412068097e-03
1.289890261253308184e-10	1.642993227316676963e+00	1.247283016210814566e+01	1.945095815177729226e-01	-1.490771491809986249e-01	-9.563550487110245024e-02	7.554537898403655694e-02	0.000000000000000000e+00	-2.884785508183348307e-02	-4.405992846632456050e-03
1.350993521198024986e-10	1.662360904235566261e+00	1.244385927246987045e+01	1.972606502971423759e-01	-1.458596102449759568e-01	-9.289524004915813982e-02	7.740842575096550104e-02	0.000000000000000000e+00	-2.913514623361157865e-02	-4.387502973021209333e-03
1.414991297434578731e-10	1.681371615568536537e+00	1.241381051716049022e+01	1.999994652448445209e-01	-1.426991943569177190e-01	-9.022555960344114112e-02	7.927662363508783394e-02	0.000000000000000000e+00	-2.941269958479019245e-02	-4.366815091833928068e-03
1.482020705798860072e-10	1.700009927982510716e+00	1.238269313701266761e+01	2.027246606630594694e-01	-1.395966415653120685e-01	-8.762612623364494924e-02	8.114847829841706495e-02	0.000000000000000000e+00	-2.968033106397055185e-02	-4.344022009138187070e-03
1.552225357427047968e-10	1.718260893621248009e+00	1.235051769196515714e+01	2.054348781835534099e-01	-1.365526090624287481e-01	-8.509651818292671144e-02	8.302248492404264157e-02	0.000000000000000000e+00	-2.993787164378981444e-02	-4.319218841618443876e-03
1.625755666443793407e-10	1.736110093171690405e+00	1.231729602538935708e+01	2.081287701172906401e-01	-1.335676702176421260e-01	-8.263623186814783583e-02	8.489713280763049041e-02	0.000000000000000000e+00	-3.018516777813960716e-02	-4.292502613000656435e-03
1.702769172225897821e-10	1.753543682286552663e+00	1.228304124998292757e+01	2.108050029983995211e-01	-1.306423137469863438e-01	-8.024468458704504814e-02	8.677091013856678969e-02	0.000000000000000000e+00	-3.042208204102140462e-02	-4.263971906217863851e-03
1.783430876931905687e-10	1.770548420363788455e+00	1.224776770991035590e+01	2.134622595613155926e-01	-1.277769449100648325e-01	-7.792121889633085718e-02	8.864230771732871383e-02	0.000000000000000000e+00	-3.064849283576196598e-02	-4.233726348951183209e-03
1.867913599020784805e-10	1.787111725838372855e+00	1.221149096074877782e+01	2.160992437684485790e-01	-1.249718836751231021e-01	-7.566510443048331258e-02	9.050982482591532485e-02	0.000000000000000000e+00	-3.086429578733843396e-02	-4.201866435975630878e-03
1.956398343517064725e-10	1.803221697342372032e+00	1.217422773894065280e+01	2.187146820859514618e-01	-1.222273672331656569e-01	-7.347554322254917780e-02	9.237197246233114223e-02	0.000000000000000000e+00	-3.106940284058224908e-02	-4.168492924689345264e-03
2.049074689815846066e-10	1.818867208645605693e+00	1.213599579885663005e+01	2.213073363049661846e-01	-1.195435407365981750e-01	-7.135166560281966386e-02	9.422728479904189658e-02	0.000000000000000000e+00	-3.126374389351638250e-02	-4.133706519207733243e-03
2.146141197858401440e-10	1.834037871400751918e+00	1.209681386709251250e+01	2.238759986084256914e-01	-1.169204670883388086e-01	-6.929254123016378997e-02	9.607431800964560953e-02	0.000000000000000000e+00	-3.144726555461565404e-02	-4.097607462699311663e-03
2.247805833548729991e-10	1.848723991547113643e+00	1.205670173252652155e+01	2.264194833794276607e-01	-1.143581395156106767e-01	-6.729719189345279018e-02	9.791164651311110023e-02	0.000000000000000000e+00	-3.161993028500970776e-02	-4.060295346264199828e-03
2.354286414322420067e-10	1.862916590734883915e+00	1.201568019060937509e+01	2.289366295996705936e-01	-1.118564829650377651e-01	-6.536459515257854458e-02	9.973786664566081095e-02	0.000000000000000000e+00	-3.178171632211268527e-02	-4.021868790657393347e-03
2.465811075822603842e-10	1.876607431462348874e+00	1.197377099241372100e+01	2.314263038328674138e-01	-1.094153550750753684e-01	-6.349368752675894900e-02	1.015516006971345780e-01	0.000000000000000000e+00	-3.193261774827080984e-02	-3.982425155333605728e-03
2.582618760682674929e-10	1.889789038936762644e+00	1.193099681655864153e+01	2.338874025839125792e-01	-1.070345479250590648e-01	-6.168336819220083395e-02	1.033515004272727439e-01	0.000000000000000000e+00	-3.207264435371240396e-02	-3.942060252279193031e-03
2.704959730463131364e-10	1.902454724516526641e+00	1.188738122645069062e+01	2.363188553386329216e-01	-1.047137892479720611e-01	-5.993250214191129382e-02	1.051362509978783499e-01	0.000000000000000000e+00	-3.220182182931775189e-02	-3.900868136144043131e-03
2.833096101839318258e-10	1.914598593895274981e+00	1.184294862825754535e+01	2.387196259156469935e-01	-1.024527453667487403e-01	-5.823992450050208269e-02	1.069045735762929189e-01	0.000000000000000000e+00	-3.232019109125532780e-02	-3.858940774828754482e-03
2.967302408188872501e-10	1.926215601986022596e+00	1.179772411936416354e+01	2.410887220945201470e-01	-1.002510164897855438e-01	-5.660443903157862111e-02	1.086552339482415169e-01	0.000000000000000000e+00	-3.242780891676220328e-02	-3.816367811622211476e-03
3.107866187782014063e-10	1.937301552651311765e+00	1.175173329111931686e+01	2.434251997792400424e-01	-9.810813757456482431e-02	-5.502482079797635373e-02	1.103870470619325306e-01	0.000000000000000000e+00	-3.252474734982341992e-02	-3.773236265322712710e-03
3.255088599835056406e-10	1.947852995190514358e+00	1.170500245165498576e+01	2.457281457658940516e-01	-9.602359857980777291e-02	-5.349983285855693105e-02	1.120988655405873308e-01	0.000000000000000000e+00	-3.261109130227259761e-02	-3.729630467669864044e-03
3.409285069746807543e-10	1.957867233587237354e+00	1.165755856492889997e+01	2.479966802581992924e-01	-9.399684582048191406e-02	-5.202822852394823477e-02	1.137895825717321202e-01	0.000000000000000000e+00	-3.268693932074213937e-02	-3.685632132883556473e-03
3.570785964900469852e-10	1.967342320470242489e+00	1.160942919862294964e+01	2.502299574825708750e-01	-9.202728505054597052e-02	-5.060875476697549585e-02	1.154581332757604467e-01	0.000000000000000000e+00	-3.275240250711655005e-02	-3.641320096984404422e-03
3.739937302478801677e-10	1.976277066874264188e+00	1.156064249780883024e+01	2.524271679345608255e-01	-9.011428305534230354e-02	-4.924015440843670932e-02	1.171034971762368176e-01	0.000000000000000000e+00	-3.280760442051797177e-02	-3.596770245570662765e-03
3.917101490809260641e-10	1.984671036815168987e+00	1.151122710880097166e+01	2.545875399647541393e-01	-8.825716982960238322e-02	-4.792116859351262109e-02	1.187247000670599295e-01	0.000000000000000000e+00	-3.285268055215128519e-02	-3.552055393994441382e-03
4.102658105827190344e-10	1.992524556774242450e+00	1.146121216193849790e+01	2.567103421894429971e-01	-8.645524002680846087e-02	-4.665053864746274842e-02	1.203208163875267994e-01	0.000000000000000000e+00	-3.288777840466430152e-02	-3.507245277497449912e-03
4.297004704320835313e-10	1.999838702559901371e+00	1.141062716791890530e+01	2.587948851110771775e-01	-8.470775507491007383e-02	-4.542700828543425051e-02	1.218909708938196168e-01	0.000000000000000000e+00	-3.291305576080769124e-02	-3.462406256728035002e-03
4.500557675700488183e-10	2.006615342042291417e+00	1.135950161213180287e+01	2.608405371846810872e-01	-8.301393335096027282e-02	-4.424931742688283098e-02	1.234343511241972197e-01	0.000000000000000000e+00	-3.292868210353486202e-02	-3.417601287732966071e-03
4.713753134116729086e-10	2.012857006582960295e+00	1.130786526466022579e+01	2.628467028372973302e-01	-8.137297208624859335e-02	-4.311621807370351334e-02	1.249501910767069346e-01	0.000000000000000000e+00	-3.293483531160892874e-02	-3.372889965097273807e-03
4.937047852839003559e-10	2.018566866806861260e+00	1.125574823018128257e+01	2.648128194317354578e-01	-7.978405255795861795e-02	-4.202647807788612716e-02	1.264377689604807009e-01	0.000000000000000000e+00	-3.293170186040715597e-02	-3.328328761056829291e-03
5.170920242896755486e-10	2.023748723826083840e+00	1.120318090407388745e+01	2.667383584335953906e-01	-7.824634163429823597e-02	-4.097888225027059017e-02	1.278964080170381379e-01	0.000000000000000000e+00	-3.291947619395928226e-02	-3.283970988164849197e-03
5.415871378079465267e-10	2.028407008650401355e+00	1.115019386454766703e+01	2.686228293505573683e-01	-7.675899108309056085e-02	-3.997223189027432344e-02	1.293254793601264496e-01	0.000000000000000000e+00	-3.289836147296250346e-02	-3.239866982191619369e-03
5.672426068491988835e-10	2.032546731146216423e+00	1.109681789723539325e+01	2.704657740156602430e-01	-7.532114445261442470e-02	-3.900534937265889152e-02	1.307243974123172836e-01	0.000000000000000000e+00	-3.286856576896555332e-02	-3.196063651190301190e-03
5.941133984965039838e-10	2.036173505399862194e+00	1.104308394778063374e+01	2.722667727293562323e-01	-7.393193441519264886e-02	-3.807707617676148182e-02	1.320926242484759816e-01	0.000000000000000000e+00	-3.283030465800339248e-02	-3.152604994041578040e-03
6.222570836730231313e-10	2.039293534195048885e+00	1.098902297002982209e+01	2.740254477914423892e-01	-7.259048228185192853e-02	-3.718627239407140683e-02	1.334296719004755549e-01	0.000000000000000000e+00	-3.278380035121170738e-02	-3.109531977760909144e-03
6.517339604882420571e-10	2.041913584567121465e+00	1.093466561790980940e+01	2.757414700689096998e-01	-7.129589527171489860e-02	-3.633181474031946245e-02	1.347351069080318375e-01	0.000000000000000000e+00	-3.272927930543055586e-02	-3.066882216391541779e-03
6.826071834272379248e-10	2.044040919849162474e+00	1.088004230673625905e+01	2.774145507611812111e-01	-7.004727493149787154e-02	-3.551260189588446164e-02	1.360085435434180423e-01	0.000000000000000000e+00	-3.266697226496445561e-02	-3.024690321024473515e-03
7.149428986597561750e-10	2.045683249294580008e+00	1.082518352137581097e+01	2.790444289133085509e-01	-6.884372812111820561e-02	-3.472756128919604612e-02	1.372496337134337940e-01	0.000000000000000000e+00	-3.259711350378581562e-02	-2.982988225302502568e-03
7.488103857590030225e-10	2.046848717646005955e+00	1.077011976588543796e+01	2.806308731081766372e-01	-6.768436698486871017e-02	-3.397564850099919070e-02	1.384580675920179804e-01	0.000000000000000000e+00	-3.251994057530552956e-02	-2.941805257154607098e-03
7.842822061337681836e-10	2.047545876472617543e+00	1.071488150455786581e+01	2.821736809958286796e-01	-6.656831045719262263e-02	-3.325584764004048399e-02	1.396335725707971154e-01	0.000000000000000000e+00	-3.243569344303302154e-02	-2.901168174137921073e-03
8.214343584919422200e-10	2.047783677530361057e+00	1.065949911320854149e+01	2.836726816581658928e-01	-6.549468362765149820e-02	-3.256717032942515327e-02	1.407759143384738898e-01	0.000000000000000000e+00	-3.234461472026069206e-02	-2.861101316045720853e-03
8.603464416684491388e-10	2.047571437213816736e+00	1.060400282108582815e+01	2.851277343301063527e-01	-6.446261967791010183e-02	-3.190865632765166326e-02	1.418848951576917594e-01	0.000000000000000000e+00	-3.224694834147100175e-02	-2.821626578013444655e-03
9.011018251665036851e-10	2.046918843502707475e+00	1.054842275460333667e+01	2.865387303195148228e-01	-6.347125942844394908e-02	-3.127937260743875181e-02	1.429603545569062828e-01	0.000000000000000000e+00	-3.214294008844924277e-02	-2.782763623308300970e-03
9.437878277775391497e-10	2.045835902935133177e+00	1.049278841153039288e+01	2.879056021443987534e-01	-6.251974586128508649e-02	-3.067840927041395535e-02	1.440021755069754161e-01	0.000000000000000000e+00	-3.203283567354784506e-02	-2.744529611561863543e-03
9.884959046625586031e-10	2.044332894544850010e+00	1.043712873047791057e+01	2.892283178537176647e-01	-6.160722905412067962e-02	-3.010488209326490916e-02	1.450102792890161640e-01	0.000000000000000000e+00	-3.191688024763092435e-02	-2.706939414806579063e-03
1.035321843295661502e-09	2.042420345653352953e+00	1.038147254207392223e+01	2.905068675076415974e-01	-6.073287612307287642e-02	-2.955793810619177647e-02	1.459846143796834084e-01	0.000000000000000000e+00	-3.179531878394462746e-02	-2.670006075403082591e-03
1.084365968689608688e-09	2.040108996094957217e+00	1.032584845763147285e+01	2.917412631021596980e-01	-5.989587151910417961e-02	-2.903675500510349491e-02	1.469251555864896364e-01	0.000000000000000000e+00	-3.166839549734582621e-02	-2.633740866560838143e-03
1.135733358343102889e-09	2.037409785012874952e+00	1.027028487890546060e+01	2.929315383529746408e-01	-5.909541735657890260e-02	-2.854054060025167094e-02	1.478319030844045812e-01	0.000000000000000000e+00	-3.153635316020918233e-02	-2.598153316114791642e-03
1.189534067370320724e-09	2.034333844492849153e+00	1.021480995784587442e+01	2.940777508772458582e-01	-5.833073208338338672e-02	-2.806853124926458193e-02	1.487048832890699723e-01	0.000000000000000000e+00	-3.139943387179434248e-02	-2.563251442545151897e-03
1.245883364295008068e-09	2.030892477532531881e+00	1.015945158029429862e+01	2.951799814824103696e-01	-5.760105106935089342e-02	-2.761999150838049741e-02	1.495441475400847153e-01	0.000000000000000000e+00	-3.125787806244081229e-02	-2.529041728799939770e-03
1.304901978014401580e-09	2.027097127737023552e+00	1.010423732649811690e+01	2.962383328891249334e-01	-5.690562748333610754e-02	-2.719421395956549137e-02	1.503497703708667754e-01	0.000000000000000000e+00	-3.111192380008414790e-02	-2.495529185308125852e-03
1.366716356462010101e-09	2.022959366628054312e+00	1.004919413214186363e+01	2.972529398563411585e-01	-5.624372566567024251e-02	-2.679051447963944760e-02	1.511218564758576299e-01	0.000000000000000000e+00	-3.096180686551756531e-02	-2.462717334460514090e-03
1.431458937523481393e-09	2.018490806232078771e+00	9.994348095062829174e+00	2.982239644194048522e-01	-5.561462432825597935e-02	-2.640823357010537234e-02	1.518605363625293303e-01	0.000000000000000000e+00	-3.080775857662466227e-02	-2.430608154263641692e-03
1.499268432786047049e-09	2.013703131714773775e+00	9.939725033148626210e+00	2.991515862463597353e-01	-5.501762268502718989e-02	-2.604673942693136457e-02	1.525659583228854699e-01	0.000000000000000000e+00	-3.065000801912043382e-02	-2.399202628463854327e-03
1.570290124729377524e-09	2.008608078679208653e+00	9.885350519155705840e+00	3.000359999142326872e-01	-5.445204187584657546e-02	-2.570542811319879994e-02	1.532382857083482430e-01	0.000000000000000000e+00	-3.048878120238440390e-02	-2.368500761178351198e-03
1.644676177994662829e-09	2.003217388578891089e+00	9.831249799665449984e+00	3.008774123019257729e-01	-5.391722622112424257e-02	-2.538372363626936051e-02	1.538776943282172960e-01	0.000000000000000000e+00	-3.032429936182653996e-02	-2.338501474380345543e-03
1.722585965398783835e-09	1.997542862658408191e+00	9.777447770480399925e+00	3.016760530428756470e-01	-5.341253616650860209e-02	-2.508107305810238982e-02	1.544843798037845439e-01	0.000000000000000000e+00	-3.015678328454360346e-02	-2.309203158841422777e-03
1.804186409392068039e-09	1.991596286039868824e+00	9.723968981960409153e+00	3.024321646462104218e-01	-5.293735416687274375e-02	-2.479694942930107601e-02	1.550585495019548010e-01	0.000000000000000000e+00	-2.998644834524710409e-02	-2.280603181288215313e-03
1.889652339691211477e-09	1.985389450052969185e+00	9.670837629316228146e+00	3.031460077159719435e-01	-5.249108092063471676e-02	-2.453084893617038520e-02	1.556004259781658683e-01	0.000000000000000000e+00	-2.981350723307017725e-02	-2.252698301489852208e-03
1.979166867853557524e-09	1.978934082844904019e+00	9.618077228354323438e+00	3.038178621587753758e-01	-5.207313417111725240e-02	-2.428228963057517398e-02	1.561102474019107345e-01	0.000000000000000000e+00	-2.963816743428081962e-02	-2.225484400487645013e-03
2.072921779595369695e-09	1.972241835723778758e+00	9.565710468235701924e+00	3.044480314819292266e-01	-5.168294558858083088e-02	-2.405080904948024220e-02	1.565882703599297543e-01	0.000000000000000000e+00	-2.946063187184706431e-02	-2.198956614961438717e-03
2.171117945694509622e-09	1.965324275360081252e+00	9.513759623794646458e+00	3.050368301849233910e-01	-5.131996808683154943e-02	-2.383596804826331600e-02	1.570347598709642412e-01	0.000000000000000000e+00	-2.928109891396335485e-02	-2.173109559178947828e-03
2.273965752357932151e-09	1.958192898915060098e+00	9.462246635704982367e+00	3.055845848164332468e-01	-5.098367453861128024e-02	-2.363734951665939082e-02	1.574499898134036624e-01	0.000000000000000000e+00	-2.909976327033837393e-02	-2.147937472854952179e-03
2.381685551976160644e-09	1.950859127683471250e+00	9.411193139345330749e+00	3.060916332876168489e-01	-5.067355756148404083e-02	-2.345455775518621999e-02	1.578342420659555601e-01	0.000000000000000000e+00	-2.891681551274082052e-02	-2.123434197729261782e-03
2.494508135230316413e-09	1.943334291523264978e+00	9.360620383301929692e+00	3.065583262696172095e-01	-5.038912801633986527e-02	-2.328721712056966431e-02	1.581878072631449639e-01	0.000000000000000000e+00	-2.873244254132947470e-02	-2.099593309573153863e-03
2.612675225563326382e-09	1.935629629059893553e+00	9.310549271150915018e+00	3.069850270513536095e-01	-5.012991444677016017e-02	-2.313497125203476182e-02	1.585109844177101934e-01	0.000000000000000000e+00	-2.854682716778651763e-02	-2.076408074734221922e-03
2.736439997074666368e-09	1.927756269209242035e+00	9.261000261058587313e+00	3.073721130711764560e-01	-4.989546149220500798e-02	-2.299748171628332449e-02	1.588040818445375091e-01	0.000000000000000000e+00	-2.836014825069632650e-02	-2.053871500124242015e-03
2.866067616948244470e-09	1.919725204462855217e+00	9.211993272239585195e+00	3.077199759212212449e-01	-4.968532922498857668e-02	-2.287442722135205053e-02	1.590674169607058097e-01	0.000000000000000000e+00	-2.817257978282126235e-02	-2.031976276677587099e-03
3.001835813575592210e-09	1.911547236814376438e+00	9.163547334521204846e+00	3.080290255396382904e-01	-4.949908995109843224e-02	-2.276550136542060399e-02	1.593013192876363560e-01	0.000000000000000000e+00	-2.798429068954996768e-02	-2.010714776693302373e-03
3.144035471591500167e-09	1.903233017084296819e+00	9.115681115400283474e+00	3.082996799845876268e-01	-4.933633368757890658e-02	-2.267041547957695732e-02	1.595061225727563980e-01	0.000000000000000000e+00	-2.779544530939295072e-02	-1.990079255410816695e-03
3.292971255097148186e-09	1.894793058551621723e+00	9.068412893841383493e+00	3.085323693557253666e-01	-4.919666506718050475e-02	-2.258889646443428684e-02	1.596821676535567502e-01	0.000000000000000000e+00	-2.760620415741835490e-02	-1.970061869262387279e-03
3.448962260405766611e-09	1.886237736414128952e+00	9.021760629713014623e+00	3.087275342002595568e-01	-4.907970356695171010e-02	-2.252068658914293739e-02	1.598298011753268577e-01	0.000000000000000000e+00	-2.741672396719382204e-02	-1.950654736397003505e-03
3.612342699709437910e-09	1.877577280650381653e+00	8.975741917625155608e+00	3.088856267010293144e-01	-4.898508205700880663e-02	-2.246554232939456872e-02	1.599493764423439990e-01	0.000000000000000000e+00	-2.722715802164919763e-02	-1.931850015626529731e-03
3.783462617131932968e-09	1.868821756516815036e+00	8.930373903260203861e+00	3.090071111091508005e-01	-4.891244579942261028e-02	-2.242323348017183360e-02	1.600412537229334020e-01	0.000000000000000000e+00	-2.703765537759547297e-02	-1.913639791202810482e-03
3.962688638701478467e-09	1.859981103818854731e+00	8.885673469099359068e+00	3.090924645373431257e-01	-4.886145122487599302e-02	-2.239354215916085356e-02	1.601058008529808174e-01	0.000000000000000000e+00	-2.684836190022804256e-02	-1.896016202745153716e-03
4.150404757850472502e-09	1.851065064565763141e+00	8.841656864493135259e+00	3.091421784988163113e-01	-4.883176425630905010e-02	-2.237626155522700472e-02	1.601433944262162512e-01	0.000000000000000000e+00	-2.665941927101881520e-02	-1.878971358539804947e-03
4.347013158125017173e-09	1.842083146258255644e+00	8.798339575821023217e+00	3.091567579900144636e-01	-4.882306008890443388e-02	-2.237119553688644846e-02	1.601544191498359138e-01	0.000000000000000000e+00	-2.647096401839119095e-02	-1.862497265712909425e-03
4.552935074866938773e-09	1.833044681329077941e+00	8.755736710582530336e+00	3.091367185417495111e-01	-4.883502416982633820e-02	-2.237815896987859973e-02	1.601392656850372243e-01	0.000000000000000000e+00	-2.628312850951458265e-02	-1.846585938749821347e-03
4.768611697714474181e-09	1.823958846189887906e+00	8.713862999643620100e+00	3.090825898186427279e-01	-4.886734925931789097e-02	-2.239697576159324979e-02	1.600983334579538508e-01	0.000000000000000000e+00	-2.609604292850312493e-02	-1.831229634429866471e-03
4.994505115855140358e-09	1.814834641256050318e+00	8.672732841875044230e+00	3.089949111132335169e-01	-4.891973732336242497e-02	-2.242747972549603841e-02	1.600320273587440556e-01	0.000000000000000000e+00	-2.590983293254258552e-02	-1.816420578250373162e-03
5.231099308056257792e-09	1.805680905010854653e+00	8.632360212395841614e+00	3.088742373621179982e-01	-4.899189513378734290e-02	-2.246951179106632807e-02	1.599407624129045857e-01	0.000000000000000000e+00	-2.572462191474331542e-02	-1.802151208108130872e-03
5.478901179593956120e-09	1.796506303612998900e+00	8.592758695931662416e+00	3.087211365707693278e-01	-4.908353498699901535e-02	-2.252292019769865095e-02	1.598249619698496882e-01	0.000000000000000000e+00	-2.554052958503666773e-02	-1.788414008763891628e-03
5.738441648302404521e-09	1.787319337144742670e+00	8.553941465640011899e+00	3.085361919487493165e-01	-4.919437259537355611e-02	-2.258755904574654902e-02	1.596850594662652667e-01	0.000000000000000000e+00	-2.535767283097113689e-02	-1.775201608728081736e-03
6.010276782070388176e-09	1.778128316419678612e+00	8.515921166626400307e+00	3.083200023866239925e-01	-4.932412595347143713e-02	-2.266328741569006641e-02	1.595214989464995015e-01	0.000000000000000000e+00	-2.517616530108049075e-02	-1.762506740966397235e-03
6.294988990221888141e-09	1.768941319807670443e+00	8.478709833146966801e+00	3.080731781586075191e-01	-4.947251706080292577e-02	-2.274997015940800546e-02	1.593347319789544803e-01	0.000000000000000000e+00	-2.499611590909074296e-02	-1.750322129496809228e-03
6.593188271333541710e-09	1.759766246597458839e+00	8.442318984876157728e+00	3.077963467851505541e-01	-4.963926753657783159e-02	-2.284747512455092069e-02	1.591252222663842031e-01	0.000000000000000000e+00	-2.481763095636278782e-02	-1.738640642376598376e-03
6.905513520162316861e-09	1.750610833826594881e+00	8.406759824206144316e+00	3.074901488861010446e-01	-4.982410023138388738e-02	-2.295567388001062969e-02	1.588934426880856954e-01	0.000000000000000000e+00	-2.464081395968527322e-02	-1.727455314317691585e-03
7.232633896483518810e-09	1.741482644793793222e+00	8.372043084825467218e+00	3.071552417073322716e-01	-5.002673621174485302e-02	-2.307443973753585398e-02	1.586398781525253099e-01	0.000000000000000000e+00	-2.446576570631222788e-02	-1.716759304859494630e-03
7.575250258771920716e-09	1.732389066697799684e+00	8.338179047608514693e+00	3.067922981005152261e-01	-5.024689446596374010e-02	-2.320364735794663152e-02	1.583650250109588375e-01	0.000000000000000000e+00	-2.429258416626077846e-02	-1.706545901216382404e-03
7.934096665797492339e-09	1.723337338846623989e+00	8.305177601174204227e+00	3.064020092039383414e-01	-5.048428935360822073e-02	-2.334317102992625875e-02	1.580693932739920260e-01	0.000000000000000000e+00	-2.412136492911345909e-02	-1.696808506276587013e-03
8.309941949353386453e-09	1.714334519420691816e+00	8.273048142897769353e+00	3.059850820741162880e-01	-5.073863110043309171e-02	-2.349288473035466077e-02	1.577535050031886044e-01	0.000000000000000000e+00	-2.395220104032375064e-02	-1.687540694072035483e-03
8.703591361485183753e-09	1.705387465398401803e+00	8.241799471938557886e+00	3.055422398211204427e-01	-5.100962477321805549e-02	-2.365266128818755559e-02	1.574178945946421992e-01	0.000000000000000000e+00	-2.378518155675639692e-02	-1.678735995727255849e-03
9.115888299750837812e-09	1.696502859275211383e+00	8.211439858126428959e+00	3.050742235262501878e-01	-5.129696814853708375e-02	-2.382237089061398083e-02	1.570631104087560070e-01	0.000000000000000000e+00	-2.362039360198690818e-02	-1.670388139983061031e-03
9.547716114208065503e-09	1.687687207968906034e+00	8.181976992822047379e+00	3.045817935304879209e-01	-5.160034993749387788e-02	-2.400187978280452633e-02	1.566897159187085053e-01	0.000000000000000000e+00	-2.345792213099348253e-02	-1.662491015524430798e-03
1.000000000000000021e-08	1.678946839792637036e+00	8.153418122529606293e+00	3.040657234974204481e-01	-5.191945245962577282e-02	-2.419105159632034888e-02	1.562982853715631504e-01	0.000000000000000000e+00	-2.329784791055391005e-02	-1.655038403696161954e-03
