# Pressure Mass Radius Compactness k2 k3 h2 h3 j2 j3
9.999999999999999799e-13	8.757529830665254644e-02	2.650196607396202708e+01	4.879482521360675208e-03	9.701657221404264963e-04	6.512037152889639296e-05	9.874160232072085597e-01	3.269186865469023151e-01	-9.333393091660764369e-06	-4.544550818542038799e-07
1.047370897959448749e-12	9.105491581389138500e-02	2.480150466368986528e+01	5.421202160033746636e-03	1.362250655911494352e-03	8.679754628239779238e-05	9.866078397742777950e-01	3.262238192188617880e-01	-1.363501868677583318e-05	-6.900851477912362190e-07
1.096985797892381920e-12	9.466993086310453165e-02	2.338032690919229140e+01	5.979043535911576258e-03	1.861620194528748173e-03	1.229902477503203538e-04	9.859736763979154439e-01	3.255161014143030385e-01	-1.933090936059068005e-05	-1.036260553589867058e-06
1.148951000187311009e-12	9.842360966925185750e-02	2.217730368247908501e+01	6.553311022491263224e-03	2.481007690702757926e-03	1.715275293651457797e-04	9.855391049355577415e-01	3.247971875854777091e-01	-2.668726960704513143e-05	-1.530560296073924778e-06
1.203377840777590522e-12	1.023194956647815596e-01	2.114789864670523656e+01	7.144328336964093917e-03	3.232187206109356226e-03	2.355809502599416887e-04	9.853284580936717552e-01	3.240689920304850036e-01	-3.598566475624059515e-05	-2.217852584510787893e-06
1.260382929679727463e-12	1.063613470652446380e-01	2.025890674009887249e+01	7.752433665654536246e-03	4.125533552046529821e-03	3.184405148207833012e-04	9.853630126595452898e-01	3.233335841244830422e-01	-4.752028832410816537e-05	-3.150474175589495303e-06
1.320088400831416649e-12	1.105530978087741478e-01	1.948507117043445191e+01	8.377976832235277740e-03	5.169906589762340680e-03	4.246717857236691793e-04	9.856614236811834795e-01	3.225931703148648411e-01	-6.159530567825508322e-05	-4.388237807056771752e-06
1.382622173764653478e-12	1.148988352900898180e-01	1.880684161581831759e+01	9.021318049110889359e-03	6.372484976592335086e-03	5.597096477759122600e-04	9.862388759592033427e-01	3.218500247965062622e-01	-7.852230029614361501e-05	-5.998307952734673039e-06
1.448118227674535917e-12	1.194027841530029277e-01	1.820885002478258485e+01	9.682826935355532891e-03	7.738796725120716119e-03	7.244183870172871435e-04	9.871074243082722521e-01	3.211064841485554155e-01	-9.861785622880204691e-05	-8.054903110614348982e-06
1.516716888470924089e-12	1.240692939206329143e-01	1.767884976859038559e+01	1.036288170056630029e-02	9.272242784778672586e-03	9.234351209359969049e-04	9.882749079834813877e-01	3.203647129281597117e-01	-1.222013021440105805e-04	-1.063890285886767419e-05
1.588565129428052692e-12	1.289028294950716746e-01	1.720696177352738943e+01	1.106186850552721111e-02	1.097499984302792962e-02	1.160299246488839375e-03	9.897467499115432110e-01	3.196270081847074063e-01	-1.495926122364811713e-04	-1.383727391786170334e-05
1.663816886076127415e-12	1.339079634898696358e-01	1.678512885103533847e+01	1.178018093072927611e-02	1.284712057818054518e-02	1.438191983449172481e-03	9.915241723481111880e-01	3.188953843964515422e-01	-1.811105087370764514e-04	-1.774246993265405316e-05
1.742633386009647278e-12	1.390893688884334012e-01	1.640671428533511289e+01	1.251821932799763309e-02	1.488715649720267174e-02	1.759607759435761077e-03	9.936053906364544774e-01	3.181717250620162418e-01	-2.170707245856794414e-04	-2.245170082414248548e-05
1.825183494319046040e-12	1.444517978626584653e-01	1.606620264655108699e+01	1.327638830291669354e-02	1.709202197863458894e-02	2.127794703278741359e-03	9.959854223784219140e-01	3.174576979187849202e-01	-2.577843312788430591e-04	-2.806613101592249856e-05
1.911644075385703708e-12	1.500000402227975871e-01	1.575897371780622080e+01	1.405509156693499073e-02	1.945724878079333614e-02	2.544332400032724237e-03	9.986564775952989637e-01	3.167547245535864420e-01	-3.035560226714919272e-04	-3.469000820661618790e-05
2.002200371815584363e-12	1.557389027807043191e-01	1.548112751010974542e+01	1.485472984648390261e-02	2.197682413198121312e-02	3.011031273143030280e-03	1.001607693540104371e+00	3.160639571120396063e-01	-3.546825894069920615e-04	-4.242973404092839927e-05
2.097046401323230665e-12	1.616731964579712910e-01	1.522934820888016638e+01	1.567569999535731867e-02	2.464362810687553348e-02	3.529192181219215855e-03	1.004825996110282560e+00	3.153862541003190079e-01	-4.114516025947029926e-04	-5.139293332666716431e-05
2.196385372416542332e-12	1.678077226278332224e-01	1.500079785103116770e+01	1.651839396745589592e-02	2.744942263195012180e-02	4.099468193880158665e-03	1.008296010498559880e+00	3.147221741917730076e-01	-4.741401819525637579e-04	-6.168748185134917969e-05
2.300430119772921506e-12	1.741472587004340711e-01	1.479303239505669687e+01	1.738319769095552497e-02	3.038485188491448288e-02	4.721759750632381625e-03	1.012000108459544023e+00	3.140719428687622217e-01	-5.430138998381958855e-04	-7.342055829637545079e-05
2.409403560239526876e-12	1.806965427968577342e-01	1.460393478442214388e+01	1.827048994272646373e-02	3.343978201105076570e-02	5.396170849756382927e-03	1.015919084687391338e+00	3.134354757904240785e-01	-6.183257711473960205e-04	-8.669768290083806482e-05
2.523539170434765862e-12	1.874602567684049426e-01	1.443166119986462625e+01	1.918064104527161806e-02	3.660337669754935158e-02	6.121691409530922480e-03	1.020032239785764405e+00	3.128123712657873146e-01	-7.003153358241574018e-04	-1.016217836199373529e-04
2.643081486974102692e-12	1.944430356966990736e-01	1.427459701882161092e+01	2.011401506793968064e-02	3.986406616729837316e-02	6.896990785947452497e-03	1.024317342799117680e+00	3.122018972615721588e-01	-7.892081751554013693e-04	-1.182923499121955711e-04
2.768286630392061017e-12	2.016496420867357198e-01	1.413131865665976150e+01	2.107099290328605726e-02	4.321017601842272460e-02	7.720255690794883621e-03	1.028751832540165445e+00	3.116030364933990993e-01	-8.852178174658930374e-04	-1.368050849998784352e-04
2.899422853882880921e-12	2.090851489112615091e-01	1.400056450345436865e+01	2.205199445877457920e-02	4.662938782794476267e-02	8.589459874296549030e-03	1.033311643866562601e+00	3.110144083562919048e-01	-9.885484443150065626e-04	-1.572518152901903287e-04
3.036771118035460378e-12	2.167549827099238269e-01	1.388121384768713895e+01	2.305748208807644958e-02	5.010995069021661336e-02	9.501970954632926736e-03	1.037973689083144802e+00	3.104344094618891603e-01	-1.099396245436918282e-03	-1.797202442509137862e-04
3.180625692794118977e-12	2.246649524056146541e-01	1.377226920713250991e+01	2.408796213260235713e-02	5.363979442157584127e-02	1.045491493257699918e-02	1.042714021179076855e+00	3.098611304307603009e-01	-1.217950688671559428e-03	-2.042937528983984966e-04
3.331294787934670055e-12	2.328212785807589058e-01	1.367284113394316236e+01	2.514398663838459183e-02	5.720712991496951921e-02	1.144529406746788193e-02	1.047509076764188141e+00	3.092924401950316593e-01	-1.344395900091348642e-03	-2.310512852352556291e-04
3.489101213406766494e-12	2.412306207252929713e-01	1.358213525266075727e+01	2.622615468885027001e-02	6.080044526017396034e-02	1.246968703587022012e-02	1.052335658061699375e+00	3.087259992170343081e-01	-1.478912039365420624e-03	-2.600672875532785539e-04
3.654383070957261569e-12	2.499001050083469455e-01	1.349944108568780266e+01	2.733511376957703867e-02	6.440854920650311566e-02	1.352469313906408052e-02	1.057171028584375394e+00	3.081592854549072280e-01	-1.621676710658132448e-03	-2.914117053504317544e-04
3.827494478516314936e-12	2.588373160685877861e-01	1.342412261663126394e+01	2.847155666323213444e-02	6.802051109286585961e-02	1.460658079312612476e-02	1.061992795196024852e+00	3.075896044803312357e-01	-1.772865745480452964e-03	-3.251498735466166069e-04
4.008806328898464320e-12	2.680497249993447628e-01	1.335561287018506427e+01	2.963614964613542346e-02	7.162567296725554089e-02	1.571145969477286478e-02	1.066779110148700083e+00	3.070141776266739897e-01	-1.932644114206106449e-03	-3.613402105328622819e-04
4.198707084443905621e-12	2.775435426360550184e-01	1.329340754390588231e+01	3.082939790522759571e-02	7.521312160098367339e-02	1.683526742775736176e-02	1.071507862889591101e+00	3.064302048782996946e-01	-2.101145242759084545e-03	-4.000290689742902429e-04
4.397603609302712498e-12	2.873233213996918001e-01	1.323705204238335575e+01	3.205160905512443453e-02	7.877152724046801446e-02	1.797350565315852106e-02	1.076156381799625139e+00	3.058348732204445031e-01	-2.278461557505730671e-03	-4.412479398996282595e-04
4.605922041145112927e-12	2.973917451495560749e-01	1.318613012859599465e+01	3.330287959090970362e-02	8.228936642315222427e-02	1.912146231047308700e-02	1.080701889513024927e+00	3.052254063885862512e-01	-2.464637953449507705e-03	-4.850113093427127226e-04
4.824108704165373984e-12	3.077493547347117109e-01	1.314025486606863069e+01	3.458307426028973258e-02	8.575491874445696772e-02	2.027419947652928101e-02	1.085121494777463891e+00	3.045990877810356157e-01	-2.659664214713201164e-03	-5.313143241601893212e-04
5.052631065335679604e-12	3.183941775473211888e-01	1.309906149925865115e+01	3.589179438529274679e-02	8.915601238050345489e-02	2.142648052488419982e-02	1.089391661057631078e+00	3.039532555340597186e-01	-2.863465427604069274e-03	-5.801300502366047969e-04
5.291978735958436557e-12	3.293212592181848364e-01	1.306220112607917905e+01	3.722833693350688367e-02	9.248049922905694775e-02	2.257293628102186728e-02	1.093489256859868641e+00	3.032854165231365640e-01	-3.075890694352485626e-03	-6.314064081165165392e-04
5.542664520663095602e-12	3.405220618589766546e-01	1.302933527987605977e+01	3.859163953503944727e-02	9.571589454056711466e-02	2.370798779422959163e-02	1.097390838761581611e+00	3.025932485643856862e-01	-3.296698930463681614e-03	-6.850625061791500896e-04
5.805225516094907684e-12	3.519850911241619862e-01	1.300012918718353028e+01	3.998037244946335556e-02	9.885003505531654577e-02	2.482606417582212607e-02	1.101073796218201117e+00	3.018746329415953333e-01	-3.525569192069274646e-03	-7.409911025915847304e-04
6.080224261649427052e-12	3.636996196726143271e-01	1.297424876740316435e+01	4.139337720895370359e-02	1.018721176825926472e-01	2.592199679689282180e-02	1.104517601984921660e+00	3.011274514160545146e-01	-3.762175142188809752e-03	-7.990770999258648170e-04
6.368249944718585906e-12	3.756578896979236304e-01	1.295136911256281032e+01	4.282990080981272790e-02	1.047734199710285558e-01	2.699123782140828293e-02	1.107704928734808636e+00	3.003495266308460199e-01	-4.006233626003709476e-03	-8.592102013987673549e-04
6.669919663030115058e-12	3.878560394756148666e-01	1.293118396637836476e+01	4.428967599532535049e-02	1.075473271737500958e-01	2.802996259279505811e-02	1.110621647228406728e+00	2.995385906657183073e-01	-4.257529268665541551e-03	-9.212917936951034274e-04
6.985879746785234820e-12	4.002948326502861476e-01	1.291341323749504966e+01	4.577297814073916227e-02	1.101895618161300161e-01	2.903510234112385152e-02	1.113257336424324784e+00	2.986923087679406175e-01	-4.515935180026102100e-03	-9.852407503492294390e-04
7.316807143427207274e-12	4.129801182991771902e-01	1.289780868047473561e+01	4.728065112840363488e-02	1.126976335650894806e-01	3.000423846573940095e-02	1.115604159366567094e+00	2.978081851132871050e-01	-4.781427740708176638e-03	-1.050997563497982779e-03
7.663410868007462274e-12	4.259229895959620871e-01	1.288415757960423491e+01	4.881410032281741085e-02	1.150708782779196609e-01	3.093558251897818648e-02	1.117657094612884761e+00	2.968836058305152070e-01	-5.054094418635064409e-03	-1.118526484072755300e-03
8.026433522257174683e-12	4.391390257822411769e-01	1.287228448867981179e+01	5.037518332360789441e-02	1.173097742936769217e-01	3.182777021584256433e-02	1.119412773114684123e+00	2.959158229809532581e-01	-5.334121175843586048e-03	-1.187812328726365252e-03
8.406652885618316356e-12	4.526441552033619309e-01	1.286204791773703704e+01	5.196572954373011866e-02	1.194156923466466735e-01	3.267970344445169512e-02	1.120869985453943452e+00	2.949023560290934265e-01	-5.621706322766163375e-03	-1.258838932043576837e-03
8.804883581643446547e-12	4.664515673835354925e-01	1.285332960266320335e+01	5.358721013326339655e-02	1.213885569386553565e-01	3.348993418699696550e-02	1.122025131842857348e+00	2.938408601280131371e-01	-5.916993535995907112e-03	-1.331572441359361002e-03
9.221978823334340144e-12	4.805716308210246090e-01	1.284602540581075480e+01	5.524075279731562038e-02	1.232286494430569063e-01	3.425712065612435825e-02	1.122876134381906255e+00	2.927294420711981093e-01	-6.220067827124784593e-03	-1.405960343533352308e-03
9.658832241158709141e-12	4.950119377847729263e-01	1.284003932456186270e+01	5.692716467224813448e-02	1.249357360600157341e-01	3.497983997660015359e-02	1.123420391937766993e+00	2.915664771420956591e-01	-6.530954610105429992e-03	-1.481931416397894163e-03
1.011637979766206976e-11	5.097772701379914562e-01	1.283527922378680586e+01	5.864694329556794511e-02	1.265094743356201534e-01	3.565671171165005898e-02	1.123655611851329228e+00	2.903506820948671407e-01	-6.849617468356447927e-03	-1.559395522664712170e-03
1.059560179277614774e-11	5.248694872213928164e-01	1.283165360982188297e+01	6.040027749848792676e-02	1.279490472353643216e-01	3.628632039999431930e-02	1.123578928412794831e+00	2.890810310626624746e-01	-7.175954648395693053e-03	-1.638243262968330435e-03
1.109752496412069864e-11	5.402873454066111636e-01	1.282906910556384261e+01	6.218704007457512284e-02	1.292537553576301734e-01	3.686738105799861054e-02	1.123188202103233557e+00	2.877568811023974438e-01	-7.509794357828037357e-03	-1.718345516034782859e-03
1.162322468679854125e-11	5.560269196270839487e-01	1.282742888579768525e+01	6.400684748648470535e-02	1.304229948687028184e-01	3.739875273534944145e-02	1.122481819676343529e+00	2.863779121742942579e-01	-7.850903452181727180e-03	-1.799556342518153712e-03
1.217382727739662020e-11	5.720835634721812557e-01	1.282663425471716678e+01	6.585928235460764002e-02	1.314563688815658105e-01	3.787949305950227136e-02	1.121458513110687338e+00	2.849439464339325045e-01	-8.199030179927062345e-03	-1.881723954519712262e-03
1.275051240713012859e-11	5.884528230112658909e-01	1.282658744289421016e+01	6.774398800782545360e-02	1.323539974651437579e-01	3.830894966741763691e-02	1.120117906983507439e+00	2.834549234010682039e-01	-8.553924732884115451e-03	-1.964696090713030988e-03
1.335451562929897339e-11	6.051305341567654317e-01	1.282719326389221415e+01	6.966067274220891226e-02	1.331164084930346048e-01	3.868671150379587864e-02	1.118460285420585176e+00	2.819108721359232517e-01	-8.915342110223599056e-03	-2.048321055674773902e-03
1.398713102647241439e-11	6.221128919196403650e-01	1.282836017347310786e+01	7.160911252952113781e-02	1.337446313692547406e-01	3.901262946731415271e-02	1.116486830565811994e+00	2.803119274802448047e-01	-9.283044306760046896e-03	-2.132448540363955734e-03
1.464971398307287854e-11	6.393965117300006717e-01	1.283000101361538903e+01	7.358915345316698053e-02	1.342399883411058981e-01	3.928675270418596766e-02	1.114199160568908997e+00	2.786582849156010178e-01	-9.656802265142351571e-03	-2.216930334758137645e-03
1.534368408930013065e-11	6.569784829894771416e-01	1.283203353106591571e+01	7.560071366999350506e-02	1.346043270334144060e-01	3.950937603959948224e-02	1.111599894157233148e+00	2.769502456395210310e-01	-1.003639754250697409e-02	-2.301620916235012221e-03
1.607052818261638620e-11	6.748563770986508725e-01	1.283438069859553465e+01	7.764378061355640959e-02	1.348397343674810622e-01	3.968096272175999223e-02	1.108692014749536492e+00	2.751881611132279137e-01	-1.042162295378559235e-02	-2.386377762029806299e-03
1.683180353330955093e-11	6.930277944597784678e-01	1.283697040584651106e+01	7.971835855313844088e-02	1.349485729546244794e-01	3.980213923599278114e-02	1.105479063871379175e+00	2.733724846149185317e-01	-1.081227309043541508e-02	-2.471059423916424809e-03
1.762914118095944293e-11	7.114897041998510252e-01	1.283973429250359821e+01	8.182439793682254325e-02	1.349335135844866862e-01	3.987369862662528547e-02	1.101965351716880814e+00	2.715038433041731536e-01	-1.120813025993925259e-02	-2.555522755349590776e-03
1.846424942895546448e-11	7.302383125841551692e-01	1.284260692716589602e+01	8.396178433824900977e-02	1.347973756342918661e-01	3.989655536911670963e-02	1.098155605197774554e+00	2.695830105037944069e-01	-1.160896188203460778e-02	-2.639622796661514424e-03
1.933891750455232057e-11	7.492690333727715091e-01	1.284552531819198506e+01	8.613033760836462382e-02	1.345431073574893388e-01	3.987173948662768586e-02	1.094054925067190487e+00	2.676109020511696079e-01	-1.201452014022851185e-02	-2.723213189164444461e-03
2.025501939230666486e-11	7.685764624036385273e-01	1.284842854840013615e+01	8.832981105166021196e-02	1.341738672961762247e-01	3.980041380271320817e-02	1.089668987194976291e+00	2.655885933060031512e-01	-1.242454177312576555e-02	-2.806146634303040028e-03
2.121451784910627571e-11	7.881543541661271135e-01	1.285125750879768702e+01	9.055989040918226152e-02	1.336930852713776874e-01	3.968387748862738096e-02	1.085004201431914339e+00	2.635173244318792518e-01	-1.283874791676121313e-02	-2.888275375797956599e-03
2.221946860939528424e-11	8.079955997408595492e-01	1.285395468284959364e+01	9.282019281380672615e-02	1.331040219849437822e-01	3.952346281427977781e-02	1.080066649762222664e+00	2.613984102104019991e-01	-1.325684398894202282e-02	-2.969451695332705598e-03
2.327202478960412005e-11	8.280922661265842644e-01	1.285646402157175139e+01	9.511027225418960951e-02	1.324102560098746884e-01	3.932063848064693001e-02	1.074863262169971412e+00	2.592333282358253443e-01	-1.367852091981324424e-02	-3.049528676394186021e-03
2.437444150122221807e-11	8.484358036225507771e-01	1.285873108106292229e+01	9.742964237482848455e-02	1.316155881403809347e-01	3.907699127461251171e-02	1.069401565415429856e+00	2.570236852114735626e-01	-1.410345996272390282e-02	-3.128361617079678230e-03
2.552908068239516723e-11	8.690171537613413655e-01	1.286070321537145134e+01	9.977778715092382178e-02	1.307237132234011501e-01	3.879412742664641034e-02	1.063688867780395064e+00	2.547711206848809473e-01	-1.453133536926560186e-02	-3.205808949342739498e-03
2.673841615839943880e-11	8.898267596002443769e-01	1.286232964291219538e+01	1.021541610277621748e-01	1.297385835300499113e-01	3.847376408318785995e-02	1.057733163855081537e+00	2.524773925449717571e-01	-1.496181497802135350e-02	-3.281732714146317915e-03
2.800503894183625342e-11	9.108545718301241934e-01	1.286356147379659376e+01	1.045581887099574642e-01	1.286640692713250933e-01	3.811763326152729781e-02	1.051542302730759992e+00	2.501442915937786005e-01	-1.539456068274837504e-02	-3.355998991706775087e-03
2.933166278390048099e-11	9.320900566505901930e-01	1.286435172070427591e+01	1.069892651427747921e-01	1.275044276735418647e-01	3.772759259651781855e-02	1.045125173858335366e+00	2.477737473029475168e-01	-1.582922895336626862e-02	-3.428478324229987904e-03
3.072112998861759207e-11	9.535222028398749883e-01	1.286465529603176172e+01	1.094467553867096432e-01	1.262635817063579302e-01	3.730544367498262598e-02	1.038489904547773124e+00	2.453676599062243058e-01	-1.626547125921381023e-02	-3.499046086432616720e-03
3.217641750250735458e-11	9.751395269719134173e-01	1.286442900771831255e+01	1.119299941745639654e-01	1.249457573905170676e-01	3.685308040306655569e-02	1.031645473686615855e+00	2.429280424107356506e-01	-1.670293451425479414e-02	-3.567582854485089588e-03
3.370064329271925032e-11	9.969300324546049863e-01	1.286363150699461855e+01	1.144382804800470332e-01	1.235551433303413854e-01	3.637240199531945745e-02	1.024600871057534723e+00	2.404569449433789086e-01	-1.714126053819069184e-02	-3.633974590356066434e-03
3.529707302730657668e-11	1.018881158047952651e+00	1.286222318528510478e+01	1.169708712789102184e-01	1.220959465705957758e-01	3.586532080225685037e-02	1.017365254152115650e+00	2.379564685775966137e-01	-1.758008526777467620e-02	-3.698112781768988881e-03
3.696912707195032437e-11	1.040979780806984945e+00	1.286016611800205922e+01	1.195269811175596747e-01	1.205724440504244710e-01	3.533377109959723317e-02	1.009948090872530679e+00	2.354287758604596825e-01	-1.801903911951573470e-02	-3.759894765878573838e-03
3.872038781812557004e-11	1.063212226914528324e+00	1.285742401561858728e+01	1.221057824605239484e-01	1.189888008916224760e-01	3.477965790784359051e-02	1.002358694309563925e+00	2.328760412291649429e-01	-1.845774749385723640e-02	-3.819224045920302686e-03
4.055460735840827506e-11	1.085564288160982160e+00	1.285396220530367728e+01	1.247064063252809468e-01	1.173492841902358669e-01	3.420490707170395495e-02	9.946067852874567183e-01	2.303005011271931357e-01	-1.889583141157641713e-02	-3.876010607520226879e-03
4.247571552536894126e-11	1.108021237465447006e+00	1.284974760552192130e+01	1.273279427766329241e-01	1.156581408329723087e-01	3.361143129458291079e-02	9.867021831331866943e-01	2.277044213565809772e-01	-1.933290806593057631e-02	-3.930171182330343196e-03
4.448782831127576069e-11	1.130567850132956353e+00	1.284474871308167820e+01	1.299694418641667015e-01	1.139193820393261530e-01	3.300106818253697311e-02	9.786542337255890178e-01	2.250900332769537049e-01	-1.976859155834076801e-02	-3.981629521050970150e-03
4.659525668664686662e-11	1.153188431393582736e+00	1.283893559852131538e+01	1.326299150931015136e-01	1.121373064653037044e-01	3.237571386239443405e-02	9.704732070819884759e-01	2.224596702260375480e-01	-2.020249367605763888e-02	-4.030316625468920513e-03
4.880251583654433574e-11	1.175866854484221236e+00	1.283227990729757373e+01	1.353083379375969175e-01	1.103159161941896227e-01	3.173716853349693029e-02	9.621687428569231093e-01	2.198156078313174278e-01	-2.063422488646766972e-02	-4.076170974423130346e-03
5.111433483440165318e-11	1.198586592879334223e+00	1.282475487200199460e+01	1.380036514516985724e-01	1.084591912033756600e-01	3.108720182021009609e-02	9.537505819335192481e-01	2.171601296144051452e-01	-2.106339521768078871e-02	-4.119138701711043057e-03
5.353566677410718816e-11	1.221330748051590254e+00	1.281633531379693025e+01	1.407147633610704718e-01	1.065712638082930847e-01	3.042759511148553780e-02	9.452290539955202631e-01	2.144955725532337321e-01	-2.148961498182525368e-02	-4.159173708479987734e-03
5.607169938205469661e-11	1.244082081022909403e+00	1.280699764269440522e+01	1.434405494976253026e-01	1.046558013829158029e-01	2.975998759964728832e-02	9.366133879615795577e-01	2.118241616738651689e-01	-2.191249561014136163e-02	-4.196237761030605085e-03
5.872786613189488850e-11	1.266823044073450699e+00	1.279671986266492922e+01	1.461798550971971367e-01	1.027167360637475657e-01	2.908605176649084814e-02	9.279137158661676654e-01	2.091481968241132861e-01	-2.233165042235372988e-02	-4.230300540906314737e-03
6.150985788580503926e-11	1.289535814922710077e+00	1.278548157076300029e+01	1.489314963503644285e-01	1.007576876292760326e-01	2.840734733583423141e-02	9.191394832749880672e-01	2.064698938597608613e-01	-2.274669544581282496e-02	-4.261339664806637097e-03
6.442363508721370414e-11	1.312202331641359354e+00	1.277326395829169137e+01	1.516942619257033720e-01	9.878231547631487197e-02	2.772541131041143803e-02	9.103004259059224168e-01	2.037914810740666105e-01	-2.315725022598286859e-02	-4.289340669402891618e-03
6.747544053110686101e-11	1.334804323539739990e+00	1.276004981051288745e+01	1.544669139603332131e-01	9.679412326005744360e-02	2.704170459757313308e-02	9.014060257911411522e-01	2.011151394322863162e-01	-2.356293851267947034e-02	-4.314296947779265243e-03
7.067181273927477085e-11	1.357323347152899151e+00	1.274582349646975210e+01	1.572481896827410963e-01	9.479649346305664415e-02	2.635762112079765435e-02	8.924656043820339280e-01	1.984430103346435104e-01	-2.396338907492449183e-02	-4.336209669571976580e-03
7.401959996915652408e-11	1.379740824955848266e+00	1.273057097017380279e+01	1.600368031525231938e-01	9.279274126507419673e-02	2.567450115434382826e-02	8.834884757822101253e-01	1.957772088514683484e-01	-2.435823648058760282e-02	-4.355087659975659733e-03
7.752597488629464062e-11	1.402038086187014532e+00	1.271427976458485531e+01	1.628314472735024054e-01	9.078605106018002024e-02	2.499361237904654254e-02	8.744837634572891760e-01	1.931197998344538203e-01	-2.474712191977063505e-02	-4.370947250816751076e-03
8.119844993184008328e-11	1.424196408475468578e+00	1.269693898806030319e+01	1.656307958236982458e-01	8.877938548892676252e-02	2.431612968656652121e-02	8.654601273567363862e-01	1.904727710006773322e-01	-2.512969401733249064e-02	-4.383812102448572147e-03
8.504489341802668113e-11	1.446197060967040704e+00	1.267853931568576797e+01	1.684335056887563409e-01	8.677577228749451532e-02	2.364320510525402472e-02	8.564266003977734076e-01	1.878381127552109231e-01	-2.550560965861544543e-02	-4.393712994449450876e-03
8.907354638610458163e-11	1.468021346680576489e+00	1.265907298686964388e+01	1.712382188991216914e-01	8.477797368376355225e-02	2.297588614247220162e-02	8.473916158783890706e-01	1.852177191091131658e-01	-2.587453475713573370e-02	-4.400687587775041661e-03
9.329304026284695888e-11	1.489650638656529358e+00	1.263853379537501276e+01	1.740435640234330172e-01	8.278866573528863293e-02	2.231516121203425129e-02	8.383635281690272611e-01	1.826134388449049128e-01	-2.623614487839120296e-02	-4.404780148226139329e-03
9.771241535346501225e-11	1.511066416756520203e+00	1.261691707564013321e+01	1.768481576801037847e-01	8.081038795608246061e-02	2.166194687660365215e-02	8.293504593016366444e-01	1.800270577237614023e-01	-2.659012585847790253e-02	-4.406041250879511907e-03
1.023411402105452712e-10	1.532250310934391235e+00	1.259421968624682187e+01	1.796506068527259081e-01	7.884557152361991450e-02	2.101709673844373572e-02	8.203603781019409569e-01	1.774603063242668755e-01	-2.693617452658105330e-02	-4.404527471122925489e-03
1.071891319205126445e-10	1.553184145295847252e+00	1.257043999511056676e+01	1.824495112989110435e-01	7.689641472324063032e-02	2.038136992737496489e-02	8.114007106989429285e-01	1.749148168456750030e-01	-2.727399939426906200e-02	-4.400301049102109223e-03
1.122667773510811312e-10	1.573849981701237022e+00	1.254557786126482455e+01	1.852434659902540970e-01	7.496514325320821626e-02	1.975549967754325689e-02	8.024791314388914909e-01	1.723922064626063066e-01	-2.760332131666529826e-02	-4.393429536901106817e-03
1.175849554052158201e-10	1.594230164205633349e+00	1.251963462275588768e+01	1.880310636090348764e-01	7.305372886235463048e-02	1.914012077880026391e-02	7.936026904651513059e-01	1.698939819631942738e-01	-2.792387414907872636e-02	-4.383985433790622312e-03
1.231550603292826197e-10	1.614307361080730141e+00	1.249261307259318876e+01	1.908108969941067767e-01	7.116404797569249319e-02	1.853581468506890553e-02	7.847782920211106017e-01	1.674215935562061441e-01	-2.823540531856499197e-02	-4.372045798443944392e-03
1.289890261253308184e-10	1.634064605225733935e+00	1.246451744247963589e+01	1.935815613532971269e-01	6.929785173957593580e-02	1.794309892089815395e-02	7.760125943589487596e-01	1.649764181600120727e-01	-2.853767636067441535e-02	-4.357691858063679480e-03
1.350993521198024986e-10	1.653485332296781296e+00	1.243535337832757115e+01	1.963416564091875760e-01	6.745673383372996490e-02	1.736242469704206426e-02	7.673118973716811508e-01	1.625597527283983434e-01	-2.883046340299530094e-02	-4.341008608658649889e-03
1.414991297434578731e-10	1.672553416875582455e+00	1.240512792101679196e+01	1.990897883215081154e-01	6.564220321237869415e-02	1.679419430322343088e-02	7.586823654951856399e-01	1.601728345282812660e-01	-2.911355746712419520e-02	-4.322084388350505742e-03
1.482020705798860072e-10	1.691253216339710486e+00	1.237384946522177565e+01	2.018245729792928211e-01	6.385546823359283808e-02	1.623870944981914075e-02	7.501293151829003802e-01	1.578167659705155823e-01	-2.938676516138024122e-02	-4.301010493214107652e-03
1.552225357427047968e-10	1.709569603018144868e+00	1.234152774456106627e+01	2.045446376073412065e-01	6.209813015275417875e-02	1.569634813725157702e-02	7.416594710773128929e-01	1.554927574449493366e-01	-2.964990880223953781e-02	-4.277880738869740962e-03
1.625755666443793407e-10	1.727488002552789226e+00	1.230817379663559485e+01	2.072486235563699986e-01	6.037092132478463768e-02	1.516724599262575003e-02	7.332768239606706207e-01	1.532016797659501994e-01	-2.990282687046226170e-02	-4.252791061424452887e-03
1.702769172225897821e-10	1.744994425768588098e+00	1.227379993023577143e+01	2.099351884296044302e-01	5.867495415092464223e-02	1.465161636400452196e-02	7.249867098576980862e-01	1.509445072996346282e-01	-3.014537419992329922e-02	-4.225839097314972384e-03
1.783430876931905687e-10	1.762075500971066688e+00	1.223841968731402652e+01	2.126030085010163495e-01	5.701115785077799647e-02	1.414960704799206846e-02	7.167939605584394691e-01	1.487221160638632633e-01	-3.037742229158795632e-02	-4.197123796496115243e-03
1.867913599020784805e-10	1.778718497359230488e+00	1.220204783153038264e+01	2.152507797582730309e-01	5.538023087523534504e-02	1.366129070817487766e-02	7.087027213128813674e-01	1.465352654118395603e-01	-3.059885923299415084e-02	-4.166745015106196152e-03
1.956398343517064725e-10	1.794911353591326364e+00	1.216470027960110478e+01	2.178772207118944981e-01	5.378285740421853006e-02	1.318672382129348723e-02	7.007171669049463425e-01	1.443846803328268091e-01	-3.080958996192637370e-02	-4.134803140841000584e-03
2.049074689815846066e-10	1.810642701879955352e+00	1.212639408443276956e+01	2.204810739474192816e-01	5.221956267121763418e-02	1.272590772290758260e-02	6.928410015555015455e-01	1.422709919713722182e-01	-3.100953624319040952e-02	-4.101398724767759719e-03
2.146141197858401440e-10	1.825901888983094912e+00	1.208714738481820206e+01	2.230611080597061924e-01	5.069081332936309359e-02	1.227881892807774697e-02	6.850777907209070205e-01	1.401947800637013963e-01	-3.119863660366158087e-02	-4.066632111289317751e-03
2.247805833548729991e-10	1.840678998312523795e+00	1.204697936223546506e+01	2.256161197909715976e-01	4.919695294496125720e-02	1.184539157253748469e-02	6.774307275980440135e-01	1.381565439242484483e-01	-3.137684638297776746e-02	-4.030603110422296964e-03
2.354286414322420067e-10	1.854964866861838590e+00	1.200591020110831586e+01	2.281449356651420735e-01	4.773822627939707658e-02	1.142552714862032741e-02	6.699027042827060408e-01	1.361567146212604440e-01	-3.154413758262831352e-02	-3.993410670389786407e-03
2.465811075822603842e-10	1.868751098423036217e+00	1.196396104864072463e+01	2.306464133609356648e-01	4.631489606296290695e-02	1.101912415241615949e-02	6.624967187175812011e-01	1.341957000600181305e-01	-3.170049861396743301e-02	-3.955152560528065776e-03
2.582618760682674929e-10	1.882030076270641450e+00	1.192115396488104473e+01	2.331194433966245483e-01	4.492704041645434465e-02	1.062603071380505658e-02	6.552151461936168708e-01	1.322738087170393095e-01	-3.184593419595400932e-02	-3.915925107807216067e-03
2.704959730463131364e-10	1.894794970894258856e+00	1.187751188314159023e+01	2.355629502014788823e-01	4.357457125118879837e-02	1.024604673325205106e-02	6.480597810309952633e-01	1.303912490249853340e-01	-3.198046497415717865e-02	-3.875822914928493765e-03
2.833096101839318258e-10	1.907039748024979664e+00	1.183305855288818620e+01	2.379758937591983925e-01	4.225753317063486031e-02	9.879002686521696705e-03	6.410329118041273588e-01	1.285482555363519630e-01	-3.210412730685116567e-02	-3.834938624248693945e-03
2.967302408188872501e-10	1.918759170840631745e+00	1.178781850581947310e+01	2.403572702671431249e-01	4.097575732171211682e-02	9.524674189180416459e-03	6.341360592607200308e-01	1.267449495334275200e-01	-3.221697277398227061e-02	-3.793362685808919846e-03
3.107866187782014063e-10	1.929948803070392183e+00	1.174181699406307722e+01	2.427061136519650109e-01	3.972906618577443094e-02	9.182833378045294342e-03	6.273707099451928393e-01	1.249814209925894370e-01	-3.231906789833473986e-02	-3.751183164081803214e-03
3.255088599835056406e-10	1.940605007647933311e+00	1.169507995711682469e+01	2.450214961409070691e-01	3.851721003656714132e-02	8.853233900555456878e-03	6.207380762010883402e-01	1.232577031085601710e-01	-3.241049362765128367e-02	-3.708485554790566865e-03
3.409285069746807543e-10	1.950724940404956698e+00	1.164763396277650109e+01	2.473025289182778086e-01	3.733989773489390651e-02	8.535619987831205221e-03	6.142392025128987632e-01	1.215737866967207537e-01	-3.249134489791442176e-02	-3.665352633881238491e-03
3.570785964900469852e-10	1.960306532251065992e+00	1.159950619094401247e+01	2.495483605859939447e-01	3.619677528014679513e-02	8.229721934526744789e-03	6.078748790940077251e-01	1.199296127912087978e-01	-3.256172988043667255e-02	-3.621864340256914904e-03
3.739937302478801677e-10	1.969348476503808065e+00	1.155072436951266823e+01	2.517581774109357018e-01	3.508744185459943682e-02	7.935260775944114053e-03	6.016456942849478517e-01	1.183250800363830901e-01	-3.262176946235371272e-02	-3.578097670983491126e-03
3.917101490809260641e-10	1.977850218204493249e+00	1.150131672585390419e+01	2.539312036629942093e-01	3.401143278506994078e-02	7.651944581861873720e-03	5.955519609220668587e-01	1.167600374437919170e-01	-3.267159662892846206e-02	-3.534126578255239112e-03
4.102658105827190344e-10	1.985811941396131264e+00	1.145131193407158143e+01	2.560667019450890147e-01	3.296835664014727274e-02	7.379503127945840485e-03	5.895942430008308532e-01	1.152343464332863665e-01	-3.271135585702358156e-02	-3.490021890286043940e-03
4.297004704320835313e-10	1.993234556527181622e+00	1.140073905711928859e+01	2.581639738160549369e-01	3.195762232155346938e-02	7.117620575162871173e-03	5.837722886658773813e-01	1.137477593129150033e-01	-3.274120258869761546e-02	-3.445851256432432789e-03
4.500557675700488183e-10	2.000119685048915130e+00	1.134962750753315142e+01	2.602223597903727259e-01	3.097871778708331109e-02	6.866005746351776934e-03	5.780861077432678519e-01	1.123000456600577457e-01	-3.276130257181503191e-02	-3.401679103669656094e-03
4.713753134116729086e-10	2.006469643876367392e+00	1.129800699163913968e+01	2.622412398300043579e-01	3.003107535923706800e-02	6.624357437759612402e-03	5.725354427114383027e-01	1.108909296633734110e-01	-3.277183127337318647e-02	-3.357566609088224064e-03
4.937047852839003559e-10	2.012287430452078585e+00	1.124590745539577696e+01	2.642200340293065497e-01	2.911410212850891813e-02	6.392374912688314828e-03	5.671198814585518555e-01	1.095201089583879711e-01	-3.277297331384276813e-02	-3.313571687201478412e-03
5.170920242896755486e-10	2.017576704659867826e+00	1.119335904309902219e+01	2.661582027285830376e-01	2.822716588468980603e-02	6.169752149890868516e-03	5.618387951535744884e-01	1.081872437734606035e-01	-3.276492181633493955e-02	-3.269748991068559089e-03
5.415871378079465267e-10	2.022341767870619034e+00	1.114039206154429884e+01	2.680552462306414196e-01	2.736971977493808314e-02	5.956209041070640448e-03	5.566918414841048879e-01	1.068920172519531031e-01	-3.274787776795667904e-02	-3.226149937514535826e-03
5.672426068491988835e-10	2.026587540430773160e+00	1.108703692053779477e+01	2.699107049771898859e-01	2.654103726931361998e-02	5.751428768615106726e-03	5.516778835489155597e-01	1.056340152797283910e-01	-3.272204945616032784e-02	-3.182822743832644432e-03
5.941133984965039838e-10	2.030319538797205947e+00	1.103332412122355777e+01	2.717241586223801963e-01	2.574045791299670038e-02	5.555115608928141643e-03	5.467959829223378865e-01	1.044128378474067087e-01	-3.268765177386237508e-02	-3.139812480985218739e-03
6.222570836730231313e-10	2.033543848260802367e+00	1.097928419706404313e+01	2.734952257279326671e-01	2.496741903795531362e-02	5.367003675048173141e-03	5.420455402860540062e-01	1.032281188656567622e-01	-3.264490552762143449e-02	-3.097161119250439135e-03
6.517339604882420571e-10	2.036267098153735411e+00	1.092494768818690609e+01	2.752235630472417149e-01	2.422114876702025424e-02	5.186782073456138765e-03	5.374250177797366135e-01	1.020793782221940255e-01	-3.259403689043606500e-02	-3.054907615089220811e-03
6.826071834272379248e-10	2.038496430471564924e+00	1.087034512522645713e+01	2.769088637151734811e-01	2.350102323197840806e-02	5.014182100315824064e-03	5.329334213356140548e-01	1.009661960986270451e-01	-3.253527667040038290e-02	-3.013087996095550891e-03
7.149428986597561750e-10	2.040239469600883648e+00	1.081550698589824400e+01	2.785508562851145564e-01	2.280635089625519460e-02	4.848924294895052937e-03	5.285694021325179071e-01	9.988810845677359440e-02	-3.246885969770280100e-02	-2.971735451082153489e-03
7.488103857590030225e-10	2.041504294380750650e+00	1.076046366792926356e+01	2.801493036989126661e-01	2.213645594800803251e-02	4.690739079992130300e-03	5.243316041153310847e-01	9.884464932521375147e-02	-3.239502419476604500e-02	-2.930880423123064654e-03
7.842822061337681836e-10	2.042299410328518583e+00	1.070524544300952208e+01	2.817040027935346358e-01	2.149067595686308257e-02	4.539365781351428937e-03	5.202186550463635539e-01	9.783534986099393094e-02	-3.231401119668996652e-02	-2.890550696217286490e-03
8.214343584919422200e-10	2.042633721358338761e+00	1.064988242919692318e+01	2.832147832880261840e-01	2.086833642451785611e-02	4.394546374157593839e-03	5.162290574484165173e-01	9.685972634854468633e-02	-3.222606395916350480e-02	-2.850771496642801744e-03
8.603464416684491388e-10	2.042516502615962626e+00	1.059440455895288480e+01	2.846815070457721086e-01	2.026877402527174979e-02	4.256031522464426287e-03	5.123612877599351689e-01	9.591729359965815715e-02	-3.213142741141639114e-02	-2.811565592359718813e-03
9.011018251665036851e-10	2.041957374474760556e+00	1.053884155269477851e+01	2.861040673581892180e-01	1.969133566318001169e-02	4.123579381234520995e-03	5.086137930533367602e-01	9.500756342280225475e-02	-3.203034770493982941e-02	-2.772953404080289504e-03
9.437878277775391497e-10	2.040966271976963675e+00	1.048322290525482003e+01	2.874823872315196427e-01	1.913535834150109985e-02	3.996951178334977317e-03	5.049849039104179482e-01	9.413003639537063927e-02	-3.192307165081605808e-02	-2.734953119259231867e-03
9.884959046625586031e-10	2.039553416380113671e+00	1.042757786362034444e+01	2.888164181643169126e-01	1.860022463547204505e-02	3.875924180849212551e-03	5.014730791880285254e-01	9.328423095857028835e-02	-3.180984622123919636e-02	-2.697580806289594756e-03
1.035321843295661502e-09	2.037729288869106092e+00	1.037193539869173620e+01	2.901061393693149526e-01	1.808528373552327137e-02	3.760272278946209280e-03	4.980765593391441315e-01	9.246964227680853909e-02	-3.169091812209915565e-02	-2.660850519665118423e-03
1.084365968689608688e-09	2.035504603638772725e+00	1.031632417286434311e+01	2.913515570055044690e-01	1.758991633964825455e-02	3.649782067721203498e-03	4.947936530112212461e-01	9.168577792646202818e-02	-3.156653333967881364e-02	-2.624774402340009690e-03
1.135733358343102889e-09	2.032890284448456431e+00	1.026077254243993053e+01	2.925527028970480448e-01	1.711353012567689430e-02	3.544250983590787468e-03	4.916227206755461321e-01	9.093215527911187313e-02	-3.143693674536103544e-02	-2.589362803401755713e-03
1.189534067370320724e-09	2.029897438567509482e+00	1.020530850996399508e+01	2.937096342499952439e-01	1.665551122594009781e-02	3.443475709945852635e-03	4.885619577922823420e-01	9.020827631960742776e-02	-3.130237176091179435e-02	-2.554624373834642626e-03
1.245883364295008068e-09	2.026537333528649842e+00	1.014995972168675387e+01	2.948224324641225413e-01	1.621528136812102130e-02	3.347265545521666344e-03	4.856096525900864269e-01	8.951365836091418338e-02	-3.116307992438856200e-02	-2.520566167519844043e-03
1.304901978014401580e-09	2.022821373528603139e+00	1.009475344123442042e+01	2.958912025227291576e-01	1.579226873341476114e-02	3.255435469057393720e-03	4.827640569864412590e-01	8.884781940198424599e-02	-3.101930063636711490e-02	-2.487193746739124051e-03
1.366716356462010101e-09	2.018761078794809372e+00	1.003971655551518438e+01	2.969160718286568135e-01	1.538592020202389499e-02	3.167808461043209942e-03	4.800234440503172717e-01	8.821028433753533293e-02	-3.087127083555005549e-02	-2.454511287106983953e-03
1.431458937523481393e-09	2.014368062226804756e+00	9.984875524142555747e+00	2.978971902439064290e-01	1.499568834116259651e-02	3.084212830477671679e-03	4.773860497438610628e-01	8.760057930485747046e-02	-3.071922476797000340e-02	-2.422521659571651165e-03
1.499268432786047049e-09	2.009654009954523257e+00	9.930256403971512214e+00	2.988347284431016049e-01	1.462104401190293147e-02	3.004484282904371344e-03	4.748501330189338066e-01	8.701823753423877650e-02	-3.056339366721781345e-02	-2.391226535782168400e-03
1.570290124729377524e-09	2.004630660251702334e+00	9.875884816284859369e+00	2.997288776502101681e-01	1.426147069586435230e-02	2.928465077412393657e-03	4.724139514310159993e-01	8.646279796552917840e-02	-3.040400555653310910e-02	-2.360626471507805673e-03
1.644676177994662829e-09	2.000153314995391174e+00	9.830182324596806964e+00	3.004498201608811203e-01	1.396926016626772425e-02	2.867067016255370367e-03	4.704338340550882069e-01	8.601462284884499321e-02	-3.026676548787749638e-02	-2.335331419241828705e-03
1.722585965398783835e-09	1.996685353954539721e+00	9.796862241962585927e+00	3.009489733110963794e-01	1.376298247173065627e-02	2.824041195797977449e-03	4.690416199195897029e-01	8.570305443395469236e-02	-3.016410945532753754e-02	-2.317206571216316909e-03
1.804186409392068039e-09	1.993062226965769179e+00	9.764263465476227921e+00	3.014057991862142405e-01	1.356786378833018877e-02	2.783714292798825617e-03	4.677358061358384833e-01	8.541561432013201893e-02	-3.006074451930985936e-02	-2.299812913142549025e-03
1.889652339691211477e-09	1.989258777226376118e+00	9.732297664250829428e+00	3.018186933247432036e-01	1.338338582028785612e-02	2.745994631808111770e-03	4.665157479191112122e-01	8.515275260984928041e-02	-2.995620380719828113e-02	-2.283118654908803617e-03
1.979166867853557524e-09	1.985261438690740343e+00	9.700896485673359493e+00	3.021872048774383313e-01	1.320904261744620597e-02	2.710777845843775381e-03	4.653798347521926893e-01	8.491440450575758747e-02	-2.985020281220205143e-02	-2.267091059101487317e-03
2.072921779595369695e-09	1.981063200052417983e+00	9.670005218562133464e+00	3.025114778437383301e-01	1.304431953386655206e-02	2.677948865053425467e-03	4.643258762413898788e-01	8.470023209978205792e-02	-2.974256322145170731e-02	-2.251698466868268765e-03
2.171117945694509622e-09	1.976661336275057579e+00	9.639579558833307971e+00	3.027920096762621305e-01	1.288872650845850933e-02	2.647393179635961977e-03	4.633514681567833526e-01	8.450975347847422547e-02	-2.963317777707961953e-02	-2.236910925868136439e-03
2.273965752357932151e-09	1.972056105052509167e+00	9.609583427994873972e+00	3.030295214185145802e-01	1.274179097226298130e-02	2.618997006179442453e-03	4.624540735465563768e-01	8.434239816465034789e-02	-2.952198980895242783e-02	-2.222700345692865589e-03
2.381685551976160644e-09	1.967249927006018417e+00	9.579987499084825942e+00	3.032248783770394307e-01	1.260310616695390663e-02	2.592660830606252284e-03	4.616313205059232594e-01	8.419757294457136387e-02	-2.940898015482854705e-02	-2.209040520137791133e-03
2.494508135230316413e-09	1.962246815285753065e+00	9.550768049345816024e+00	3.033790381194388375e-01	1.247223021782848523e-02	2.568274450543751343e-03	4.608805746404082138e-01	8.407462418354197387e-02	-2.929415783533886528e-02	-2.195907054387260301e-03
2.612675225563326382e-09	1.957051971861054396e+00	9.521906041914292018e+00	3.034930165662972357e-01	1.234884106982215950e-02	2.545756971432661889e-03	4.601996987805441752e-01	8.397294748119460417e-02	-2.917755354458078515e-02	-2.183277260394203122e-03
2.736439997074666368e-09	1.951671489084301436e+00	9.493386421441716294e+00	3.035678634024413514e-01	1.223255408032270126e-02	2.525010646498962712e-03	4.595862174164866976e-01	8.389188752555762352e-02	-2.905921466315702223e-02	-2.171130046578581118e-03
2.866067616948244470e-09	1.946112121597522560e+00	9.465197511305513345e+00	3.036046450823522980e-01	1.212302536317414782e-02	2.505947789677252097e-03	4.590378188293848805e-01	8.383080930430920896e-02	-2.893920151273912666e-02	-2.159445810182038065e-03
3.001835813575592210e-09	1.940381112180163514e+00	9.437330523861861664e+00	3.036044325963670465e-01	1.201999858237570717e-02	2.488502693758448767e-03	4.585525874886106634e-01	8.378913158203925293e-02	-2.881758440336970248e-02	-2.148206321089848013e-03
3.144035471591500167e-09	1.934486056419968847e+00	9.409779140780075934e+00	3.035682930609961416e-01	1.192317852166356953e-02	2.472599651503064409e-03	4.581284165412436993e-01	8.376625360457982949e-02	-2.869444139344187045e-02	-2.137394616930356553e-03
3.292971255097148186e-09	1.928434794713110634e+00	9.382539172802173866e+00	3.034972830609197758e-01	1.183230248645049561e-02	2.458171219720949648e-03	4.577633507193057949e-01	8.376160134403802526e-02	-2.856985641901581968e-02	-2.126994908864212729e-03
3.448962260405766611e-09	1.922235327930040372e+00	9.355608259909578450e+00	3.033924444337856019e-01	1.174713802507463926e-02	2.445157618452088039e-03	4.574555798783232485e-01	8.377462755655740168e-02	-2.844391787733024229e-02	-2.116992493623607967e-03
3.612342699709437910e-09	1.915895748354607964e+00	9.328985595882214099e+00	3.032548017126072137e-01	1.166744426089551430e-02	2.433497264740211267e-03	4.572032596764087908e-01	8.380478994631368472e-02	-2.831671750682392824e-02	-2.107373661868458970e-03
3.783462617131932968e-09	1.909424186821165215e+00	9.302671744285284205e+00	3.030853591974125849e-01	1.159304419051237003e-02	2.423144775504247096e-03	4.570048548404615496e-01	8.385159516450510497e-02	-2.818834933727298181e-02	-2.098125630028065472e-03
3.962688638701478467e-09	1.902828768305104390e+00	9.276668413674677538e+00	3.028851007220654812e-01	1.152371429593131331e-02	2.414043161397749597e-03	4.568586203373514731e-01	8.391453221553583919e-02	-2.805890908519206167e-02	-2.089236468753102264e-03
4.150404757850472502e-09	1.896117578087784361e+00	9.250978315503058269e+00	3.026549884440040139e-01	1.145927991356131791e-02	2.406148369573592530e-03	4.567630514782773377e-01	8.399313136000986779e-02	-2.792849344706806181e-02	-2.080695037223969160e-03
4.347013158125017173e-09	1.889298629345792957e+00	9.225604993059601355e+00	3.023959628304268010e-01	1.139956487879343304e-02	2.399415666929387812e-03	4.567166473878332966e-01	8.408693137975004062e-02	-2.779719957859649523e-02	-2.072490919446859543e-03
4.552935074866938773e-09	1.882379846863643014e+00	9.200552726367815737e+00	3.021089427590527565e-01	1.134443513025475483e-02	2.393811617667961078e-03	4.567181156183764412e-01	8.419550779289522446e-02	-2.766512477981050364e-02	-2.064614379110700938e-03
4.768611697714474181e-09	1.875369047850326432e+00	9.175826410854430293e+00	3.017948260401435157e-01	1.129371639175034102e-02	2.389292557658320888e-03	4.567659860449740372e-01	8.431842127713896906e-02	-2.753236618597087668e-02	-2.057056311762001446e-03
4.994505115855140358e-09	1.868273922984578839e+00	9.151431446915884393e+00	3.014544896336987523e-01	1.124727887260974259e-02	2.385826317983227168e-03	4.568590078495343154e-01	8.445526898950915518e-02	-2.739902036171043900e-02	-2.049808188126400928e-03
5.231099308056257792e-09	1.861102033579885795e+00	9.127373677198386659e+00	3.010887909060332435e-01	1.120499039871411529e-02	2.383380406073168627e-03	4.569959288899886340e-01	8.460565576699691226e-02	-2.726518327703514669e-02	-2.042862022838621075e-03
5.478901179593956120e-09	1.853860793079037173e+00	9.103659284315769540e+00	3.006985676773109573e-01	1.116673024736833733e-02	2.381925286642633255e-03	4.571755605383153176e-01	8.476920170378987596e-02	-2.713094991624509511e-02	-2.036210326894613912e-03
5.738441648302404521e-09	1.846557472101497677e+00	9.080294751601025283e+00	3.002846400055818599e-01	1.113238119417162345e-02	2.381432677757411558e-03	4.573967390640787389e-01	8.494553719569401806e-02	-2.699641438993835921e-02	-2.029846081130273587e-03
6.010276782070388176e-09	1.839199185887533838e+00	9.057286797090441155e+00	2.998478100162386140e-01	1.110183937842525864e-02	2.381877452626382681e-03	4.576583717813842989e-01	8.513430731636889570e-02	-2.686166963542955047e-02	-2.023762704623238359e-03
6.294988990221888141e-09	1.831792893838293246e+00	9.034642304819206160e+00	2.993888637850945500e-01	1.107499723207621550e-02	2.383234079385385985e-03	4.579593560876525915e-01	8.533516250658074176e-02	-2.672680740005691988e-02	-2.017954010538813066e-03
6.593188271333541710e-09	1.824345399171387605e+00	9.012368297072061551e+00	2.989085718955721838e-01	1.105176516703245716e-02	2.385481334361742780e-03	4.582986796295808185e-01	8.554776921080471663e-02	-2.659191824823987568e-02	-2.012414198728300439e-03
6.905513520162316861e-09	1.816863344239765032e+00	8.990471889565933239e+00	2.984076898527990851e-01	1.103204817104652159e-02	2.388596927590478161e-03	4.586753115172503836e-01	8.577179700269299545e-02	-2.645709128486616046e-02	-2.007137809625577068e-03
7.232633896483518810e-09	1.809353215192358366e+00	8.968960246595909069e+00	2.978869600297481823e-01	1.101576573246380170e-02	2.392562196131584919e-03	4.590882927133445590e-01	8.600692853887310918e-02	-2.632241440591373202e-02	-2.002119715655495923e-03
7.575250258771920716e-09	1.801821338154406593e+00	8.947840551944000964e+00	2.973471117022101207e-01	1.100283575497800620e-02	2.397358238750114771e-03	4.595366617267932496e-01	8.625285042370861577e-02	-2.618797403116976744e-02	-1.997355088955585656e-03
7.934096665797492339e-09	1.794273883884850873e+00	8.927119985562168125e+00	2.967888622818125599e-01	1.099317052244957321e-02	2.402964585305651657e-03	4.600194353134829939e-01	8.650924954861732852e-02	-2.605385521275343369e-02	-1.992839388523967928e-03
8.309941949353386453e-09	1.786716867560026012e+00	8.906805689782663293e+00	2.962129180947613571e-01	1.098673391864235342e-02	2.409374566633595231e-03	4.605358696730536550e-01	8.677584788709642727e-02	-2.592014154808312126e-02	-1.988568331170733217e-03
8.703591361485183753e-09	1.779156151394323260e+00	8.886904748725363845e+00	2.956199751862886305e-01	1.098342347231747070e-02	2.416563687797106206e-03	4.610849195686593793e-01	8.705232944147729690e-02	-2.578691524714093325e-02	-1.984537888688142800e-03
9.115888299750837812e-09	1.771597444894307039e+00	8.867424158073085039e+00	2.950107200488125692e-01	1.098318221046146355e-02	2.424519418562945568e-03	4.616657499516965690e-01	8.733840821200579418e-02	-2.565425696987529841e-02	-1.980744246958812335e-03
9.547716114208065503e-09	1.764046311586660698e+00	8.848370826884899287e+00	2.943858303556587952e-01	1.098595906542609683e-02	2.433231155558559199e-03	4.622775533850729812e-01	8.763380460281711137e-02	-2.552224602619008673e-02	-1.977183819598534852e-03
1.000000000000000021e-08	1.756508166127250581e+00	8.829751518097788576e+00	2.937459761295962979e-01	1.099168472379673245e-02	2.442682901939830821e-03	4.629194395184521027e-01	8.793822825726156645e-02	-2.539096021090633468e-02	-1.973853202119017942e-03
