# Pressure Mass Radius Compactness k2 k3 h2 h3 j2 j3
9.999999999999999799e-13	8.941840411005336220e-02	2.318447740020714321e+01	5.695080125400350628e-03	1.878114588761642476e-03	1.202852577779532303e-04	9.868438484087511675e-01	3.258871424747164514e-01	-1.829043135917086875e-05	-9.730929294791416808e-07
1.047370897959448749e-12	9.297290865166002449e-02	2.198969438656431308e+01	6.243203044722989321e-03	2.507489615844350674e-03	1.685356394546950987e-04	9.865041313819232771e-01	3.252020126771879016e-01	-2.528141877312263186e-05	-1.442270670442936033e-06
1.096985797892381920e-12	9.666514893944316844e-02	2.096706511480163471e+01	6.807733018753744057e-03	3.272120335403996567e-03	2.328184519676180684e-04	9.863959651625127112e-01	3.245080850971188702e-01	-3.413040757057062951e-05	-2.096120789318370100e-06
1.148951000187311009e-12	1.004990681516588769e-01	2.008377378685418435e+01	7.389021817089378753e-03	4.183083068243555538e-03	3.178996889815316170e-04	9.865420464392115063e-01	3.238074776271452904e-01	-4.512327137431440608e-05	-2.985318275067822288e-06
1.203377840777590522e-12	1.044786431879103361e-01	1.931486229947069688e+01	7.987413035662714600e-03	5.249929634817087319e-03	4.279214026801329428e-04	9.869620079746443952e-01	3.231024847008233114e-01	-5.855618835452326910e-05	-4.167929487622964217e-06
1.260382929679727463e-12	1.086078293217240254e-01	1.864101081563195095e+01	8.603237465359497155e-03	6.480469610008011104e-03	5.636503629024362501e-04	9.876726197475680369e-01	3.223955115901349089e-01	-7.473272169910492565e-05	-5.709297180042892959e-06
1.320088400831416649e-12	1.128904881538222993e-01	1.804703139579293847e+01	9.236805785188499998e-03	7.880653194354686475e-03	7.316391730843870662e-04	9.886867491436447386e-01	3.216890299845526768e-01	-9.396074024234660150e-05	-7.681671899424290129e-06
1.382622173764653478e-12	1.173302327461456518e-01	1.752082852308319616e+01	9.888388662964396614e-03	9.454438037571177844e-03	9.356806880334567460e-04	9.900136824666039281e-01	3.209855345382665037e-01	-1.165487488520123107e-04	-1.016364043561673889e-05
1.448118227674535917e-12	1.219306848122087422e-01	1.705261844062865251e+01	1.055825564706068705e-02	1.120385040852429036e-02	1.177676429246880558e-03	9.916589418257901745e-01	3.202874346862507049e-01	-1.428041883695188325e-04	-1.323956780631877465e-05
1.516716888470924089e-12	1.266956405040528255e-01	1.663438849799035069e+01	1.124669884688579528e-02	1.312907010600614793e-02	1.461125739961026231e-03	9.936241206659353065e-01	3.195969769062423360e-01	-1.730322475588245068e-04	-1.699900416997355467e-05
1.588565129428052692e-12	1.316290709534887471e-01	1.625951651869503323e+01	1.195403225894516724e-02	1.522855626286408887e-02	1.791163320698419339e-03	9.959075741485851063e-01	3.189162053985851175e-01	-2.075343388178527843e-04	-2.153598329123781021e-05
1.663816886076127415e-12	1.367351228301692256e-01	1.592248393680700502e+01	1.268059116571230126e-02	1.749912329460229926e-02	2.168105775661499472e-03	9.985041536267009743e-01	3.182469127018837662e-01	-2.466068301354230386e-04	-2.694826733578875344e-05
1.742633386009647278e-12	1.420181201439146002e-01	1.561865683068048227e+01	1.342673173829788888e-02	1.993609076929550236e-02	2.595694822116577892e-03	1.001405791518635846e+00	3.175906159985149579e-01	-2.905400246220592674e-04	-3.333658760566323792e-05
1.825183494319046040e-12	1.474825665262008700e-01	1.534411692030724517e+01	1.419283071055391782e-02	2.253341463357009383e-02	3.074675454872284174e-03	1.004601568173706827e+00	3.169485280188238385e-01	-3.396173500753847077e-04	-4.080386273601377558e-05
1.911644075385703708e-12	1.531331483824178996e-01	1.509552973594894709e+01	1.497928516511650397e-02	2.528384456297292152e-02	3.606601019373260452e-03	1.008078041866315111e+00	3.163215418619774177e-01	-3.941147667844408344e-04	-4.945442767996114573e-05
2.002200371815584363e-12	1.589747384270010777e-01	1.487004078853212086e+01	1.578651237275666142e-02	2.817905670935649115e-02	4.192236336593254363e-03	1.011819616226655949e+00	3.157102155689484602e-01	-4.543003546803300115e-04	-5.939329868496814858e-05
2.097046401323230665e-12	1.650123988150037913e-01	1.466519309201666310e+01	1.661494956144670201e-02	3.120983116212559458e-02	4.832626430302344560e-03	1.015808772750103950e+00	3.151147735925837190e-01	-5.204340406084734640e-04	-7.072543791203578711e-05
2.196385372416542332e-12	1.712513851052241409e-01	1.447886103628314025e+01	1.746505380588610212e-02	3.436616310282593345e-02	5.526626393577699706e-03	1.020026310765648203e+00	3.145350996713436320e-01	-5.927674897936522627e-04	-8.355509348362196191e-05
2.300430119772921506e-12	1.776971483845270483e-01	1.430919704641842394e+01	1.833730165246482552e-02	3.763742432074148464e-02	6.273905168182864096e-03	1.024451675481377055e+00	3.139707473447653774e-01	-6.715440647271624791e-04	-9.798512294786487916e-05
2.409403560239526876e-12	1.843551187288058613e-01	1.415459286419987350e+01	1.923215956297111978e-02	4.101237257687097987e-02	7.073355441239495382e-03	1.029063066064498377e+00	3.134209651601336799e-01	-7.569960349600694674e-04	-1.141158672226503412e-04
2.523539170434765862e-12	1.912303212254128360e-01	1.401364797404493068e+01	2.015003411994518642e-02	4.447909018830993599e-02	7.923131124590981553e-03	1.033837371740521816e+00	3.128847358256433009e-01	-8.493388037658524238e-04	-1.320433303148685659e-04
2.643081486974102692e-12	1.983276226191943714e-01	1.388512910310283033e+01	2.109130824450622388e-02	4.802520206356934718e-02	8.821279379674393933e-03	1.038750553026852375e+00	3.123607527286170193e-01	-9.487729976504672997e-04	-1.518588424503417684e-04
2.768286630392061017e-12	2.056517529115752529e-01	1.376794369360886172e+01	2.205634617840525682e-02	5.163806758501356814e-02	9.765065815715828074e-03	1.043777962218029209e+00	3.118474492816221688e-01	-1.055484227498075696e-03	-1.736483462362384798e-04
2.899422853882880921e-12	2.132072744304084055e-01	1.366111921399204654e+01	2.304549135148942912e-02	5.530480444225238656e-02	1.075163763496903013e-02	1.048894420444035580e+00	3.113429991071387515e-01	-1.169642252293412107e-03	-1.974915988001354767e-04
3.036771118035460378e-12	2.209985483779132731e-01	1.356378596423007821e+01	2.405906403488417000e-02	5.901244151551795353e-02	1.177746098477939346e-02	1.054074492761873483e+00	3.108453522954816584e-01	-1.291400150641694921e-03	-2.234614299493503404e-04
3.180625692794118977e-12	2.290296986488570552e-01	1.347516269175749137e+01	2.509735879016303933e-02	6.274796259213488714e-02	1.283905148589999101e-02	1.059292589191338507e+00	3.103522519738958763e-01	-1.420893455224475849e-03	-2.516229995178727221e-04
3.331294787934670055e-12	2.373045742940030900e-01	1.339454447813043636e+01	2.616064190615875751e-02	6.649842818125241417e-02	1.393224651665259106e-02	1.064523206673385181e+00	3.098612655247574565e-01	-1.558239327683058097e-03	-2.820331301475216676e-04
3.489101213406766494e-12	2.458267092370830242e-01	1.332129249262610493e+01	2.724914867104997682e-02	7.025099732639762673e-02	1.505291715363943177e-02	1.069740958756562943e+00	3.093698036251432693e-01	-1.703535700496064528e-03	-3.147396707344734656e-04
3.654383070957261569e-12	2.545992800601771799e-01	1.325482529490818528e+01	2.836308055277485946e-02	7.399306141296278783e-02	1.619661479251570391e-02	1.074920860719425386e+00	3.088751622296150856e-01	-1.856860407149762797e-03	-3.497808936160782178e-04
3.827494478516314936e-12	2.636250622987942882e-01	1.319461139874172417e+01	2.950260239129770881e-02	7.771224337047961950e-02	1.735878926460767899e-02	1.080038311713907850e+00	3.083745361381844408e-01	-2.018270333455563035e-03	-3.871849591480209878e-04
4.008806328898464320e-12	2.729063857328912768e-01	1.314016291095658140e+01	3.066783960909166828e-02	8.139646205672718127e-02	1.853457058026145368e-02	1.085069226886486771e+00	3.078650433702521116e-01	-2.187800593959696258e-03	-4.269694547921682511e-04
4.198707084443905621e-12	2.824452589397543623e-01	1.309102934448287137e+01	3.185889641299570474e-02	8.503408478310385543e-02	1.971925908250491896e-02	1.089990307124409474e+00	3.073437614711316823e-01	-2.365466856200746683e-03	-4.691416873267893555e-04
4.397603609302712498e-12	2.922438373692334834e-01	1.304679231653136462e+01	3.307591351428847831e-02	8.861416725910326031e-02	2.090812063155922385e-02	1.094779411775726796e+00	3.068077318077109261e-01	-2.551274621392520849e-03	-5.137008054891122229e-04
4.605922041145112927e-12	3.023044508447577106e-01	1.300706442077678915e+01	3.431906799650343010e-02	9.212643260057654104e-02	2.209646369080685291e-02	1.099415520834632121e+00	3.062539637795863579e-01	-2.745220796234118608e-03	-5.606381937989167149e-04
4.824108704165373984e-12	3.126295901507219477e-01	1.297148772574687747e+01	3.558856913821269868e-02	9.556133322782697781e-02	2.327974405651694889e-02	1.103878884953738204e+00	3.056794818379811596e-01	-2.947294520321946595e-03	-6.099377038188953746e-04
5.052631065335679604e-12	3.232219136068147924e-01	1.293973195962602318e+01	3.688465723371794208e-02	9.891010360753257902e-02	2.445354198358150669e-02	1.108151155646535546e+00	3.050813535045222569e-01	-3.157478311933972596e-03	-6.615760234359067352e-04
5.291978735958436557e-12	3.340842553371869972e-01	1.291149267914559928e+01	3.820760281639604822e-02	1.021646227765170417e-01	2.561360396976092649e-02	1.112215101186671884e+00	3.044566761421327872e-01	-3.375749245253118098e-03	-7.155230800049695817e-04
5.542664520663095602e-12	3.452196324010631812e-01	1.288648949548250577e+01	3.955770584929372419e-02	1.053175975786893731e-01	2.675586299911670435e-02	1.116055016173066683e+00	3.038026438495718962e-01	-3.602079962208186610e-03	-7.717423737280650542e-04
5.805225516094907684e-12	3.566312540660687702e-01	1.286446438516675173e+01	4.093529521845692271e-02	1.083624170077218951e-01	2.787648602200574685e-02	1.119656423889840990e+00	3.031165220527163862e-01	-3.836439804784362063e-03	-8.301914309974227357e-04
6.080224261649427052e-12	3.683225293318445059e-01	1.284518010100816632e+01	4.234072805632863035e-02	1.112931718242156087e-01	2.897181614139849801e-02	1.123006131708865318e+00	3.023956711615205517e-01	-4.078795754223598150e-03	-8.908221681812176400e-04
6.368249944718585906e-12	3.802970751426332785e-01	1.282841868244325134e+01	4.377438917729083862e-02	1.141046621430718694e-01	3.003844580458964533e-02	1.126092265623330757e+00	3.016375656284480677e-01	-4.329113378635096251e-03	-9.535812714018916322e-04
6.669919663030115058e-12	3.925587237632041648e-01	1.281398008034892122e+01	4.523669039182618562e-02	1.167923449614876180e-01	3.107319544527556085e-02	1.128904172228073266e+00	3.008397915410443435e-01	-4.587357693344097653e-03	-1.018410582264221405e-03
6.985879746785234820e-12	4.051115468451642609e-01	1.280168082927426632e+01	4.672807193943182696e-02	1.193523404820489853e-01	3.207313131679952189e-02	1.131432444448887908e+00	3.000000601604620454e-01	-4.853494324463545305e-03	-1.085247538353266384e-03
7.316807143427207274e-12	4.179597359505240473e-01	1.279135248502550404e+01	4.824898864174980567e-02	1.217813235458412857e-01	3.303554004498699542e-02	1.133668727721270919e+00	2.991162095939899346e-01	-5.127487564242197253e-03	-1.154024847845768224e-03
7.663410868007462274e-12	4.311071837030580611e-01	1.278283964640164605e+01	4.979986366227406175e-02	1.240764372758104694e-01	3.395792828706219180e-02	1.135605634313906265e+00	2.981862384076489070e-01	-5.409291814344208485e-03	-1.224668509573416169e-03
8.026433522257174683e-12	4.445573782186799106e-01	1.277599798473794301e+01	5.138107932501469188e-02	1.262352320505294168e-01	3.483798720871057741e-02	1.137236628729761279e+00	2.972083086423691900e-01	-5.698849473874562609e-03	-1.297097470506000574e-03
8.406652885618316356e-12	4.583133735131709741e-01	1.277069264220952149e+01	5.299297636133297462e-02	1.282556499033899178e-01	3.567361430760360858e-02	1.138555996774190282e+00	2.961807501349064120e-01	-5.996090431457625630e-03	-1.371223714203164681e-03
8.804883581643446547e-12	4.723777585523382117e-01	1.276679692106350927e+01	5.463585275471204844e-02	1.301360296868198374e-01	3.646290691908848219e-02	1.139558860790322203e+00	2.951020665838594570e-01	-6.300931529935995326e-03	-1.446952371051243597e-03
9.221978823334340144e-12	4.867526261874970395e-01	1.276419117368949152e+01	5.630996251564540644e-02	1.318750704249107841e-01	3.720417238787322028e-02	1.140241102176230426e+00	2.939709328333998117e-01	-6.613276063386931518e-03	-1.524181865920179848e-03
9.658832241158709141e-12	5.014395411954257753e-01	1.276276186875243646e+01	5.801551426899677344e-02	1.334718360385514502e-01	3.789593185211383164e-02	1.140599377027064598e+00	2.927862024965744436e-01	-6.933013265529802162e-03	-1.602804093635115928e-03
1.011637979766206976e-11	5.164395083440501688e-01	1.276240079654420079e+01	5.975266980541885098e-02	1.349257380092551972e-01	3.853691154404582236e-02	1.140631082455467959e+00	2.915469057810678444e-01	-7.260017818513794623e-03	-1.682704627269229541e-03
1.059560179277614774e-11	5.317529400897557101e-01	1.276300438136624926e+01	6.152154260469545194e-02	1.362365266459529822e-01	3.912604599332168004e-02	1.140334342268176426e+00	2.902522535889466293e-01	-7.594149388329208758e-03	-1.763762962893830307e-03
1.109752496412069864e-11	5.473796248551237031e-01	1.276447310376833855e+01	6.332219634860851432e-02	1.374042809534989085e-01	3.966248085632146508e-02	1.139707990519135405e+00	2.889016365940658693e-01	-7.935252181719188586e-03	-1.845852795392937317e-03
1.162322468679854125e-11	5.633187196674301900e-01	1.276671101101009320e+01	6.515464619681207714e-02	1.384293951296720337e-01	4.014556497310971250e-02	1.138751541839775561e+00	2.874946229341109327e-01	-8.283155069718517796e-03	-1.928842455997678475e-03
1.217382727739662020e-11	5.795689344368902818e-01	1.276962551706470528e+01	6.701888103589591361e-02	1.393126168519046582e-01	4.057486096810274112e-02	1.137465245113306711e+00	2.860309460306580398e-01	-8.637675938741120468e-03	-2.012596364882487249e-03
1.275051240713012859e-11	5.961286381365973330e-01	1.277312755997050431e+01	6.891487482299564482e-02	1.400549774655537594e-01	4.095013395733600875e-02	1.135849912467016054e+00	2.845104803027627693e-01	-8.998624407212659632e-03	-2.096976064335746761e-03
1.335451562929897339e-11	6.129958348419044523e-01	1.277713163647258554e+01	7.084258329783574282e-02	1.406578682006911218e-01	4.127135711998213691e-02	1.133907110932492079e+00	2.829332595280025786e-01	-9.365801700064079610e-03	-2.181840568802897139e-03
1.398713102647241439e-11	6.301681486186614389e-01	1.278155573272251821e+01	7.280194215849813966e-02	1.411229403552724804e-01	4.153868128087426226e-02	1.131638946282819580e+00	2.812994521204560949e-01	-9.739000707509990959e-03	-2.267046762577705835e-03
1.464971398307287854e-11	6.476428085666808832e-01	1.278632122199631560e+01	7.479286538827817354e-02	1.414522096937016749e-01	4.175246682938148907e-02	1.129048320071393441e+00	2.796093931815943345e-01	-1.011800605432599739e-02	-2.352449806596960177e-03
1.534368408930013065e-11	6.654166335375538699e-01	1.279135274503564368e+01	7.681524362139131867e-02	1.416478893439516995e-01	4.191322734277240503e-02	1.126138554508460565e+00	2.778635402600135862e-01	-1.050259413930482166e-02	-2.437903537393687221e-03
1.607052818261638620e-11	6.834860178506606543e-01	1.279657809102432431e+01	7.886894261098231773e-02	1.417125003801570360e-01	4.202165358075098112e-02	1.122913664434850300e+00	2.760625004707468189e-01	-1.089253320940283300e-02	-2.523260880755958009e-03
1.683180353330955093e-11	7.018469174633392704e-01	1.280192807466838900e+01	8.095380176730233857e-02	1.416487508936381534e-01	4.207858053253959313e-02	1.119378086763191948e+00	2.742070043731605899e-01	-1.128758343680626858e-02	-2.608374265343369781e-03
1.762914118095944293e-11	7.204948364756665891e-01	1.280733642004812900e+01	8.306963269015275875e-02	1.414596277025501059e-01	4.208500291727966525e-02	1.115536911016979493e+00	2.722979242667442068e-01	-1.168749699258093099e-02	-2.693096037036758934e-03
1.846424942895546448e-11	7.394248145077952916e-01	1.281273964519573205e+01	8.521621779274163311e-02	1.411482834409243659e-01	4.204204066237659382e-02	1.111395625109235175e+00	2.703362489131853619e-01	-1.209201814554753014e-02	-2.777278878627649581e-03
1.933891750455232057e-11	7.586314664725234413e-01	1.281807697075158892e+01	8.739331479438021411e-02	1.407180779502837376e-01	4.195094431502623122e-02	1.106960217701115523e+00	2.683230864352288969e-01	-1.250088446651531106e-02	-2.860776452578116680e-03
2.025501939230666486e-11	7.781090874496062737e-01	1.282329017115937120e+01	8.960066907157183957e-02	1.401725291234243720e-01	4.181307675819189579e-02	1.102237053179913717e+00	2.662596406611634214e-01	-1.291382935019826268e-02	-2.943444268552759813e-03
2.121451784910627571e-11	7.978514293750595954e-01	1.282832328141761913e+01	9.183798927170030990e-02	1.395153003239582301e-01	4.162990263932920404e-02	1.097232890122675553e+00	2.641472266749070319e-01	-1.333057751200828096e-02	-3.025139112595109491e-03
2.221946860939528424e-11	8.178516309386537619e-01	1.283312239983650649e+01	9.410494010172208712e-02	1.387501833422545294e-01	4.140297747582979276e-02	1.091954860297614349e+00	2.619872692288232052e-01	-1.375084382472686016e-02	-3.105719218237684275e-03
2.327202478960412005e-11	8.381022089898392258e-01	1.283763556621121360e+01	9.640114173908093109e-02	1.378810938036977851e-01	4.113394515337805840e-02	1.086410467310962247e+00	2.597813030940860912e-01	-1.417433344932819694e-02	-3.185044700619337876e-03
2.437444150122221807e-11	8.585950522544781860e-01	1.284181265742297384e+01	9.872616939510912848e-02	1.369120380411586457e-01	4.082451860349582684e-02	1.080607514732155439e+00	2.575309584572425536e-01	-1.460074206114295343e-02	-3.262978011405091427e-03
2.552908068239516723e-11	8.793214169428364979e-01	1.284560531018424712e+01	1.010795528847690944e-01	1.358471296244989079e-01	4.047648128058907446e-02	1.074554156256399606e+00	2.552379638413334595e-01	-1.502975608722877804e-02	-3.339384381621140433e-03
2.673841615839943880e-11	9.002719244740476912e-01	1.284896685479525758e+01	1.034607763239152184e-01	1.346905323198306914e-01	4.009166583316217669e-02	1.068258763224229080e+00	2.529041291324368168e-01	-1.546105300153291333e-02	-3.414132265898121073e-03
2.800503894183625342e-11	9.214365613090694795e-01	1.285185226373866030e+01	1.058692779065361356e-01	1.334465152713388836e-01	3.967196271244171485e-02	1.061730071144425747e+00	2.505313553609629929e-01	-1.589430166241404679e-02	-3.487093782062692087e-03
2.933166278390048099e-11	9.428046814316829449e-01	1.285421811315261387e+01	1.083044498200293609e-01	1.321193588347463199e-01	3.921929138542901844e-02	1.054976952485386699e+00	2.481216096738173282e-01	-1.632916270754356317e-02	-3.558145145054520016e-03
3.072112998861759207e-11	9.643650113930440915e-01	1.285602255111307102e+01	1.107656383226754138e-01	1.307134147470546959e-01	3.873560811241782975e-02	1.048008575759009409e+00	2.456769340670278412e-01	-1.676528898685997540e-02	-3.627167087900011206e-03
3.217641750250735458e-11	9.861057441651115418e-01	1.285722528200502701e+01	1.132521537961425351e-01	1.292330456411940054e-01	3.822288646235044024e-02	1.040834247222697684e+00	2.431994205204192627e-01	-1.720232779649251073e-02	-3.694045537451781831e-03
3.370064329271925032e-11	1.008014629822252983e+00	1.285778755975818477e+01	1.157632802486637524e-01	1.276826406108003409e-01	3.768311488446759311e-02	1.033463445999907471e+00	2.406912029112742157e-01	-1.763992296681886340e-02	-3.758672191869303660e-03
3.529707302730657668e-11	1.030078868332537256e+00	1.285767218072865070e+01	1.182982619888949954e-01	1.260665645658809175e-01	3.711827909998371283e-02	1.025905719967783680e+00	2.381544521400253134e-01	-1.807771298288862391e-02	-3.820944469913064353e-03
3.696912707195032437e-11	1.052285108998352037e+00	1.285684348547246181e+01	1.208563023611226306e-01	1.243891888272293661e-01	3.653036525894155784e-02	1.018170772934050783e+00	2.355913813220132935e-01	-1.851533128336415798e-02	-3.880765805513815368e-03
3.872038781812557004e-11	1.074619465899911974e+00	1.285526736267658876e+01	1.234365641766551336e-01	1.226548989123428662e-01	3.592135831385416533e-02	1.010268492902729909e+00	2.330042452600276370e-01	-1.895240685266244215e-02	-3.938045956541674254e-03
4.055460735840827506e-11	1.097067536109958663e+00	1.285291125288126146e+01	1.260381703413898657e-01	1.208680110456105544e-01	3.529321473634396134e-02	1.002208739226601253e+00	2.303953136436995286e-01	-1.938856489280700937e-02	-3.992701304031880810e-03
4.247571552536894126e-11	1.119614419765017743e+00	1.284974415714456164e+01	1.286602045236698022e-01	1.190328335478851307e-01	3.464787620670364138e-02	9.940015085766371605e-01	2.277668848886615360e-01	-1.982342748023158477e-02	-4.044655110178567957e-03
4.448782831127576069e-11	1.142244742262459978e+00	1.284573664054874342e+01	1.313017119904454355e-01	1.171536274784387710e-01	3.398725394441681064e-02	9.856568365542185406e-01	2.251212704728190184e-01	-2.025661427862217312e-02	-4.093837758239077772e-03
4.659525668664686662e-11	1.164942679496052458e+00	1.284086084628964741e+01	1.339617005615943990e-01	1.152345977893547563e-01	3.331322532726389146e-02	9.771847780092409730e-01	2.224607911444019814e-01	-2.068774328031379103e-02	-4.140186959065097864e-03
4.880251583654433574e-11	1.187691984874420958e+00	1.283509050378230931e+01	1.366391417012751408e-01	1.132799021256644528e-01	3.262763081948146654e-02	9.685954346604758181e-01	2.197877733586361682e-01	-2.111643158185451397e-02	-4.183647932035882040e-03
5.111433483440165318e-11	1.210476032067302921e+00	1.282840093607016030e+01	1.393329733056966613e-01	1.112936193073001956e-01	3.193226410472702059e-02	9.598988712594369588e-01	2.171045370569098243e-01	-2.154229642163662736e-02	-4.224173571254976819e-03
5.353566677410718816e-11	1.233277954079166294e+00	1.282076901561182325e+01	1.420421140458589526e-01	1.092797305060394103e-01	3.122886414749782499e-02	9.511050498777263718e-01	2.144133769660291344e-01	-2.196495795969499384e-02	-4.261724713708087142e-03
5.607169938205469661e-11	1.256080588029383938e+00	1.281217313338665598e+01	1.447654551744108897e-01	1.072421432833063210e-01	3.051911785936312418e-02	9.422239090667103856e-01	2.117165713318238107e-01	-2.238403833953923547e-02	-4.296269984817165447e-03
5.872786613189488850e-11	1.278866427694660857e+00	1.280259319562588161e+01	1.475018528252669825e-01	1.051846757536443328e-01	2.980465897622982738e-02	9.332653327416865485e-01	2.090163859943329483e-01	-2.279916096356653793e-02	-4.327785689179249051e-03
6.150985788580503926e-11	1.301617659609335398e+00	1.279201062481338269e+01	1.502501297816151715e-01	1.031110282198511863e-01	2.908705429523047656e-02	9.242390702617293563e-01	2.063150573835066393e-01	-2.320995132573469566e-02	-4.356255832861265914e-03
6.442363508721370414e-11	1.324316202952755983e+00	1.278040835742662829e+01	1.530090776299760369e-01	1.010248169192942969e-01	2.836781425265941584e-02	9.151548294685661888e-01	2.036148018494243206e-01	-2.361603792292437873e-02	-4.381672117806308629e-03
6.747544053110686101e-11	1.346943750951308472e+00	1.276777085691114344e+01	1.557774588255932124e-01	9.892953654945992048e-02	2.764838084521924894e-02	9.060221697729740065e-01	2.009177999163331840e-01	-2.401705314334404845e-02	-4.404033898066130916e-03
7.067181273927477085e-11	1.369481814829964339e+00	1.275408412096285637e+01	1.585540090324558671e-01	9.682857598051990144e-02	2.693013171768909517e-02	8.968505439024343495e-01	1.982261982314093285e-01	-2.441263420971519563e-02	-4.423348107402512788e-03
7.401959996915652408e-11	1.391911768308542907e+00	1.273933569211554762e+01	1.613374394098519293e-01	9.472519702997302116e-02	2.621437295239249440e-02	8.876492340801516168e-01	1.955420986046082221e-01	-2.480242408362384743e-02	-4.439629146179911549e-03
7.752597488629464062e-11	1.414214894054124594e+00	1.272351466806395770e+01	1.641264390580371990e-01	9.262253834005626518e-02	2.550234075766529343e-02	8.784273587937199146e-01	1.928675569422079739e-01	-2.518607239077564827e-02	-4.452898736668548484e-03
8.119844993184008328e-11	1.436372431703950125e+00	1.270661171316586469e+01	1.669196775696820123e-01	9.052362765884294782e-02	2.479520407108328980e-02	8.691939046344328013e-01	1.902045832954889770e-01	-2.556323635062456023e-02	-4.463185749571463648e-03
8.504489341802668113e-11	1.458365677354261702e+00	1.268861901352810762e+01	1.697158142724386476e-01	8.843133409967647574e-02	2.409405196923765369e-02	8.599575734896710566e-01	1.875551193934641425e-01	-2.593358252820023024e-02	-4.470526002080465848e-03
8.907354638610458163e-11	1.480176051263433656e+00	1.266953021432966509e+01	1.725135041009254466e-01	8.634840810678191814e-02	2.339990501538542073e-02	8.507268903645632818e-01	1.849210468216722913e-01	-2.629678792292678563e-02	-4.474961963420299657e-03
9.329304026284695888e-11	1.501785025027483789e+00	1.264934045115945516e+01	1.753113858671205005e-01	8.427745246454398931e-02	2.271370812887794910e-02	8.415101263533001363e-01	1.823041843430021625e-01	-2.665253869178626014e-02	-4.476542401788066380e-03
9.771241535346501225e-11	1.523174156878704499e+00	1.262804634176303686e+01	1.781080835515037597e-01	8.222094078191909128e-02	2.203633711999071487e-02	8.323153475840565640e-01	1.797062930349297150e-01	-2.700053073639623394e-02	-4.475322094198030780e-03
1.023411402105452712e-10	1.544325142731022948e+00	1.260564597965040790e+01	1.809022094064220709e-01	8.018121070582392984e-02	2.136859745423356702e-02	8.231503866999198005e-01	1.771290708641193867e-01	-2.734047055420663758e-02	-4.471361529255285516e-03
1.071891319205126445e-10	1.565219867465356574e+00	1.258213892999403605e+01	1.836923670742606207e-01	7.816046361129176667e-02	2.071122518884951566e-02	8.140228330434459147e-01	1.745741498563022631e-01	-2.767207606559628913e-02	-4.464726586879103933e-03
1.122667773510811312e-10	1.585840455574685004e+00	1.255752622409966790e+01	1.864771546801080315e-01	7.616077172547414120e-02	2.006489046584246025e-02	8.049400456424240513e-01	1.720430966071520018e-01	-2.799507739888050864e-02	-4.455488196160478122e-03
1.175849554052158201e-10	1.606169322354557227e+00	1.253181035603473781e+01	1.892551679978110302e-01	7.418405413131215487e-02	1.943019168967725224e-02	7.959090685964035350e-01	1.695374007005704953e-01	-2.830921766709174753e-02	-4.443721978354662344e-03
1.231550603292826197e-10	1.626189223626855140e+00	1.250499528132166560e+01	1.920250034624396140e-01	7.223211095618078947e-02	1.880766634099740806e-02	7.869367274314847949e-01	1.670584847369040726e-01	-2.861425367322536356e-02	-4.429507872872963208e-03
1.289890261253308184e-10	1.645883304746136089e+00	1.247708640509243061e+01	1.947852613206012551e-01	7.030657015398303344e-02	1.819777903350206991e-02	7.780294498562360106e-01	1.646076844706605979e-01	-2.890995660061567926e-02	-4.412929751034889991e-03
1.350993521198024986e-10	1.665235166072797313e+00	1.244809055461723268e+01	1.975345510676224103e-01	6.840904950554307917e-02	1.760096472384356861e-02	7.691937709983086568e-01	1.621863017025735321e-01	-2.919611287907361921e-02	-4.394075001590385700e-03
1.414991297434578731e-10	1.684228965045532656e+00	1.241801581295625745e+01	2.002715036274216875e-01	6.654084272638703668e-02	1.701754805789537986e-02	7.604353063627738996e-01	1.597954861355763700e-01	-2.947252549295664367e-02	-4.373034015762080479e-03
1.482020705798860072e-10	1.702849339537914064e+00	1.238687157569204267e+01	2.029947590231279131e-01	6.470323947435280276e-02	1.644782969315186638e-02	7.517597811789339390e-01	1.574363571775574400e-01	-2.973901251163367510e-02	-4.349899814405408516e-03
1.552225357427047968e-10	1.721081404797267789e+00	1.235466854734612774e+01	2.057029636450324050e-01	6.289737726306211807e-02	1.589204954251408064e-02	7.431725497628852706e-01	1.551099538827057367e-01	-2.999540685035434126e-02	-4.324767673215338705e-03
1.625755666443793407e-10	1.738910796132576042e+00	1.232141870896372815e+01	2.083947735051385752e-01	6.112427244686882005e-02	1.535039636598510213e-02	7.346786826023194994e-01	1.528172440015684308e-01	-3.024155670601219939e-02	-4.297734729083672878e-03
1.702769172225897821e-10	1.756323710554357431e+00	1.228713528259384269e+01	2.110688575731454186e-01	5.938482308926505693e-02	1.482301031467948664e-02	7.262829631263985064e-01	1.505591236119663556e-01	-3.047732596428165408e-02	-4.268899585503003330e-03
1.783430876931905687e-10	1.773306948506748304e+00	1.225183270672124536e+01	2.137239011018798873e-01	5.767981590110034251e-02	1.430998611092776027e-02	7.179898982200318969e-01	1.483364178442205250e-01	-3.070259460876792815e-02	-4.238361930871725573e-03
1.867913599020784805e-10	1.789847951322333097e+00	1.221552661900823367e+01	2.163586084707744828e-01	5.600992325326737548e-02	1.381137467399612580e-02	7.098036957896765031e-01	1.461498797744051614e-01	-3.091725899454493900e-02	-4.206222162503094227e-03
1.956398343517064725e-10	1.805934838387121433e+00	1.217823382220420925e+01	2.189717064525469326e-01	5.437571838641732519e-02	1.332718714319426796e-02	7.017283037040852323e-01	1.440001927526214365e-01	-3.112123216598046416e-02	-4.172581017622330538e-03
2.049074689815846066e-10	1.821556439542866279e+00	1.213997226656574746e+01	2.215619467928915953e-01	5.277766650276374122e-02	1.285739586162239212e-02	6.937673674103932431e-01	1.418879687830683634e-01	-3.131444399915808002e-02	-4.137539214851188030e-03
2.146141197858401440e-10	1.836702330781768033e+00	1.210076099814163442e+01	2.241281099915289066e-01	5.121612654201510711e-02	1.240193534903761760e-02	6.859242218609133968e-01	1.398137462231916206e-01	-3.149684143930576302e-02	-4.101197098983351899e-03
2.247805833548729991e-10	1.851362921615747226e+00	1.206061994718707453e+01	2.266690186561053921e-01	4.969136840773780844e-02	1.196070862645781663e-02	6.782019291181551335e-01	1.377779908123644148e-01	-3.166838916420799260e-02	-4.063654129241769941e-03
2.354286414322420067e-10	1.865529396336777834e+00	1.201956991635954175e+01	2.291835297424939799e-01	4.820356807391204534e-02	1.153358711695996221e-02	6.706032590784383185e-01	1.357810984626991735e-01	-3.182906832923172724e-02	-4.025008628505478622e-03
2.465811075822603842e-10	1.879193650349729738e+00	1.197763267487244576e+01	2.316705241061708664e-01	4.675281296115310625e-02	1.112041430854487922e-02	6.631307079201214094e-01	1.338234050752881432e-01	-3.197887536123746044e-02	-3.985357638401312852e-03
2.582618760682674929e-10	1.892348309621029401e+00	1.193483090309952566e+01	2.341289090377852433e-01	4.533910955184083935e-02	1.072100911660318727e-02	6.557865130122034758e-01	1.319051891544741062e-01	-3.211782188834128027e-02	-3.944796649318842163e-03
2.704959730463131364e-10	1.904986749687810788e+00	1.189118815974168264e+01	2.365576205207330363e-01	4.396242297982849712e-02	1.033517553670620752e-02	6.485727860003267509e-01	1.300266852179912114e-01	-3.224593458979094218e-02	-3.903419350757662484e-03
2.833096101839318258e-10	1.917103112471161719e+00	1.184672879962086434e+01	2.389556264056935664e-01	4.262260048161983089e-02	9.962687247463592605e-03	6.414912232501226441e-01	1.281880561016194575e-01	-3.236325512648119407e-02	-3.861317383327193733e-03
2.967302408188872501e-10	1.928692323956740839e+00	1.180147798125860881e+01	2.413219281361204949e-01	4.131945837993764720e-02	9.603307419844742468e-03	6.345434117563657495e-01	1.263894234082365287e-01	-3.246983996253706428e-02	-3.818580147511045717e-03
3.107866187782014063e-10	1.939750104283045395e+00	1.175546159075064878e+01	2.436555633936384746e-01	4.005274160795992133e-02	9.256781574687884470e-03	6.277306715555407424e-01	1.246308538322773857e-01	-3.256576015534393825e-02	-3.775294592891643118e-03
3.255088599835056406e-10	1.950272978301847093e+00	1.170870622982393883e+01	2.459556077173948307e-01	3.882213160303761568e-02	8.922840236971882680e-03	6.210540742683784421e-01	1.229123619750264046e-01	-3.265110108909723141e-02	-3.731545059018467371e-03
3.409285069746807543e-10	1.960258282924358886e+00	1.166123916188461429e+01	2.482211767728081664e-01	3.762728407867535485e-02	8.601208344266166733e-03	6.145145759542164354e-01	1.212339248727194868e-01	-3.272596220926868998e-02	-3.687413117636640508e-03
3.570785964900469852e-10	1.969704211805120453e+00	1.161308803787706445e+01	2.504514383443376402e-01	3.646775906339166234e-02	8.291589369331015674e-03	6.081127343481138592e-01	1.195954482058318724e-01	-3.279045681116633110e-02	-3.642977214677095912e-03
3.739937302478801677e-10	1.978609775492315981e+00	1.156428074319134858e+01	2.526456116133601326e-01	3.534309459284012966e-02	7.993683528671370261e-03	6.018489803550556294e-01	1.179967977821154562e-01	-3.284471097946404378e-02	-3.598312523506932026e-03
3.917101490809260641e-10	1.986974689982100140e+00	1.151484571824162728e+01	2.548029470300485766e-01	3.425279914151981020e-02	7.707188297952685327e-03	5.957236026629497694e-01	1.164378105220325310e-01	-3.288886198036413550e-02	-3.553491221163002610e-03
4.102658105827190344e-10	1.994799363633826150e+00	1.146481186012557174e+01	2.569227274509755521e-01	3.319632825976479018e-02	7.431791013210104976e-03	5.897366498370906207e-01	1.149182803733583835e-01	-3.292305771613718984e-02	-3.508582395450294145e-03
4.297004704320835313e-10	2.002084897237967009e+00	1.141420850128836229e+01	2.590042694583372107e-01	3.217311533042606364e-02	7.167179326761997753e-03	5.838880421203411775e-01	1.134379761874805825e-01	-3.294745636723842019e-02	-3.463652009300524116e-03
4.500557675700488183e-10	2.008833079408408828e+00	1.136306536979227921e+01	2.610469246369703233e-01	3.118256776356608320e-02	6.913038975857405122e-03	5.781775508212577686e-01	1.119966371702561109e-01	-3.296222591712023170e-02	-3.418762860972242822e-03
4.713753134116729086e-10	2.015046379431808532e+00	1.131141250693454126e+01	2.630500816708416512e-01	3.022408463880298102e-02	6.669058632580135253e-03	5.726048623432036244e-01	1.105939810254039368e-01	-3.296754368095383692e-02	-3.373974522871626275e-03
4.937047852839003559e-10	2.020727939235140269e+00	1.125928021074363272e+01	2.650131679383887495e-01	2.929701199637268355e-02	6.434919814404056228e-03	5.671693934433951201e-01	1.092296844012248386e-01	-3.296359601730607103e-02	-3.329343362184679182e-03
5.170920242896755486e-10	2.025881570371761420e+00	1.120669910562356186e+01	2.669356489412320066e-01	2.840070936063968099e-02	6.210312606292399916e-03	5.618705536607774276e-01	1.079034128995956798e-01	-3.295057770650054035e-02	-3.284922562095417969e-03
5.415871378079465267e-10	2.030511734551307512e+00	1.115369997865828822e+01	2.688170311602159912e-01	2.753450646175301109e-02	5.994925970322050914e-03	5.567075658071503064e-01	1.066148018325103058e-01	-3.292869155097841172e-02	-3.240762096336051879e-03
5.672426068491988835e-10	2.034623548107206137e+00	1.110031357769967464e+01	2.706568693424017402e-01	2.669771434800577783e-02	5.788450252377366941e-03	5.516794998439781272e-01	1.053634578072453198e-01	-3.289814758034423359e-02	-3.196908596651895033e-03
5.941133984965039838e-10	2.038222756111537137e+00	1.104657034009302663e+01	2.724547719101571008e-01	2.588963956736399855e-02	5.590580150083382729e-03	5.467853231036348127e-01	1.041489624761287175e-01	-3.285916225689918674e-02	-3.153405267595826757e-03
6.222570836730231313e-10	2.041315616837821256e+00	1.099250078541828124e+01	2.742103782296632652e-01	2.510958081882295675e-02	5.401015731782599257e-03	5.420239036652447773e-01	1.029708855463878914e-01	-3.281195685417810648e-02	-3.110292315648001404e-03
6.517339604882420571e-10	2.043908890244222842e+00	1.093813551705011200e+01	2.759233587715072544e-01	2.435682527038443915e-02	5.219459639283216719e-03	5.373939920024398686e-01	1.018287794707785493e-01	-3.275675763070142604e-02	-3.067607100729710136e-03
6.826071834272379248e-10	2.046009822736168271e+00	1.088350525904063204e+01	2.775934139070397877e-01	2.363065334486141172e-02	5.045619431601061633e-03	5.328942391726529948e-01	1.007221849502057814e-01	-3.269379505848502704e-02	-3.025384209819981587e-03
7.149428986597561750e-10	2.047626122613290356e+00	1.082864069396939044e+01	2.792202765321673552e-01	2.293042085141598629e-02	4.879227613217871316e-03	5.285235427089464144e-01	9.965067154674156491e-02	-3.262330340835069981e-02	-2.983655476036694426e-03
7.488103857590030225e-10	2.048765941311179173e+00	1.077357246508108091e+01	2.808037114613315399e-01	2.225536376262056415e-02	4.719992229272875969e-03	5.242802173105877150e-01	9.861373718069568750e-02	-3.254552011944988194e-02	-2.942450067257546854e-03
7.842822061337681836e-10	2.049437866962454891e+00	1.071833118839315091e+01	2.823435162579756574e-01	2.160480916548268918e-02	4.567650685500574195e-03	5.201628883216583565e-01	9.761091866818451257e-02	-3.246068564955834762e-02	-2.901794596435140067e-03
8.214343584919422200e-10	2.049650901908422806e+00	1.066294739363413235e+01	2.838395217719543728e-01	2.097806084178027372e-02	4.421939412872000208e-03	5.161700045918385937e-01	9.664172975847723501e-02	-3.236904293391257292e-02	-2.861713190375890937e-03
8.603464416684491388e-10	2.049414440447713925e+00	1.060745146616446810e+01	2.852915927659602224e-01	2.037443354449020722e-02	4.282604040172263704e-03	5.122999834978999578e-01	9.570568249714521414e-02	-3.227083698086518487e-02	-2.822227573867561613e-03
9.011018251665036851e-10	2.048738245545742576e+00	1.055187335556767003e+01	2.866996348126929495e-01	1.979324824154161250e-02	4.149396356857991582e-03	5.085511843750113448e-01	9.480227844583571928e-02	-3.216631371515218940e-02	-2.783356959695019485e-03
9.437878277775391497e-10	2.047632385862907523e+00	1.049624200249791528e+01	2.880636037916624037e-01	1.923382449413142334e-02	4.022073816493111111e-03	5.049218664272500101e-01	9.393100403898956008e-02	-3.205571833428098871e-02	-2.745117843366816530e-03
9.884959046625586031e-10	2.046107167603587573e+00	1.044058612458046653e+01	2.893834777043752249e-01	1.869549309631630615e-02	3.900401444268245844e-03	5.014102678091744147e-01	9.309134759937338910e-02	-3.193929549298297338e-02	-2.707524725409127947e-03
1.035321843295661502e-09	2.044173109063385674e+00	1.038493432941167605e+01	2.906592518494487964e-01	1.817760669601330495e-02	3.784154778944233410e-03	4.980146576640387401e-01	9.228280845282618716e-02	-3.181728914516650242e-02	-2.670590322853608027e-03
1.084365968689608688e-09	2.041840920785952473e+00	1.032931502089292763e+01	2.918909403901059352e-01	1.767951640799793334e-02	3.673113706860345416e-03	4.947332315998608232e-01	9.150488325352075514e-02	-3.168994219568774251e-02	-2.634325619331607995e-03
1.135733358343102889e-09	2.039121499762173162e+00	1.027375640538816981e+01	2.930785772007113987e-01	1.720060546374645172e-02	3.567070253162963993e-03	4.915642619425150683e-01	9.075708334548610035e-02	-3.155749652234646208e-02	-2.598739983474632111e-03
1.189534067370320724e-09	2.036025898171407889e+00	1.021828645875615393e+01	2.942222141690455928e-01	1.674025703246262084e-02	3.465820986871525136e-03	4.885059563833959451e-01	9.003891921510570606e-02	-3.142019199137185276e-02	-2.563841213998384848e-03
1.245883364295008068e-09	2.032565324267488815e+00	1.016293285793139844e+01	2.953219251481255525e-01	1.629789309767339101e-02	3.369176154616414492e-03	4.855566311304800875e-01	8.934991984882083293e-02	-3.127826695824222764e-02	-2.529635629721559316e-03
1.304901978014401580e-09	2.028751125029960800e+00	1.010772301164410258e+01	2.963778044888115693e-01	1.587291443628209564e-02	3.276944546940229602e-03	4.827144414452508858e-01	8.868959970437088891e-02	-3.113195779173890884e-02	-2.496128176291471240e-03
1.366716356462010101e-09	2.024594762424935190e+00	1.005268396018090904e+01	2.973899684131172672e-01	1.546475734601508896e-02	3.188947176243045467e-03	4.799776385610620699e-01	8.805748948742934956e-02	-3.098149855767230385e-02	-2.463322460039220688e-03
1.431458937523481393e-09	2.020107816269525181e+00	9.997842465782605714e+00	2.983585547033825169e-01	1.507287485855395882e-02	3.105013049093976064e-03	4.773444867206444453e-01	8.745312734933166632e-02	-3.082712107129185336e-02	-2.431220882415718616e-03
1.499268432786047049e-09	2.015301969956788675e+00	9.943224959916488359e+00	2.992837240566010304e-01	1.469672677627067298e-02	3.024975611770710972e-03	4.748132174326117338e-01	8.687605056834736550e-02	-3.066905478503135010e-02	-2.399824697046035963e-03
1.570290124729377524e-09	2.010188974909350446e+00	9.888857457392338901e+00	3.001656593089571112e-01	1.433579260654363995e-02	2.948676569717926382e-03	4.723820908748506131e-01	8.632580512573692633e-02	-3.050752624626554624e-02	-2.369134068145361920e-03
1.644676177994662829e-09	2.004780663043638000e+00	9.834765666255176342e+00	3.010045658563082482e-01	1.398956242017525796e-02	2.875962990081011236e-03	4.700493547865585708e-01	8.580193924173129538e-02	-3.034275940102594549e-02	-2.339148193314024172e-03
1.722585965398783835e-09	1.999088917532608534e+00	9.780974888767879349e+00	3.018006721390117941e-01	1.365754762753692772e-02	2.806689972691231178e-03	4.678132955460971854e-01	8.530400983987933283e-02	-3.017497522252400935e-02	-2.309865341859776953e-03
1.804186409392068039e-09	1.993125661900239542e+00	9.727510049908893563e+00	3.025542289640901772e-01	1.333926344259945586e-02	2.740715872385185263e-03	4.656721584781964851e-01	8.483157195954137142e-02	-3.000439160229720001e-02	-2.281282948316702437e-03
1.889652339691211477e-09	1.986902846705894454e+00	9.674395653402445561e+00	3.032655106461683570e-01	1.303425213704057298e-02	2.677908525017890819e-03	4.636242569512467049e-01	8.438419335874487726e-02	-2.983122319055062782e-02	-2.253397629682955382e-03
1.979166867853557524e-09	1.980432437732331907e+00	9.621655857791335364e+00	3.039348125932196942e-01	1.274206010245469006e-02	2.618138543395549366e-03	4.616678686038303558e-01	8.396143996935266640e-02	-2.965568158828261677e-02	-2.226205385620227354e-03
2.072921779595369695e-09	1.973726398261607118e+00	9.569314329067054814e+00	3.045624549270253834e-01	1.246224881013527873e-02	2.561282584507167722e-03	4.598012848351697990e-01	8.356288241452852761e-02	-2.947797489610722022e-02	-2.199701490232648833e-03
2.171117945694509622e-09	1.966950883334185773e+00	9.518527944016220488e+00	3.051363599461974219e-01	1.220015234018847344e-02	2.508381510655161017e-03	4.580609272077800775e-01	8.319606990245571876e-02	-2.930226583193030684e-02	-2.174439511535299161e-03
2.273965752357932151e-09	1.962268042993099870e+00	9.484716597622592005e+00	3.054950709021030386e-01	1.203114318882300866e-02	2.474506166520345704e-03	4.569464678223761900e-01	8.296474068002360203e-02	-2.918318335156741550e-02	-2.157899896006669049e-03
2.381685551976160644e-09	1.957498552143062120e+00	9.451672363599731952e+00	3.058179873955024219e-01	1.187123988092989718e-02	2.442745084277344724e-03	4.559049049035736045e-01	8.275334882748364151e-02	-2.906442946304046634e-02	-2.142025308999576019e-03
2.494508135230316413e-09	1.952614895881630952e+00	9.419321119634808781e+00	3.061027492226140456e-01	1.172017756681282413e-02	2.413069685360082813e-03	4.549373399102366600e-01	8.256281075384751256e-02	-2.894552830606375582e-02	-2.126796610023122969e-03
2.612675225563326382e-09	1.947602097391090137e+00	9.387604699147292564e+00	3.063484412496798037e-01	1.157762486474367934e-02	2.385421147656205821e-03	4.540432884041068484e-01	8.239336935324692579e-02	-2.882618907518307710e-02	-2.112189600688977285e-03
2.736439997074666368e-09	1.942451712475930181e+00	9.356475816830604586e+00	3.065548327556015806e-01	1.144321619475512086e-02	2.359724153043824251e-03	4.532214922299021564e-01	8.224494493989049915e-02	-2.870622130949889231e-02	-2.098179253796273423e-03
2.866067616948244470e-09	1.937159461841764685e+00	9.325895563923364051e+00	3.067220933031026830e-01	1.131658172821847427e-02	2.335897803304108102e-03	4.524703086938751673e-01	8.211728047641622674e-02	-2.858550039753802660e-02	-2.084741016832581968e-03
3.001835813575592210e-09	1.931723961504859588e+00	9.295831746857201594e+00	3.068506499419285660e-01	1.119738210831992820e-02	2.313865757441932545e-03	4.517880010583935624e-01	8.201002595220927005e-02	-2.846394869093457625e-02	-2.071851293058927807e-03
3.144035471591500167e-09	1.926145945339240217e+00	9.266257810371648418e+00	3.069411010372911641e-01	1.108527388044958269e-02	2.293548335734296988e-03	4.511726494043486468e-01	8.192275502291528066e-02	-2.834152391643417201e-02	-2.059487710473176855e-03
3.292971255097148186e-09	1.920427714290279475e+00	9.237151909345712397e+00	3.069941600362764977e-01	1.097994562306092367e-02	2.274872255830501580e-03	4.506223730856367959e-01	8.185501213447338165e-02	-2.821821041391277263e-02	-2.047629157900335631e-03
3.448962260405766611e-09	1.914572756942324983e+00	9.208496128459728425e+00	3.070106209901300454e-01	1.088110123774007655e-02	2.257766999876790765e-03	4.501352818776311326e-01	8.180631787865393079e-02	-2.809401354145790730e-02	-2.036255774850467912e-03
3.612342699709437910e-09	1.908585469965355497e+00	9.180276039587148773e+00	3.069913284339930160e-01	1.078845644331693360e-02	2.242164091366724999e-03	4.497094863526260311e-01	8.177617958345062554e-02	-2.796895499700219334e-02	-2.025348971058732288e-03
3.783462617131932968e-09	1.902470939018027662e+00	9.152480083425032831e+00	3.069371625550466054e-01	1.070175882056328097e-02	2.228002857865637662e-03	4.493432073690656336e-01	8.176411138414538260e-02	-2.784306954529806519e-02	-2.014891316156867170e-03
3.962688638701478467e-09	1.896234772388929679e+00	9.125099260242869548e+00	3.068490223899121294e-01	1.062076319808094062e-02	2.215223790277930874e-03	4.490346737721054859e-01	8.176962474928940738e-02	-2.771640207731283431e-02	-2.004866507417649244e-03
4.150404757850472502e-09	1.889882978472208430e+00	9.098126763810762796e+00	3.067278178882242301e-01	1.054524068912984260e-02	2.203771251710123433e-03	4.487821730940543263e-01	8.179223818204055252e-02	-2.758900594528494732e-02	-1.995259313769393375e-03
4.347013158125017173e-09	1.883421845006830297e+00	9.071557596648739619e+00	3.065744628641811076e-01	1.047498208018670697e-02	2.193594576997008865e-03	4.485840743726910995e-01	8.183148260042814870e-02	-2.746094075934880571e-02	-1.986055452775224456e-03
4.552935074866938773e-09	1.876857889455975315e+00	9.045388556970429761e+00	3.063898669261765906e-01	1.040978557888387439e-02	2.184644717125852967e-03	4.484387771846803372e-01	8.188689626946894784e-02	-2.733227160197978373e-02	-1.977241635300737172e-03
4.768611697714474181e-09	1.870197748079829081e+00	9.019617708282437363e+00	3.061749348934533765e-01	1.034946658918289852e-02	2.176876941735895327e-03	4.483447591313526881e-01	8.195803140678652177e-02	-2.720306723196646431e-02	-1.968805367321613351e-03
4.994505115855140358e-09	1.863448152010662717e+00	8.994244357076480512e+00	3.059305632187114821e-01	1.029384554329244861e-02	2.170247847078224553e-03	4.483005212782956717e-01	8.204444815354131060e-02	-2.707339972259738964e-02	-1.960734966781579273e-03
5.231099308056257792e-09	1.856615882739040435e+00	8.969268964738132510e+00	3.056576352690996701e-01	1.024278359076365684e-02	2.164724665055842677e-03	4.483047624263443720e-01	8.214573893739668398e-02	-2.694334352292938189e-02	-1.953019535660580844e-03
5.478901179593956120e-09	1.849707720134354583e+00	8.944692820079373163e+00	3.053570235181992665e-01	1.019610518066947115e-02	2.160264661863963223e-03	4.483560089310498764e-01	8.226147728339257281e-02	-2.681297484440003237e-02	-1.945648845291817353e-03
5.738441648302404521e-09	1.842730429913265633e+00	8.920518023547007402e+00	3.050295876360944458e-01	1.015367592578055381e-02	2.156836226038737290e-03	4.484529870883499636e-01	8.239126963546349047e-02	-2.668237121386408256e-02	-1.938613310137978938e-03
6.010276782070388176e-09	1.835690730654729874e+00	8.896747392943719746e+00	3.046761718808456143e-01	1.011536273944727525e-02	2.154407677613994973e-03	4.485944359378415958e-01	8.253472906632987327e-02	-2.655161085188141937e-02	-1.931903968003114954e-03
6.294988990221888141e-09	1.828595270485756874e+00	8.873384184564747201e+00	3.042976104046292152e-01	1.008104141404466553e-02	2.152950133717402865e-03	4.487791385632186603e-01	8.269147978754580464e-02	-2.642077266780889014e-02	-1.925512367595877449e-03
6.593188271333541710e-09	1.821450631615917137e+00	8.850432332388178835e+00	3.038947194605166047e-01	1.005059284706797534e-02	2.152435524084984463e-03	4.490059114531361750e-01	8.286115547243681767e-02	-2.628993569158172630e-02	-1.919430648351711909e-03
6.905513520162316861e-09	1.814263291676983636e+00	8.827895994426107507e+00	3.034683061703747908e-01	1.002390988336772024e-02	2.152839301969372825e-03	4.492736288347370932e-01	8.304340188125410027e-02	-2.615917895093196680e-02	-1.913651358634729490e-03
7.232633896483518810e-09	1.807039641680410202e+00	8.805779842440696115e+00	3.030191612327879924e-01	1.000088968824071334e-02	2.154137793643627792e-03	4.495811933496536850e-01	8.323787339918650718e-02	-2.602858133584989159e-02	-1.908167571499811126e-03
7.575250258771920716e-09	1.799785939265665213e+00	8.784088636103414061e+00	3.025480653918232732e-01	9.981429964697590904e-03	2.156307480454630176e-03	4.499275124590330077e-01	8.344422843742396734e-02	-2.589822106298466167e-02	-1.902972704182682604e-03
7.934096665797492339e-09	1.792508356735322161e+00	8.762827547951632212e+00	3.020557859718879801e-01	9.965450879206482621e-03	2.159330889188058357e-03	4.503116045463169126e-01	8.366214476184354043e-02	-2.576817622527951407e-02	-1.898060633220250131e-03
8.309941949353386453e-09	1.785212924161381887e+00	8.742001781243008196e+00	3.015430801462675170e-01	9.952843712530010101e-03	2.163182569274745871e-03	4.507323552103152942e-01	8.389128462837044942e-02	-2.563852395190907921e-02	-1.893425545572767965e-03
8.703591361485183753e-09	1.777905555984010899e+00	8.721616718726380668e+00	3.010106939393147885e-01	9.943551159126371927e-03	2.167850943731289975e-03	4.511888941271062214e-01	8.413134688592306676e-02	-2.550934074762517892e-02	-1.889061986030689862e-03
9.115888299750837812e-09	1.770592046059837887e+00	8.701677847235103513e+00	3.004593636578296034e-01	9.937484733062084893e-03	2.173316002651806082e-03	4.516802072370658672e-01	8.438201335629723354e-02	-2.538070235454006549e-02	-1.884964817064338537e-03
9.547716114208065503e-09	1.763278051921694400e+00	8.682190660031075424e+00	2.998898162509395227e-01	9.934578835486519710e-03	2.179563797799461290e-03	4.522053890554471600e-01	8.464298282570557885e-02	-2.525268348759371340e-02	-1.881129172179804099e-03
1.000000000000000021e-08	1.755969098759232905e+00	8.663160685865342714e+00	2.993027686200673831e-01	9.934759267244578501e-03	2.186577796808375235e-03	4.527634965744365414e-01	8.491395085288180877e-02	-2.512535766611533744e-02	-1.877550465427277196e-03
