# Pressure Mass Radius Compactness k2 k3 h2 h3 j2 j3
9.999999999999999799e-13	8.626836280905711418e-02	1.755083683659528404e+01	7.258116961385548647e-03	1.999642423710949052e-02	5.229199128061693541e-03	1.019016779612561097e+00	3.273353346950382825e-01	-1.861482525100036230e-04	-3.588413169894370613e-05
1.047370897959448749e-12	8.726316464173308751e-02	1.718151138355527152e+01	7.499629862061641533e-03	2.043163313274124968e-02	5.359927622730542920e-03	1.019210046767925926e+00	3.270864154655157563e-01	-1.953630939673052026e-04	-3.766593283392392200e-05
1.096985797892381920e-12	8.843029049145990916e-02	1.681105437627875787e+01	7.767411859141663301e-03	2.095981206316883255e-02	5.452783157668522444e-03	1.019518411459559459e+00	3.268177772812211890e-01	-2.060894835965350889e-04	-3.974663156382781477e-05
1.148951000187311009e-12	8.978028026772323644e-02	1.644298815402721203e+01	8.062513371742836485e-03	2.158994036768858635e-02	5.571049817931682246e-03	1.019957857605202634e+00	3.265295513524787419e-01	-2.185067494076363816e-04	-4.216328961088121856e-05
1.203377840777590522e-12	9.132022954930588132e-02	1.608090380767649918e+01	8.385457756507412944e-03	2.232981354980916738e-02	5.751607454443107004e-03	1.020543993600643073e+00	3.262224242355833415e-01	-2.327903129840293989e-04	-4.495291079845602298e-05
1.260382929679727463e-12	9.305345344259696727e-02	1.572819744377212281e+01	8.736224344513017839e-03	2.318566004952209159e-02	5.948534510306048399e-03	1.021290010233725454e+00	3.258976127762088781e-01	-2.491069501124797635e-04	-4.815162566158473620e-05
1.320088400831416649e-12	9.498085294886439434e-02	1.538766236877115468e+01	9.114516841916072906e-03	2.416254892390715808e-02	6.131785688265450548e-03	1.022208025327475012e+00	3.255565963372787364e-01	-2.676233178747928760e-04	-5.179651785229793230e-05
1.382622173764653478e-12	9.710167726636612096e-02	1.506141182029024073e+01	9.519875816872741883e-03	2.526455693964057073e-02	6.383153730476828248e-03	1.023309261086490229e+00	3.252010031664761547e-01	-2.885087158869569565e-04	-5.592632585315835943e-05
1.448118227674535917e-12	9.941394668338988938e-02	1.475091977968747337e+01	9.951726896920953455e-03	2.649475769919131321e-02	6.656121891304371541e-03	1.024602669758950979e+00	3.248325644700381098e-01	-3.119349266007626293e-04	-6.058158482062457319e-05
1.516716888470924089e-12	1.019148491174177162e-01	1.445708808787509980e+01	1.040942819337635494e-02	2.785520590301167332e-02	6.951217556037819073e-03	1.026095542649759551e+00	3.244530537171772533e-01	-3.380760025179840650e-04	-6.580473338924872637e-05
1.588565129428052692e-12	1.046011074086442560e-01	1.418032924219603963e+01	1.089231526378605340e-02	2.934695458118076125e-02	7.279354661735026183e-03	1.027793410081760062e+00	3.240642358798347944e-01	-3.671081792285139163e-04	-7.164024211570191607e-05
1.663816886076127415e-12	1.074693153990878558e-01	1.392065480831115565e+01	1.139974280200876065e-02	3.097007242450959194e-02	7.650968376595396539e-03	1.029699953903054910e+00	3.236678124653682431e-01	-3.992100538500646472e-04	-7.813475788274951291e-05
1.742633386009647278e-12	1.105162426076463367e-01	1.367776195564156616e+01	1.193112250790537288e-02	3.272370762214400070e-02	8.040256513272109676e-03	1.031816451121130962e+00	3.232653789734846184e-01	-4.345631044050784477e-04	-8.533730003768950380e-05
1.825183494319046040e-12	1.137391107505457688e-01	1.345111297106967818e+01	1.248595724066533554e-02	3.460616866771458466e-02	8.470909175107024791e-03	1.034142757163934112e+00	3.228583819927368648e-01	-4.733527382821642619e-04	-9.329954041950552139e-05
1.911644075385703708e-12	1.171358465662742238e-01	1.324000499479012838e+01	1.306387170523510936e-02	3.661505121727531148e-02	8.929972068413628492e-03	1.036676630812230160e+00	3.224480861797021092e-01	-5.157699053496971357e-04	-1.020761762697019223e-04
2.002200371815584363e-12	1.207053167373562247e-01	1.304362889461558694e+01	1.366464019938058369e-02	3.874737952485651088e-02	9.427474824434687109e-03	1.039414528526930726e+00	3.220355483716610956e-01	-5.620134078258655136e-04	-1.117254286411761203e-04
2.097046401323230665e-12	1.244475514805857136e-01	1.286111739259966491e+01	1.428821211541197143e-02	4.099978775219333127e-02	9.961258403541575768e-03	1.042351575358023252e+00	3.216215994424387326e-01	-6.122929659961724421e-04	-1.223097141372987457e-04
2.196385372416542332e-12	1.283639631192935171e-01	1.269158333926538162e+01	1.493473586835716849e-02	4.336870174703007924e-02	1.052855778701095209e-02	1.045481953955475163e+00	3.212068309273700129e-01	-6.668331060196589031e-04	-1.338964802800681776e-04
2.300430119772921506e-12	1.324575649468787697e-01	1.253414948683131946e+01	1.560458172121586412e-02	4.585057064540395966e-02	1.113250123731336985e-02	1.048799417427014324e+00	3.207915937349485880e-01	-7.258779109994578259e-04	-1.465592637500426571e-04
2.409403560239526876e-12	1.367331990478518611e-01	1.238797094422461953e+01	1.629836470791995798e-02	4.844206115055435524e-02	1.177336603702675184e-02	1.052297607183017680e+00	3.203759928185093142e-01	-7.896967505923786117e-04	-1.603789906688145349e-04
2.523539170434765862e-12	1.411977405909324856e-01	1.225225288391139777e+01	1.701696205144953913e-02	5.114027758021363196e-02	1.245341679041900296e-02	1.055970445882854714e+00	3.199599020327605903e-01	-8.585904265190440459e-04	-1.754454272780345259e-04
2.643081486974102692e-12	1.458595871502487984e-01	1.212627839228466442e+01	1.776141985732640483e-02	5.394248085773480084e-02	1.316991617953263728e-02	1.059811828286824964e+00	3.195430261492432922e-01	-9.328865629269539241e-04	-1.918562839122209501e-04
2.768286630392061017e-12	1.507276415600688757e-01	1.200942455035250411e+01	1.853279580889509101e-02	5.684547346656954048e-02	1.392661249114702550e-02	1.063814882397104089e+00	3.191249832389754792e-01	-1.012925404580325211e-03	-2.097141081704842936e-04
2.899422853882880921e-12	1.558111129656320759e-01	1.190114691241514677e+01	1.933213630111497300e-02	5.984544372220973463e-02	1.472173109136709450e-02	1.067971555544060980e+00	3.187052927566905169e-01	-1.099056499741226647e-03	-2.291253935033846342e-04
3.036771118035460378e-12	1.611194545091984287e-01	1.180096498456248000e+01	2.016047202236058433e-02	6.293794808799574314e-02	1.555609767795289138e-02	1.072272711392842748e+00	3.182833609390344209e-01	-1.191637017073633471e-03	-2.502000030666850995e-04
3.180625692794118977e-12	1.666622982217430549e-01	1.170845081811024890e+01	2.101881198192893582e-02	6.611785212022706915e-02	1.642993432901992609e-02	1.076707941850677308e+00	3.178584650907724796e-01	-1.291029716622728784e-03	-2.730504223974863421e-04
3.331294787934670055e-12	1.724493865291014671e-01	1.162321970257791470e+01	2.190813668576283013e-02	6.937932734514216937e-02	1.734151164446747981e-02	1.081265562761679178e+00	3.174297390889149750e-01	-1.397600601721882751e-03	-2.977908910172320355e-04
3.489101213406766494e-12	1.784904994340015261e-01	1.154492241737518654e+01	2.282939071900683473e-02	7.271584618343987505e-02	1.829117833435622495e-02	1.085932661819617451e+00	3.169961686652881250e-01	-1.511716236497129794e-03	-3.245363790460520305e-04
3.654383070957261569e-12	1.847953767900812061e-01	1.147323869735776114e+01	2.378347490171111092e-02	7.612013539881358481e-02	1.927677197158515765e-02	1.090694932948045093e+00	3.165565731819965367e-01	-1.633740753836573304e-03	-3.534014202338042298e-04
3.827494478516314936e-12	1.913736341593797741e-01	1.140787169287846581e+01	2.477123795740394929e-02	7.958421822707838211e-02	2.029681058111933861e-02	1.095536813653493313e+00	3.161096087937319554e-01	-1.764032516656373947e-03	-3.844987953272106557e-04
4.008806328898464320e-12	1.982346719995544682e-01	1.134854322840563512e+01	2.579346783305127774e-02	8.309939653653353187e-02	2.134963453471138903e-02	1.100441427829321528e+00	3.156537587655524058e-01	-1.902940467729238470e-03	-4.179380906095108567e-04
4.198707084443905621e-12	2.053875772993204174e-01	1.129498974278570600e+01	2.685088263449476528e-02	8.665627845004664209e-02	2.243246501709181620e-02	1.105390622934996347e+00	3.151873355227983176e-01	-2.050800151231558285e-03	-4.538241121576948854e-04
4.397603609302712498e-12	2.128410169759192838e-01	1.124695879385664554e+01	2.794412120840751232e-02	9.024479549502904818e-02	2.354264529441941339e-02	1.110365011320114892e+00	3.147084821667828214e-01	-2.207929419359070441e-03	-4.922551803230924318e-04
4.605922041145112927e-12	2.206031230744135152e-01	1.120420604013128418e+01	2.907373347018494744e-02	9.385421938323516844e-02	2.467682243939791492e-02	1.115343984780554853e+00	3.142151776357440807e-01	-2.374623863989199380e-03	-5.333213351138949791e-04
4.824108704165373984e-12	2.286813681490628691e-01	1.116649265543932934e+01	3.024017027591227938e-02	9.747324880881402809e-02	2.583145170952646022e-02	1.120305883676300462e+00	3.137052518927287426e-01	-2.551151919316040160e-03	-5.771024253848012955e-04
5.052631065335679604e-12	2.370824329641736394e-01	1.113358307140326708e+01	3.144377330177521718e-02	1.010899939778607676e-01	2.700238969552547566e-02	1.125227937080928831e+00	3.131763914449801067e-01	-2.737749792383910481e-03	-6.236661671921999057e-04
5.291978735958436557e-12	2.458120534960128722e-01	1.110524309270698495e+01	3.268476300405557394e-02	1.046920665449881799e-01	2.818538572497869196e-02	1.130086444613432661e+00	3.126261633841741494e-01	-2.934615877906408387e-03	-6.730660789165496694e-04
5.542664520663095602e-12	2.548749695803292359e-01	1.108123865178361456e+01	3.396323998007971107e-02	1.082666674080544206e-01	2.937570486326647468e-02	1.134856900396247426e+00	3.120520286511776487e-01	-3.141907517147299583e-03	-7.253400386489266063e-04
5.805225516094907684e-12	2.642756984226214967e-01	1.106133562336802179e+01	3.527929471615098150e-02	1.118011027826903564e-01	3.056859242814427211e-02	1.139514813906814084e+00	3.114513315744391053e-01	-3.359757201287526251e-03	-7.805138355007231171e-04
6.080224261649427052e-12	2.740189137047397416e-01	1.104530241788477163e+01	3.663305720087145501e-02	1.152830394780114120e-01	3.175919003305965882e-02	1.144036128884216463e+00	3.108213083901577578e-01	-3.588281223559646946e-03	-8.386029804904048283e-04
6.368249944718585906e-12	2.841094512535741745e-01	1.103291258185084622e+01	3.802469500148730058e-02	1.187005832083215806e-01	3.294263972210420555e-02	1.148397388617588222e+00	3.101591177427167056e-01	-3.827580271319236307e-03	-8.996125683386503851e-04
6.669919663030115058e-12	2.945523106189588125e-01	1.102394655996238626e+01	3.945441148401988146e-02	1.220423616249527859e-01	3.411410123357657559e-02	1.152575915412296537e+00	3.094618716086199317e-01	-4.077740037912787330e-03	-9.635371952716481224e-04
6.985879746785234820e-12	3.053526567676915215e-01	1.101819288967673671e+01	4.092244436672719254e-02	1.252975458759520433e-01	3.526884513614678834e-02	1.156549860992069689e+00	3.087266582446172580e-01	-4.338831907254222728e-03	-1.030360945139370326e-03
7.316807143427207274e-12	3.165158217185540246e-01	1.101544898304628539e+01	4.242906443487080848e-02	1.284559215273114174e-01	3.640225690967825029e-02	1.160298362795534999e+00	3.079505703119337912e-01	-4.610913697878082917e-03	-1.100057437727858288e-03
7.663410868007462274e-12	3.280473057828806605e-01	1.101552160025237903e+01	4.397457429834077808e-02	1.315079233285357529e-01	3.750982120780053941e-02	1.163801625026429143e+00	3.071307272030496249e-01	-4.894030435549034073e-03	-1.172589929378844856e-03
8.026433522257174683e-12	3.399527780453017178e-01	1.101822708954651731e+01	4.555930710777219422e-02	1.344446219091692263e-01	3.858720673767587761e-02	1.167040898373967295e+00	3.062642927192265607e-01	-5.188215127751086113e-03	-1.247911455834636949e-03
8.406652885618316356e-12	3.522380765507886480e-01	1.102339145248068419e+01	4.718362526251539818e-02	1.372577999624546852e-01	3.963028215658135484e-02	1.169998656949520432e+00	3.053485005457363677e-01	-5.493489544915186595e-03	-1.325965016693272762e-03
8.804883581643446547e-12	3.649092075109668376e-01	1.103085027499478343e+01	4.884791901939383035e-02	1.399399272471346933e-01	4.063513146953872529e-02	1.172658554586467394e+00	3.043806682503503169e-01	-5.809864974022681608e-03	-1.406683789271263949e-03
9.221978823334340144e-12	3.779723438965878479e-01	1.104044856173676870e+01	5.055260503181585596e-02	1.424841800659245594e-01	4.159804812685014008e-02	1.175005480617497877e+00	3.033582137102306953e-01	-6.137342949438176140e-03	-1.489991371409324274e-03
9.658832241158709141e-12	3.914338230573810584e-01	1.105204049730328286e+01	5.229812478057741659e-02	1.448844432794223203e-01	4.251559050724346839e-02	1.177025580350763656e+00	3.022786704566247651e-01	-6.475915942315518641e-03	-1.575802045612862941e-03
1.011637979766206976e-11	4.053001432700341078e-01	1.106548915729268678e+01	5.408494287385413879e-02	1.471353092478878133e-01	4.338456487741144257e-02	1.178706268500302246e+00	3.011397003159042018e-01	-6.825567995332339384e-03	-1.664021058751116505e-03
1.059560179277614774e-11	4.195779592286004722e-01	1.108066618373693757e+01	5.591354522702751684e-02	1.492320635997392564e-01	4.420205403465844035e-02	1.180036215928809806e+00	2.999391036961633894e-01	-7.186275306992359266e-03	-1.754544918012343035e-03
1.109752496412069864e-11	4.342740877380121267e-01	1.109745145160367308e+01	5.778443855052169814e-02	1.511706957479281577e-01	4.496540995885113523e-02	1.181005388812387480e+00	2.986748312017598606e-01	-7.558007039621822583e-03	-1.847261768616884764e-03
1.162322468679854125e-11	4.493957045407313555e-01	1.111573287994986181e+01	5.969817437853331549e-02	1.529478759363049334e-01	4.567228024257543456e-02	1.181604972508188522e+00	2.973449700855717581e-01	-7.940730914055933384e-03	-1.942052973144797702e-03
1.217382727739662020e-11	4.649501285456903998e-01	1.113540544203825711e+01	6.165532235781891884e-02	1.545609011645775743e-01	4.632058192492154863e-02	1.181827316200556366e+00	2.959477640294790324e-01	-8.334408213822745715e-03	-2.038792050295328440e-03
1.275051240713012859e-11	4.809444585984636866e-01	1.115636989013174940e+01	6.365642657100853419e-02	1.560076171871877804e-01	4.690849444343990482e-02	1.181665846848382939e+00	2.944816452390627282e-01	-8.738984945795950227e-03	-2.137342749272287418e-03
1.335451562929897339e-11	4.973855276301138995e-01	1.117853203809422702e+01	6.570200208540208364e-02	1.572863893307631933e-01	4.743445086817103112e-02	1.181115016221468084e+00	2.929452385086107058e-01	-9.154391023710619843e-03	-2.237559192974865330e-03
1.398713102647241439e-11	5.142798676905622202e-01	1.120180218072544598e+01	6.779253275106233989e-02	1.583961014240236054e-01	4.789715353422707711e-02	1.180170310673433143e+00	2.913373683780409729e-01	-9.580539752211434529e-03	-2.339286146354064167e-03
1.464971398307287854e-11	5.316336729988638821e-01	1.122609459459802572e+01	6.992846874945081448e-02	1.593361350133392362e-01	4.829556779806756101e-02	1.178828216242341353e+00	2.896570632572161297e-01	-1.001732727489149100e-02	-2.442359322912486096e-03
1.534368408930013065e-11	5.494527614581364849e-01	1.125132710357477706e+01	7.211022399031462304e-02	1.601063549054611013e-01	4.862891986874092604e-02	1.177086198898935399e+00	2.879035577901699061e-01	-1.046463200744092610e-02	-2.546605736532345926e-03
1.607052818261638620e-11	5.677425346865609956e-01	1.127742069732328467e+01	7.433817338591940105e-02	1.607070800185621540e-01	4.889669690067774410e-02	1.174942651131853255e+00	2.860762947001339040e-01	-1.092231405506293232e-02	-2.651844097186992384e-03
1.683180353330955093e-11	5.865079367056579285e-01	1.130429919457638732e+01	7.661265003210668278e-02	1.611390952797590592e-01	4.909864745907362160e-02	1.172396934414573932e+00	2.841749310152784092e-01	-1.139021462315382635e-02	-2.757885252920224978e-03
1.762914118095944293e-11	6.057534116146529035e-01	1.133188894543564373e+01	7.893394233993489273e-02	1.614036134736310246e-01	4.923477242875690107e-02	1.169449305695391850e+00	2.821993353551131012e-01	-1.186815543333083652e-02	-2.864532679937980848e-03
1.846424942895546448e-11	6.254828600959840834e-01	1.136011857043144246e+01	8.130229107826213164e-02	1.615022689248904464e-01	4.930532451523699650e-02	1.166100918553375276e+00	2.801495916902880801e-01	-1.235593813253976596e-02	-2.971583017100723912e-03
1.933891750455232057e-11	6.456995947817921744e-01	1.138891871754835705e+01	8.371788643328446911e-02	1.614370812703757041e-01	4.931079495963001935e-02	1.162353753558761582e+00	2.780259941864142714e-01	-1.285334372829274527e-02	-3.078826651589025142e-03
2.025501939230666486e-11	6.664062962175170135e-01	1.141822187172990155e+01	8.618086503547259247e-02	1.612104672715709286e-01	4.925191365006879179e-02	1.158210663236180826e+00	2.758290527488359567e-01	-1.336013205107612796e-02	-3.186048354280646405e-03
2.121451784910627571e-11	6.876049664729217969e-01	1.144796215948095330e+01	8.869130695014937338e-02	1.608251858814046809e-01	4.912963222980547273e-02	1.153675257950214750e+00	2.735594833648807844e-01	-1.387604121427669229e-02	-3.293027954850474750e-03
2.221946860939528424e-11	7.092968843754504649e-01	1.147807520234251655e+01	9.124923273122251266e-02	1.602843780043909649e-01	4.894512791062761992e-02	1.148752019484393649e+00	2.712182175697965825e-01	-1.440078714876717736e-02	-3.399541074526221413e-03
2.327202478960412005e-11	7.314825522192891505e-01	1.150849794657492531e+01	9.385459975762489027e-02	1.595915029490069248e-01	4.869978219344724829e-02	1.143446167475071773e+00	2.688063903894553075e-01	-1.493406297914803317e-02	-3.505359859416919133e-03
2.437444150122221807e-11	7.541613821424547615e-01	1.153916818923681831e+01	9.650726802421016881e-02	1.587503182096414722e-01	4.839517304978677853e-02	1.137763670132462490e+00	2.663253648326028289e-01	-1.547553224012237702e-02	-3.610252579647984118e-03
2.552908068239516723e-11	7.773314333876663040e-01	1.157002407941926769e+01	9.920697378664744548e-02	1.577649207652520036e-01	4.803307696869749815e-02	1.131711392720386788e+00	2.637767575700206701e-01	-1.602482353106774934e-02	-3.713983691452421056e-03
2.673841615839943880e-11	8.009896011326915755e-01	1.160100423748946064e+01	1.019533563426233413e-01	1.566396860129126156e-01	4.761544807326180406e-02	1.125296923627521428e+00	2.611623999922853545e-01	-1.658153602461679213e-02	-3.816316046096112323e-03
2.800503894183625342e-11	8.251315911507369760e-01	1.163204768533184641e+01	1.047459587004876819e-01	1.553792531335425886e-01	4.714440579411314364e-02	1.118528551261606774e+00	2.584843293349453064e-01	-1.714523984145091898e-02	-3.917012065195706570e-03
2.933166278390048099e-11	8.497518752003375697e-01	1.166309375040378704e+01	1.075842260852077348e-01	1.539885205726063688e-01	4.662222440177684474e-02	1.111415270380075038e+00	2.557447830693888036e-01	-1.771547604955421573e-02	-4.015834847492372531e-03
3.072112998861759207e-11	8.748436508318627736e-01	1.169408203431998494e+01	1.104675044896917951e-01	1.524726091949936135e-01	4.605131462318413221e-02	1.103966707809351799e+00	2.529461862848564890e-01	-1.829175682270763048e-02	-4.112549320011256275e-03
3.217641750250735458e-11	9.003988048779584252e-01	1.172495236659227480e+01	1.133950398237743434e-01	1.508368613261419633e-01	4.543421293044777598e-02	1.096193138094255559e+00	2.500911454244027499e-01	-1.887356579191973999e-02	-4.206923413257066154e-03
3.370064329271925032e-11	9.264078811926182988e-01	1.175564484306748803e+01	1.163659767467804806e-01	1.490868158537211885e-01	4.477356476397896523e-02	1.088105439894594406e+00	2.471824369432377155e-01	-1.946035849362839215e-02	-4.298729258602523341e-03
3.529707302730657668e-11	9.528600525331268889e-01	1.178609979919898976e+01	1.193793585285430892e-01	1.472281891246036978e-01	4.407211072182910805e-02	1.079715065951344366e+00	2.442229972124280724e-01	-2.005156304723025931e-02	-4.387744382927085719e-03
3.696912707195032437e-11	9.797430990415771923e-01	1.181625788005438515e+01	1.224341266472420420e-01	1.452668575872936851e-01	4.333266973749007323e-02	1.071034018298969714e+00	2.412159100148502933e-01	-2.064658098604272782e-02	-4.473752920343414437e-03
3.872038781812557004e-11	1.007043391804690602e+00	1.184606005217367120e+01	1.255291213881604973e-01	1.432088415264209935e-01	4.255812509651096809e-02	1.062074825669919953e+00	2.381643957837975278e-01	-2.124478831756854841e-02	-4.556546799772756562e-03
4.055460735840827506e-11	1.034745881686975011e+00	1.187544768960466968e+01	1.286630821018842907e-01	1.410602704806955821e-01	4.175140631707820182e-02	1.052850472970855433e+00	2.350717966465899200e-01	-2.184553667128847146e-02	-4.635926912953159534e-03
4.247571552536894126e-11	1.062834095817110525e+00	1.190436262766493236e+01	1.318346484465870716e-01	1.388273917350821562e-01	4.091547863287745002e-02	1.043374443854375944e+00	2.319415681646841143e-01	-2.244815472032751086e-02	-4.711704250289512792e-03
4.448782831127576069e-11	1.091290140354040483e+00	1.193274724545103993e+01	1.350423617767380624e-01	1.365165136327658735e-01	4.005332141677372254e-02	1.033660589790085682e+00	2.287772595676866305e-01	-2.305194975360799065e-02	-4.783700994966933601e-03
4.659525668664686662e-11	1.120094710452180342e+00	1.196054454883437757e+01	1.382846670439985548e-01	1.341340088229208138e-01	3.916791768235917265e-02	1.023723157728515520e+00	2.255825044069943164e-01	-2.365620943216473204e-02	-4.851751557472735142e-03
4.880251583654433574e-11	1.149227107860976371e+00	1.198769826658591064e+01	1.415599150875525014e-01	1.316862857411351950e-01	3.826223783364908482e-02	1.013576732473691067e+00	2.223610047880376361e-01	-2.426020373084834814e-02	-4.915703549415676582e-03
5.111433483440165318e-11	1.178665343538118693e+00	1.201415302267143126e+01	1.448663740168099068e-01	1.291797488719237663e-01	3.733922142579378795e-02	1.003236136957495583e+00	2.191165067186382209e-01	-2.486318861903837746e-02	-4.975418829356622989e-03
5.353566677410718816e-11	1.208386832984837067e+00	1.203985512205692920e+01	1.482023050416875209e-01	1.266207494948734247e-01	3.640174809423980112e-02	9.927162388577757124e-01	2.158527202902598974e-01	-2.546442177638283400e-02	-5.030775516301506239e-03
5.607169938205469661e-11	1.238368500077348333e+00	1.206475299033832549e+01	1.515659677353261292e-01	1.240155515447592255e-01	3.545262287576125826e-02	9.820318712792134308e-01	2.125733041645151422e-01	-2.606316594022325614e-02	-5.081668472311159923e-03
5.872786613189488850e-11	1.268586639775744374e+00	1.208879730004324315e+01	1.549555988377169236e-01	1.213703569938380522e-01	3.449457689421428497e-02	9.711979453470003243e-01	2.092818838964644879e-01	-2.665868731429613114e-02	-5.128009248132944960e-03
6.150985788580503926e-11	1.299016956319704263e+00	1.211194112894697916e+01	1.583694118448898402e-01	1.186912748751126068e-01	3.353025619210871222e-02	9.602293827467276444e-01	2.059820423379240262e-01	-2.725025748795861444e-02	-5.169726284133726452e-03
6.442363508721370414e-11	1.329634602645429986e+00	1.213414007331388866e+01	1.618055968461264704e-01	1.159843177712032575e-01	3.256221513048723759e-02	9.491411239020027812e-01	2.026773143280413969e-01	-2.783715523750668677e-02	-5.206764998052469673e-03
6.747544053110686101e-11	1.360414222432720255e+00	1.215535232725962267e+01	1.652623207169804098e-01	1.132553745983968796e-01	3.159290758057623633e-02	9.379480660239873924e-01	1.993711779162395670e-01	-2.841866829602137864e-02	-5.239087774456811959e-03
7.067181273927477085e-11	1.391329995314206869e+00	1.217553873703063694e+01	1.687377276798854020e-01	1.105101957363847920e-01	3.062468060200156106e-02	9.266650334361629104e-01	1.960670475023607862e-01	-2.899409511508584114e-02	-5.266673863374911856e-03
7.401959996915652408e-11	1.422355685053972030e+00	1.219466284153318192e+01	1.722299401036998245e-01	1.077543829439261414e-01	2.965976935085927468e-02	9.153067597812643008e-01	1.927682676262587880e-01	-2.956274659268128338e-02	-5.289519187267594999e-03
7.752597488629464062e-11	1.453464690671516957e+00	1.221269089859367973e+01	1.757370595827870696e-01	1.049933585087444304e-01	2.870028956285013838e-02	9.038878053749320740e-01	1.894781029427423658e-01	-3.012394777869502674e-02	-5.307636061324532382e-03
8.119844993184008328e-11	1.484630100666382679e+00	1.222959190307857646e+01	1.792571682631397822e-01	1.022323627046894390e-01	2.774823552441409852e-02	8.924225554491119761e-01	1.861997339874737478e-01	-3.067703955040614744e-02	-5.321052829237077168e-03
8.504489341802668113e-11	1.515824748592714988e+00	1.224533760204958099e+01	1.827883301555332796e-01	9.947644671593476595e-02	2.680547797124061341e-02	8.809252036263305330e-01	1.829362524143370028e-01	-3.122138017906985960e-02	-5.329813411503622929e-03
8.907354638610458163e-11	1.547021274896454246e+00	1.225990248738815680e+01	1.863285933463355581e-01	9.673044336547242938e-02	2.587375884006539936e-02	8.694096635078746305e-01	1.796906511063808276e-01	-3.175634704362036154e-02	-5.333976791183368642e-03
9.329304026284695888e-11	1.578192187792899492e+00	1.227326379952352475e+01	1.898759917715204248e-01	9.399895750909020853e-02	2.495468894992802431e-02	8.578895365618809388e-01	1.764658174825908532e-01	-3.228133813251523460e-02	-5.333616417767624539e-03
9.771241535346501225e-11	1.609309923123783070e+00	1.228540153268599333e+01	1.934285466966108868e-01	9.128637623717089644e-02	2.404975215169993449e-02	8.463781407005080970e-01	1.732645349651349975e-01	-3.279577329325306101e-02	-5.328819514163292068e-03
1.023411402105452712e-10	1.640346920198105796e+00	1.229629838890599736e+01	1.969842708068795245e-01	8.859684494614149253e-02	2.316030142903522174e-02	8.348884276377923630e-01	1.700894720973779584e-01	-3.329909620763903122e-02	-5.319686404129326043e-03
1.071891319205126445e-10	1.671275677509650226e+00	1.230593979928763559e+01	2.005411687508533713e-01	8.593426558867577059e-02	2.228756137507816038e-02	8.234329694890621942e-01	1.669431815328429047e-01	-3.379077512311694231e-02	-5.306329664729755001e-03
1.122667773510811312e-10	1.702068256451131356e+00	1.231431365921492471e+01	2.040971761196221090e-01	8.330233444415054145e-02	2.143264356130153425e-02	8.120241215688766001e-01	1.638281499331671331e-01	-3.427029575025237335e-02	-5.288873662693918329e-03
1.175849554052158201e-10	1.732694424873028494e+00	1.232140921337234651e+01	2.076499503601310637e-01	8.070468687206244773e-02	2.059659582625983712e-02	8.006746579004589970e-01	1.607469737732407089e-01	-3.473713172580421282e-02	-5.267454636181226162e-03
1.231550603292826197e-10	1.763122099942889376e+00	1.232721602957065876e+01	2.111969379661093604e-01	7.814476880145733440e-02	1.978037117673001055e-02	7.893972955257231305e-01	1.577022717074247626e-01	-3.519075307059354313e-02	-5.242219813334392242e-03
1.289890261253308184e-10	1.793317676611319245e+00	1.233172364042753877e+01	2.147354174937076698e-01	7.562582643543815097e-02	1.898482164712493939e-02	7.782046162190824345e-01	1.546966448052642107e-01	-3.563063084281252457e-02	-5.213326293588919566e-03
1.350993521198024986e-10	1.823246268110995993e+00	1.233492129914239577e+01	2.182625302029596315e-01	7.315085084573248742e-02	1.821068717004907869e-02	7.671088415603258825e-01	1.517326362332872269e-01	-3.605624323435970696e-02	-5.180940410379605496e-03
1.414991297434578731e-10	1.852871922668266169e+00	1.233679801737929971e+01	2.217753028565985773e-01	7.072258635023109807e-02	1.745859696705735764e-02	7.561218239181700662e-01	1.488127132033827404e-01	-3.646707944486930059e-02	-5.145236780941195472e-03
1.482020705798860072e-10	1.882157878741031798e+00	1.233734262965869810e+01	2.252706743012863888e-01	6.834351670631326481e-02	1.672906784795697571e-02	7.452549579998003493e-01	1.459392427927285463e-01	-3.686264501369753560e-02	-5.106397399862374481e-03
1.552225357427047968e-10	1.911066830849823317e+00	1.233654391319604926e+01	2.287455219474776869e-01	6.601585168421496286e-02	1.602250379957527796e-02	7.345190899544435936e-01	1.431144699633551121e-01	-3.724246725708302286e-02	-5.064610662447869768e-03
1.625755666443793407e-10	1.939561180434594245e+00	1.233439078626641994e+01	2.321966846020638853e-01	6.374154114862698450e-02	1.533920042190918369e-02	7.239245239663193443e-01	1.403405053297168414e-01	-3.760609954939521382e-02	-5.020070225517787345e-03
1.702769172225897821e-10	1.967603302405878773e+00	1.233087249403570240e+01	2.356209869691204273e-01	6.152226369770915498e-02	1.467934633235202894e-02	7.134809368053597334e-01	1.376193078909595524e-01	-3.795312621777748030e-02	-4.972973892161370278e-03
1.783430876931905687e-10	1.995155801844549659e+00	1.232597882499612751e+01	2.390152620119787019e-01	5.935944344705704201e-02	1.404302960704986898e-02	7.031973932217508994e-01	1.349526773857429585e-01	-3.828316673952159715e-02	-4.923522423758143647e-03
1.867913599020784805e-10	2.022181764047651598e+00	1.231970033013923427e+01	2.423763721105445801e-01	5.725424898196208867e-02	1.343024185179894463e-02	6.930822978510011723e-01	1.323422441218386481e-01	-3.859587954887166300e-02	-4.871918334186582308e-03
1.956398343517064725e-10	2.048644998646766080e+00	1.231202854646460310e+01	2.457012291278158622e-01	5.520759551569953683e-02	1.284088286626157774e-02	6.831433575494171295e-01	1.297894607869382599e-01	-3.889096548979997098e-02	-4.818364692008962613e-03
2.049074689815846066e-10	2.074510267571140432e+00	1.230295621427083042e+01	2.489868124283464712e-01	5.322017912855825372e-02	1.227477205038512292e-02	6.733876658363040502e-01	1.272956074993367437e-01	-3.916817057045800243e-02	-4.763063922579400568e-03
2.146141197858401440e-10	2.099743512921963262e+00	1.229247747499885257e+01	2.522301871212253577e-01	5.129245132242298694e-02	1.173164785576857189e-02	6.638215631360330216e-01	1.248617770660064297e-01	-3.942728884060501399e-02	-4.706216702807656735e-03
2.247805833548729991e-10	2.124312048581982193e+00	1.228058809047938738e+01	2.554285174349135712e-01	4.942466053765670608e-02	1.121118125457320341e-02	6.544507527297783733e-01	1.224888873268044770e-01	-3.966816357880320609e-02	-4.648020805776997312e-03
2.354286414322420067e-10	2.148184778689331331e+00	1.226728559785203920e+01	2.585790846261935005e-01	4.761684688457382825e-02	1.071297868029208802e-02	6.452802372655965790e-01	1.201776739838693042e-01	-3.989068947389053099e-02	-4.588670087602781354e-03
2.465811075822603842e-10	2.171333068453637161e+00	1.225256909371643488e+01	2.616793915636498880e-01	4.586880972378633986e-02	1.023657677752357401e-02	6.363140867281528168e-01	1.179286303116261619e-01	-4.009481925370057820e-02	-4.528351688675899198e-03
2.582618760682674929e-10	2.193731307820065091e+00	1.223643929511394290e+01	2.647272257059762324e-01	4.418010624451485652e-02	9.781445709504113170e-03	6.275553495804858661e-01	1.157419821457499054e-01	-4.028056708789513884e-02	-4.467244153163451963e-03
2.704959730463131364e-10	2.215356297352175208e+00	1.221889937583011587e+01	2.677205636934540389e-01	4.255012314545231905e-02	9.347012457744493380e-03	6.190063620459336224e-01	1.136177706695963990e-01	-4.044800138116511762e-02	-4.405518735610037054e-03
2.833096101839318258e-10	2.236187256500302922e+00	1.219995525990038310e+01	2.706575618187156973e-01	4.097810808882612621e-02	8.932671920030773455e-03	6.106688506510761227e-01	1.115558756174869215e-01	-4.059724313877060425e-02	-4.343339138391940149e-03
2.967302408188872501e-10	2.256205854528826826e+00	1.217961576667202905e+01	2.735365525734873571e-01	3.946318401651614793e-02	8.537793917091441101e-03	6.025439654038352577e-01	1.095560288551503531e-01	-4.072846411785122772e-02	-4.280861160805071904e-03
3.107866187782014063e-10	2.275396218769642598e+00	1.215789268993654915e+01	2.763560402241192482e-01	3.800436698520470724e-02	8.161730074848603730e-03	5.946323303017055917e-01	1.076178287205995787e-01	-4.084188446772653996e-02	-4.218232416215286773e-03
3.255088599835056406e-10	2.293744927076271978e+00	1.213480082966122708e+01	2.791146959340048972e-01	3.660057693769612486e-02	7.803819233605633135e-03	5.869340670492425582e-01	1.057407521641988979e-01	-4.093777009550635809e-02	-4.155592130383623656e-03
3.409285069746807543e-10	2.311240986703535505e+00	1.211035799047684769e+01	2.818113524468709441e-01	3.525066130775709322e-02	7.463394733051716481e-03	5.794488757704344684e-01	1.039241714538614025e-01	-4.101642978181533478e-02	-4.093071012979497027e-03
3.570785964900469852e-10	2.327875801630252095e+00	1.208458495181436554e+01	2.844449985027066585e-01	3.395338895386066508e-02	7.139785329026156202e-03	5.721759917172118959e-01	1.021673583034150706e-01	-4.107821214950181654e-02	-4.030791203938782243e-03
3.739937302478801677e-10	2.343643129593058649e+00	1.205750541716936297e+01	2.870147729909434120e-01	3.270747700632076205e-02	6.832322470988703815e-03	5.651142842900191976e-01	1.004695015831855859e-01	-4.112350250353211112e-02	-3.968866284872265247e-03
3.917101490809260641e-10	2.358539031026173571e+00	1.202914594541009663e+01	2.895199590493915398e-01	3.151160057167538830e-02	6.540343448046986342e-03	5.582622862392875307e-01	9.882971699469915439e-02	-4.115271964475005623e-02	-3.907401355914227360e-03
4.102658105827190344e-10	2.372561808998081556e+00	1.199953586596889110e+01	2.919599779549674756e-01	3.036439191197061807e-02	6.263192865921588665e-03	5.516181776620020516e-01	9.724705337732737764e-02	-4.116631261299034950e-02	-3.846493163614991221e-03
4.297004704320835313e-10	2.385711943440512517e+00	1.196870718416828794e+01	2.943343830515353643e-01	2.926446099972758105e-02	6.000227039232720709e-03	5.451798661789907241e-01	9.572050558660591402e-02	-4.116475747728619988e-02	-3.786230281664821045e-03
4.500557675700488183e-10	2.397992018066410047e+00	1.193669447279741114e+01	2.966428535969170555e-01	2.821039408723689801e-02	5.750814516225179716e-03	5.389449716434554505e-01	9.424901914347465215e-02	-4.114855412950468860e-02	-3.726693330942872605e-03
4.713753134116729086e-10	2.409406756408627448e+00	1.190353441651403266e+01	2.988852113280629497e-01	2.720076221792384202e-02	5.514337837028955927e-03	5.329108421292308995e-01	9.283148885176105425e-02	-4.111822282921138993e-02	-3.667954645490833273e-03
4.937047852839003559e-10	2.419963732446388072e+00	1.186926298405986913e+01	3.010615823256788115e-01	2.623404297441630020e-02	5.290175700479090790e-03	5.270740774716453636e-01	9.146665587164608258e-02	-4.107429703565015910e-02	-3.610074079025714800e-03
5.170920242896755486e-10	2.429672699940284897e+00	1.183391636374346234e+01	3.031722964288053879e-01	2.530868585008629740e-02	5.077718316884818894e-03	5.214308715194050370e-01	9.015318332776911525e-02	-4.101731886241521963e-02	-3.553101738335223171e-03
5.415871378079465267e-10	2.438545002958572017e+00	1.179753231494343346e+01	3.052177835673906547e-01	2.442316071537107419e-02	4.876377913584971878e-03	5.159772929031054556e-01	8.888972256516033954e-02	-4.094783751978946923e-02	-3.497080941285012241e-03
5.672426068491988835e-10	2.446593468983676800e+00	1.176015013983558077e+01	3.071985636588773216e-01	2.357595847353427879e-02	4.685589226482206673e-03	5.107092913915161070e-01	8.767491998542412124e-02	-4.086640720653614972e-02	-3.442048747479317661e-03
5.941133984965039838e-10	2.453832293920200858e+00	1.172181060441289269e+01	3.091152368835012876e-01	2.276560315121979941e-02	4.504810632580564904e-03	5.056227597339176816e-01	8.650742533211953911e-02	-4.077358480954471065e-02	-3.388036435245195006e-03
6.222570836730231313e-10	2.460276926462219738e+00	1.168255583009168141e+01	3.109684747452396425e-01	2.199065164184420967e-02	4.333523809100726237e-03	5.007135382799043910e-01	8.538589612476633894e-02	-4.066992778615931975e-02	-3.335069961307858804e-03
6.517339604882420571e-10	2.465943953346850126e+00	1.164242917181599068e+01	3.127590116971482037e-01	2.124969600134063788e-02	4.171233581324687058e-03	4.959774321145717924e-01	8.430900225804738302e-02	-4.055599215362731824e-02	-3.283170394089240593e-03
6.826071834272379248e-10	2.470850987028197387e+00	1.160147508830518781e+01	3.144876373626078747e-01	2.054137005312284617e-02	4.017468327402724457e-03	4.914102500868486323e-01	8.327543175963268707e-02	-4.043233063031616281e-02	-3.232354325613694644e-03
7.149428986597561750e-10	2.475016557605054679e+00	1.155973900550787548e+01	3.161551895427521242e-01	1.986434152221099730e-02	3.871777963446126989e-03	4.870077732525630032e-01	8.228389003420021053e-02	-4.029949098163126964e-02	-3.182634262441555624e-03
7.488103857590030225e-10	2.478460008950779780e+00	1.151726718091903479e+01	3.177625477829609801e-01	1.921732713370078241e-02	3.733735929858650326e-03	4.827658367738463796e-01	8.133310906217587621e-02	-4.015801450599834621e-02	-3.134018991665857637e-03
7.842822061337681836e-10	2.481201397006600029e+00	1.147410656541616092e+01	3.193106273088974212e-01	1.859908193893708428e-02	3.602936421959071142e-03	4.786802851719025309e-01	8.042184419503606296e-02	-4.000843460913369037e-02	-3.086513920313673724e-03
8.214343584919422200e-10	2.483261398054322111e+00	1.143030466756981056e+01	3.208003741833213018e-01	1.800839882854920679e-02	3.478993499364746705e-03	4.747469766749033981e-01	7.954887509334845896e-02	-3.985127576855043707e-02	-3.040121408351669115e-03
8.603464416684491388e-10	2.484661218129419424e+00	1.138590941271664470e+01	3.222327607571148778e-01	1.744411926610328969e-02	3.361542499851554594e-03	4.709618450899604181e-01	7.871301267809563407e-02	-3.968705247172832351e-02	-2.994841064353227431e-03
9.011018251665036851e-10	2.485422490801855844e+00	1.134096834655119856e+01	3.236087982921537209e-01	1.690511603452879083e-02	3.250235843940026993e-03	4.673208091387146546e-01	7.791308481575873190e-02	-3.951626541048137986e-02	-2.950669402635345152e-03
9.437878277775391497e-10	2.485567007968130238e+00	1.129552796748367882e+01	3.249295248820439630e-01	1.639029809693249087e-02	3.144743509475893522e-03	4.638198088549537745e-01	7.714794325790504115e-02	-3.933939790481518622e-02	-2.907600057921233116e-03
9.884959046625586031e-10	2.485116436659141836e+00	1.124963459826516221e+01	3.261959469728382133e-01	1.589862515107732729e-02	3.044755541461213223e-03	4.604549236411108470e-01	7.641649290710633702e-02	-3.915691815553935112e-02	-2.865625415148518977e-03
1.035321843295661502e-09	2.484092232530701327e+00	1.120333420477701125e+01	3.274090354129954306e-01	1.542910369234169743e-02	2.949980569062107816e-03	4.572223619933106220e-01	7.571769042126026694e-02	-3.896927914372262658e-02	-2.824736856025404207e-03
1.084365968689608688e-09	2.482515577010747876e+00	1.115667220278056959e+01	3.285697248887426425e-01	1.498079788389094710e-02	2.860147317035219208e-03	4.541185265151609363e-01	7.505054990516329960e-02	-3.877691705882848477e-02	-2.784924728971513181e-03
1.135733358343102889e-09	2.480407370673273881e+00	1.110969329541686967e+01	3.296789198978093971e-01	1.455279942856541400e-02	2.774997594861640382e-03	4.511398594215563218e-01	7.441412226250647410e-02	-3.858025221821655137e-02	-2.746178486599952333e-03
1.189534067370320724e-09	2.477788211419550191e+00	1.106244138268446697e+01	3.307374966580167164e-01	1.414425115527434898e-02	2.694290720158615694e-03	4.482829715900298884e-01	7.380750794804777359e-02	-3.837968861471646037e-02	-2.708486712055644882e-03
1.245883364295008068e-09	2.474678387785195888e+00	1.101495948815610504e+01	3.317463064888475088e-01	1.375433219031699239e-02	2.617799735048751547e-03	4.455445690190606434e-01	7.322984611112007269e-02	-3.817561416470827834e-02	-2.671837192274859486e-03
1.304901978014401580e-09	2.471097873165452707e+00	1.096728970897383881e+01	3.327061786025570234e-01	1.338225864416500016e-02	2.545311022568835010e-03	4.429214606594749082e-01	7.268031340823356834e-02	-3.796840087771055638e-02	-2.636216980714031939e-03
1.366716356462010101e-09	2.467066334456388343e+00	1.091947317840981846e+01	3.336179244259585008e-01	1.302728132474554636e-02	2.476623350320542819e-03	4.404105492735477245e-01	7.215812059347395668e-02	-3.775840576318562070e-02	-2.601612512663561451e-03
1.431458937523481393e-09	2.462603109756440922e+00	1.087155005494837035e+01	3.344823369050527462e-01	1.268868372816047557e-02	2.411547058510697585e-03	4.380088267129441104e-01	7.166251122564913645e-02	-3.754596997220503718e-02	-2.568009585571791580e-03
1.499268432786047049e-09	2.457727233186710603e+00	1.082355950108440190e+01	3.353001964147381830e-01	1.236578157662805363e-02	2.349903402913873247e-03	4.357133729592727045e-01	7.119275843540939785e-02	-3.733142055036343943e-02	-2.535393530532579175e-03
1.570290124729377524e-09	2.452457416837996007e+00	1.077553968001270590e+01	3.360722702778283777e-01	1.205792185604185121e-02	2.291524109558277459e-03	4.335213565053738782e-01	7.074816452434859460e-02	-3.711506992347203548e-02	-2.503749215445219382e-03
1.644676177994662829e-09	2.446812061595997179e+00	1.072752775826175586e+01	3.367993159390589852e-01	1.176447621016157505e-02	2.236249546566258881e-03	4.314300011858699380e-01	7.032805509435743896e-02	-3.689721677970382585e-02	-2.473061140088015329e-03
1.722585965398783835e-09	2.440809249701604067e+00	1.067955993562537031e+01	3.374820807170849091e-01	1.148485100864487206e-02	2.183930646145447636e-03	4.294366461720499073e-01	6.993178550531349569e-02	-3.667814642532616493e-02	-2.443313524870726651e-03
1.804186409392068039e-09	2.434466752713141169e+00	1.063167156533360291e+01	3.381213006931164666e-01	1.121847410529132859e-02	2.134425674448358831e-03	4.275386789651808850e-01	6.955873221299749276e-02	-3.645813175379341436e-02	-2.414490453881661895e-03
1.889652339691211477e-09	2.427802024454376983e+00	1.058389714744606813e+01	3.387177013812287529e-01	1.096480578901999799e-02	2.087602424251124283e-03	4.257335996190507732e-01	6.920829967594853416e-02	-3.623743363074222873e-02	-2.386575936328000965e-03
1.979166867853557524e-09	2.420832201501833314e+00	1.053627033114894829e+01	3.392719990891873150e-01	1.072332207281501484e-02	2.043334226075755287e-03	4.240189319490334507e-01	6.887990832911734806e-02	-3.601630116718340657e-02	-2.359553932249109851e-03
2.072921779595369695e-09	2.413574108777598592e+00	1.048882390469913872e+01	3.397849033371317384e-01	1.049353424594349354e-02	2.001504223789948682e-03	4.223923341508736273e-01	6.857300719402653622e-02	-3.579497241516809564e-02	-2.333408412574414226e-03
2.171117945694509622e-09	2.406044254167952090e+00	1.044158980038887563e+01	3.402571172084100093e-01	1.027497031190199514e-02	1.962000887581014097e-03	4.208514997898158971e-01	6.828706056733092888e-02	-3.557367428291019484e-02	-2.308123350426364174e-03
2.273965752357932151e-09	2.398258835508433329e+00	1.039459909685838923e+01	3.406893394587192092e-01	1.006717881488159577e-02	1.924718874057203526e-03	4.193941810754299171e-01	6.802155026678273486e-02	-3.535262321758560200e-02	-2.283682774806106847e-03
2.381685551976160644e-09	2.390233740813811458e+00	1.034788201447729428e+01	3.410822658552455922e-01	9.869732742187319399e-03	1.889559534185455275e-03	4.180182132900862602e-01	6.777597710416718990e-02	-3.513202557402681642e-02	-2.260070795026145486e-03
2.494508135230316413e-09	2.381984550171196258e+00	1.030146793357645585e+01	3.414365899443552177e-01	9.682222468462026860e-03	1.856429370359626799e-03	4.167214782402392514e-01	6.754985620624619214e-02	-3.491207788590494632e-02	-2.237271620157184164e-03
2.612675225563326382e-09	2.373526534900843199e+00	1.025538538665121457e+01	3.417530042221045838e-01	9.504257962155964606e-03	1.825240315522571287e-03	4.155019189053407169e-01	6.734271776043407320e-02	-3.469296721996295574e-02	-2.215269577175832914e-03
2.736439997074666368e-09	2.364874660475350776e+00	1.020966206973973733e+01	3.420322011527393014e-01	9.335466737000844631e-03	1.795909189646473702e-03	4.143575302462744747e-01	6.715410524701247164e-02	-3.447487160950748336e-02	-2.194049141371937160e-03
2.866067616948244470e-09	2.356043585281694330e+00	1.016432484407093817e+01	3.422748738513587408e-01	9.175493902266358692e-03	1.768357598653757124e-03	4.132863618376509951e-01	6.698357512672645231e-02	-3.425796029865534054e-02	-2.173594944609005646e-03
3.001835813575592210e-09	2.347047662701871484e+00	1.011939973727154296e+01	3.424817172002770360e-01	9.024000623016765685e-03	1.742511442073979393e-03	4.122865110977128600e-01	6.683069513053380151e-02	-3.404239423042436374e-02	-2.153891805451936710e-03
3.144035471591500167e-09	2.337900890911273510e+00	1.007491173909911808e+01	3.426534282382243668e-01	8.880662867229896507e-03	1.718300676601904357e-03	4.113561184575345586e-01	6.669504356799972611e-02	-3.382832501438656075e-02	-2.134924630748686204e-03
3.292971255097148186e-09	2.328616883357284451e+00	1.003088471589430242e+01	3.427907054825317656e-01	8.745171869463648148e-03	1.695659253041674171e-03	4.104933728317038955e-01	6.657620952639541068e-02	-3.361589523346805719e-02	-2.116678466178017505e-03
3.448962260405766611e-09	2.319208930261317914e+00	9.987341830462515446e+00	3.428942442534517188e-01	8.617232316152908383e-03	1.674524669784583850e-03	4.096965069803347181e-01	6.647379324622129659e-02	-3.340524020752341089e-02	-2.099138675182168814e-03
3.612342699709437910e-09	2.309690008325611110e+00	9.944305559438157971e+00	3.429647379582533850e-01	8.496565529796955632e-03	1.654838579769844168e-03	4.089638167885675246e-01	6.638740769724722768e-02	-3.319648884879645989e-02	-2.082290993236280210e-03
3.783462617131932968e-09	2.300072773795178271e+00	9.901797679912748507e+00	3.430028779249299498e-01	8.382905852107580200e-03	1.636545767705841273e-03	4.082936430182051435e-01	6.631667553552392236e-02	-3.298976345829435219e-02	-2.066121488589754349e-03
3.962688638701478467e-09	2.290369564172853867e+00	9.859839246946210167e+00	3.430093547806632448e-01	8.275999875044475276e-03	1.619594290867268013e-03	4.076843678836882812e-01	6.626122914323011315e-02	-3.278518008330311151e-02	-2.050616559467348648e-03
4.150404757850472502e-09	2.280592401427780747e+00	9.818450591841553887e+00	3.429848593010690339e-01	8.175608225369434059e-03	1.603935486493840781e-03	4.071344263127518737e-01	6.622071041715081596e-02	-3.258284871912379976e-02	-2.035762925736245461e-03
4.347013158125017173e-09	2.270752994800417479e+00	9.777651308970286337e+00	3.429300835575693762e-01	8.081501474684215161e-03	1.589523161620949501e-03	4.066422836334348534e-01	6.619476786819550318e-02	-3.238287362494661481e-02	-2.021547625362512483e-03
4.552935074866938773e-09	2.260862741103772944e+00	9.737460254309084462e+00	3.428457212374748098e-01	7.993461778581283095e-03	1.576313908451098611e-03	4.062064461385168079e-01	6.618305752491553118e-02	-3.218535324285578397e-02	-2.007957976409201640e-03
4.768611697714474181e-09	2.250932732577887396e+00	9.697895546496150487e+00	3.427324689696664151e-01	7.911282877324043658e-03	1.564267043201702677e-03	4.058254615244260566e-01	6.618524228434786993e-02	-3.199038076092634159e-02	-1.994981600323586252e-03
4.994505115855140358e-09	2.240973754295572107e+00	9.658974543996906803e+00	3.425910268703951655e-01	7.834766742752442836e-03	1.553343860609445034e-03	4.054979008375272365e-01	6.620098937766381864e-02	-3.179804400917180668e-02	-1.982606378191197581e-03
5.231099308056257792e-09	2.230996293880604053e+00	9.620713871296034725e+00	3.424220991826670835e-01	7.763724398398706011e-03	1.543507779766676094e-03	4.052223638486590618e-01	6.622997058421281613e-02	-3.160842587398392245e-02	-1.970820464387979757e-03
5.478901179593956120e-09	2.221010541604650612e+00	9.583129395242162119e+00	3.422263951695777573e-01	7.697976772921934392e-03	1.534724427155930750e-03	4.049974843028892879e-01	6.627186214159019872e-02	-3.142160445280362674e-02	-1.959612268444790167e-03
5.738441648302404521e-09	2.211026391167581373e+00	9.546236223106244978e+00	3.420046292928188292e-01	7.637353532534079704e-03	1.526961477804259122e-03	4.048219241878519559e-01	6.632634413656278427e-02	-3.123765310835836459e-02	-1.948970435499113290e-03
6.010276782070388176e-09	2.201053436415461917e+00	9.510048686212916991e+00	3.417575212221296010e-01	7.581688520452235618e-03	1.520187498946829700e-03	4.046943490005896482e-01	6.639309684547141377e-02	-3.105664060723463057e-02	-1.938883841553046185e-03
6.294988990221888141e-09	2.191100988186976295e+00	9.474580407318718756e+00	3.414857959014357403e-01	7.530828499459542996e-03	1.514374016634045892e-03	4.046134777451215192e-01	6.647180707993410875e-02	-3.087863156513802679e-02	-1.929341602906585115e-03
6.593188271333541710e-09	2.181178094348275920e+00	9.439844362870763561e+00	3.411901842544809993e-01	7.484622688505345421e-03	1.509492948839477339e-03	4.045780243306356661e-01	6.656215987513923460e-02	-3.070368715989250930e-02	-1.920333113606516751e-03
6.905513520162316861e-09	2.171293530500381763e+00	9.405852848420373391e+00	3.408714227696102994e-01	7.442929571524991433e-03	1.505518325122314881e-03	4.045867368708854217e-01	6.666384390177425290e-02	-3.053186470999299726e-02	-1.911847982230951678e-03
7.232633896483518810e-09	2.161455806973104909e+00	9.372617476075424392e+00	3.405302544184843905e-01	7.405613189273612534e-03	1.502425254347392915e-03	4.046383768043891882e-01	6.677654784421947765e-02	-3.036321821284590494e-02	-1.903876058451344552e-03
7.575250258771920716e-09	2.151673166255237302e+00	9.340149138579349142e+00	3.401674292459569426e-01	7.372543175174313922e-03	1.500190098442424772e-03	4.047317192492793092e-01	6.689996063333265852e-02	-3.019779813875251087e-02	-1.896407378170524103e-03
7.934096665797492339e-09	2.141953589737783936e+00	9.308458058568561455e+00	3.397837032805886559e-01	7.343595526882733260e-03	1.498790463549711915e-03	4.048655586669035467e-01	6.703377170592969558e-02	-3.003565161677938106e-02	-1.889432175602777896e-03
8.309941949353386453e-09	2.132304792482841993e+00	9.277553694657692418e+00	3.393798407166833675e-01	7.318649963216104087e-03	1.498204705645361096e-03	4.050386929347635223e-01	6.717766859757134945e-02	-2.987682251646200590e-02	-1.882940842895165605e-03
8.703591361485183753e-09	2.122734232953658928e+00	9.247444816908325649e+00	3.389566122470673015e-01	7.297591823641780620e-03	1.498412303157474999e-03	4.052499356560189669e-01	6.733133857705236869e-02	-2.972135156025797198e-02	-1.876923939408064318e-03
9.115888299750837812e-09	2.113249113415361258e+00	9.218139443342838746e+00	3.385147969435227666e-01	7.280311048023658214e-03	1.499393637542792554e-03	4.054981094003590192e-01	6.749446717851231847e-02	-2.956927649856403578e-02	-1.871372164468023671e-03
9.547716114208065503e-09	2.103856372841030442e+00	9.189644849878188637e+00	3.380551802036319553e-01	7.266700632153476336e-03	1.501129595697510985e-03	4.057820391118954761e-01	6.766673762239014400e-02	-2.942063171710097153e-02	-1.866276317961162220e-03
1.000000000000000021e-08	2.094562702720764502e+00	9.161967565565575455e+00	3.375785558492108707e-01	7.256657805929206742e-03	1.503601864129421907e-03	4.061005573435563232e-01	6.784783083754786226e-02	-2.927544903455341768e-02	-1.861627338938206741e-03
