# Pressure Mass Radius Compactness k2 k3 h2 h3 j2 j3
9.999999999999999799e-13	1.240356945916340770e-01	1.551422701418294281e+01	1.180556498079487690e-02	4.201678338577759242e-02	1.033129731799409257e-02	1.051198817941372710e+00	3.250035218314102359e-01	-5.095535660625161341e-04	-1.034395909456870346e-04
1.047370897959448749e-12	1.277814759685944879e-01	1.531103597977270248e+01	1.232348549423914648e-02	4.430595733334299902e-02	1.088751067930715175e-02	1.054479337201272182e+00	3.247380588089351927e-01	-5.528491500922342195e-04	-1.128410679391662956e-04
1.096985797892381920e-12	1.317206817406539610e-01	1.512082843367306140e+01	1.286318805988252018e-02	4.671941510790608015e-02	1.148583028237171698e-02	1.057968327131813435e+00	3.244746297423599657e-01	-5.999055677564249598e-04	-1.231567871471463984e-04
1.148951000187311009e-12	1.358577088910262465e-01	1.494309344274133089e+01	1.342499118420183504e-02	4.925507393517446209e-02	1.213116700406714592e-02	1.061662551046658631e+00	3.242138043663866931e-01	-6.509528713013033483e-04	-1.344572017293316072e-04
1.203377840777590522e-12	1.401971532080192873e-01	1.477730900249912693e+01	1.400922386677694136e-02	5.191005951512167593e-02	1.281297012025474531e-02	1.065557001787191371e+00	3.239560329206465084e-01	-7.062250772875138406e-04	-1.468155202883133646e-04
1.260382929679727463e-12	1.447438068355592911e-01	1.462294984492898564e+01	1.461622551694790467e-02	5.468069901572090302e-02	1.353705796624873198e-02	1.069645335681040255e+00	3.237016255568021528e-01	-7.659592530608156594e-04	-1.603074074549387890e-04
1.320088400831416649e-12	1.495026523912633964e-01	1.447949364465665134e+01	1.524634553424965809e-02	5.756255197184408784e-02	1.430150269515042920e-02	1.073919508323310845e+00	3.234507431714521708e-01	-8.303945555583947848e-04	-1.750106326846202634e-04
1.382622173764653478e-12	1.544788538691390933e-01	1.434642582570842251e+01	1.589994259556097578e-02	6.055041774382373398e-02	1.510604596715286671e-02	1.078370005146254140e+00	3.232033780522352018e-01	-8.997712191210436314e-04	-1.910046834391904570e-04
1.448118227674535917e-12	1.596777443000477192e-01	1.422324318724538728e+01	1.657738364436122172e-02	6.363834813389213085e-02	1.595370101849189967e-02	1.082985846419173948e+00	3.229593419395997422e-01	-9.743295115043919177e-04	-2.083703111796742717e-04
1.516716888470924089e-12	1.651048102969532305e-01	1.410945653336258054e+01	1.727904260993101335e-02	6.681972733470162296e-02	1.684019933057514379e-02	1.087754615288976101e+00	3.227182632590097633e-01	-1.054308637112193192e-03	-2.271890345185973001e-04
1.588565129428052692e-12	1.707656736962247235e-01	1.400459247613796698e+01	1.800529889299793893e-02	7.008725015221513310e-02	1.776734507128079760e-02	1.092662554704332267e+00	3.224795695262471784e-01	-1.139945613614828717e-03	-2.475426014773602235e-04
1.663816886076127415e-12	1.766660627355510216e-01	1.390819467264651443e+01	1.875653468153255787e-02	7.343301952199272897e-02	1.873278507873607154e-02	1.097694673734205706e+00	3.222424925337433188e-01	-1.231473985954239982e-03	-2.695123721747432442e-04
1.742633386009647278e-12	1.828116655338684893e-01	1.381982613693759632e+01	1.953311743357815169e-02	7.684847391772477165e-02	1.973530737989009215e-02	1.102834656252702272e+00	3.220060628015573578e-01	-1.329120642208019443e-03	-2.931782087094926179e-04
1.825183494319046040e-12	1.892082157669066622e-01	1.373906772365618423e+01	2.033541131353581305e-02	8.032455374442507012e-02	2.077101477714245886e-02	1.108065123322754308e+00	3.217691121788280317e-01	-1.433106168802759711e-03	-3.186181815634255943e-04
1.911644075385703708e-12	1.958616680547276001e-01	1.366551659151070908e+01	2.116379909104898829e-02	8.385186160765313590e-02	2.184024646202846129e-02	1.113367986011501776e+00	3.215302696994415954e-01	-1.543646994231005114e-03	-3.459087187255147273e-04
2.002200371815584363e-12	2.027782014398150368e-01	1.359878722274241269e+01	2.201868219923562922e-02	8.742074827787185698e-02	2.293981622730538114e-02	1.118724515558315424e+00	3.212879719009289481e-01	-1.660955044567347626e-03	-3.751241551945136074e-04
2.097046401323230665e-12	2.099642150317487799e-01	1.353851197029211662e+01	2.290047994893085886e-02	9.102136406905250721e-02	2.406689062522032740e-02	1.124115497682638409e+00	3.210404697351934566e-01	-1.785237346294457151e-03	-4.063362700712742437e-04
2.196385372416542332e-12	2.174263224276452300e-01	1.348434119647951768e+01	2.380962866688141402e-02	9.464373711751118690e-02	2.521834077557092227e-02	1.129521362741447321e+00	3.207858414306762329e-01	-1.916695655440275566e-03	-4.396138250492733607e-04
2.300430119772921506e-12	2.251713449875835937e-01	1.343594309988266566e+01	2.474658076825003369e-02	9.827782172397972471e-02	2.639185247016940031e-02	1.134922309952946184e+00	3.205220055883415964e-01	-2.055526119031725243e-03	-4.750221180345228227e-04
2.409403560239526876e-12	2.332063037196767663e-01	1.339300332169812435e+01	2.571180371411698959e-02	1.019135773478256762e-01	2.758294645168225465e-02	1.140298416172653928e+00	3.202467357246063795e-01	-2.201918945407248338e-03	-5.126225351317759268e-04
2.523539170434765862e-12	2.415384101145623408e-01	1.335522437930581674e+01	2.670577891747377003e-02	1.055410091002852019e-01	2.878896373732169403e-02	1.145629772357060761e+00	3.199576753398635787e-01	-2.356058101797378537e-03	-5.524721292522790511e-04
2.643081486974102692e-12	2.501750555238920759e-01	1.332232498947881538e+01	2.772900053231103917e-02	1.091501992831928614e-01	3.000618799867594763e-02	1.150896507666959945e+00	3.196523493572511199e-01	-2.518121008911806090e-03	-5.946232007681693035e-04
2.768286630392061017e-12	2.591237994768216257e-01	1.329403931855697607e+01	2.878197417242187722e-02	1.127314001515751091e-01	3.123081702890626032e-02	1.156078989314523797e+00	3.193281899373739408e-01	-2.688278242451606643e-03	-6.391228963730905509e-04
2.899422853882880921e-12	2.683923558420603928e-01	1.327011616202942434e+01	2.986521550277158529e-02	1.162750394723439107e-01	3.245896684388639708e-02	1.161157830693428261e+00	3.189825451932216671e-01	-2.866693221270847584e-03	-6.860128180703395015e-04
3.036771118035460378e-12	2.779885787847152789e-01	1.325031812493286587e+01	3.097924882613723591e-02	1.197717503434286845e-01	3.368683720849632857e-02	1.166113955132548563e+00	3.186126965971750602e-01	-3.053521910703833105e-03	-7.353286553920397291e-04
3.180625692794118977e-12	2.879204460589790959e-01	1.323442078175520464e+01	3.212460547783103221e-02	1.232124558260576236e-01	3.491048924592926594e-02	1.170928769599365094e+00	3.182158832060674736e-01	-3.248912482290232124e-03	-7.870998234304755863e-04
3.331294787934670055e-12	2.981960396338008690e-01	1.322221183769684849e+01	3.330182202039077416e-02	1.265883399270477661e-01	3.612599467579762774e-02	1.175584102411677767e+00	3.177893099423884093e-01	-3.453004947839507805e-03	-8.413491152703639168e-04
3.489101213406766494e-12	3.088234839188910841e-01	1.321349035486353785e+01	3.451143366802267298e-02	1.298908991931360390e-01	3.732929801451927848e-02	1.180062319087933131e+00	3.173301718645750724e-01	-3.665929942358711526e-03	-8.980921496564305516e-04
3.654383070957261569e-12	3.198109296119027722e-01	1.320806590737771735e+01	3.575397313184750653e-02	1.331119589958403293e-01	3.851657190348819343e-02	1.184346361169299700e+00	3.168356688818592115e-01	-3.887808412959727154e-03	-9.573370809261859448e-04
3.827494478516314936e-12	3.311665904550399331e-01	1.320575783944737935e+01	3.702997532675529613e-02	1.362437258595458334e-01	3.968390067725292847e-02	1.188419836720412626e+00	3.163030208436091728e-01	-4.118752408718165045e-03	-1.019084632068618977e-03
4.008806328898464320e-12	3.428987257409817913e-01	1.320639461390413594e+01	3.833997595526707908e-02	1.392787672343694105e-01	4.082748753054397245e-02	1.192266981448378393e+00	3.157294781236019698e-01	-4.358864824887096617e-03	-1.083327877852875709e-03
4.198707084443905621e-12	3.550156176057369106e-01	1.320981313026242354e+01	3.968450976386118934e-02	1.422100989137815019e-01	4.194362855415202651e-02	1.195872847364268798e+00	3.151123474205099195e-01	-4.608239058687562707e-03	-1.150052027851098313e-03
4.397603609302712498e-12	3.675255484098208791e-01	1.321585818105964449e+01	4.106410859237261124e-02	1.450311244957962764e-01	4.302873146342181543e-02	1.199223173327760517e+00	3.144489934030691436e-01	-4.866958656400161877e-03	-1.219234240683315972e-03
4.605922041145112927e-12	3.804367742859431356e-01	1.322438176306440383e+01	4.247929961909945734e-02	1.477356696747526565e-01	4.407933305618922520e-02	1.202304461879171615e+00	3.137368572643119413e-01	-5.135096934637381830e-03	-1.290843452992744946e-03
4.824108704165373984e-12	3.937574997440775881e-01	1.323524267589306369e+01	4.393060304796466559e-02	1.503180218339647545e-01	4.509209903647366097e-02	1.205104069544791434e+00	3.129734743808139097e-01	-5.412716550770064680e-03	-1.364840233774557631e-03
5.052631065335679604e-12	4.074958474910037598e-01	1.324830583046023058e+01	4.541853037843406049e-02	1.527728811550921606e-01	4.606391445749698915e-02	1.207610103970741644e+00	3.121564771670282123e-01	-5.699869094463989351e-03	-1.441176663351392004e-03
5.291978735958436557e-12	4.216598289363557295e-01	1.326344185795267805e+01	4.694358202518097295e-02	1.550953969271485766e-01	4.699175862610042997e-02	1.209811505336367388e+00	3.112836113992078491e-01	-5.996594608763793771e-03	-1.519796235488896086e-03
5.542664520663095602e-12	4.362573119130445098e-01	1.328052658596363145e+01	4.850624527740324266e-02	1.572811548330207421e-01	4.787284503901102078e-02	1.211698026051957866e+00	3.103527446186319927e-01	-6.302921129995152187e-03	-1.600633789048086161e-03
5.805225516094907684e-12	4.512959864283748179e-01	1.329944065531243425e+01	5.010699178579970658e-02	1.593261886772066316e-01	4.870456809986269120e-02	1.213260259953824249e+00	3.093618781150694885e-01	-6.618864144057784275e-03	-1.683615458223439078e-03
6.080224261649427052e-12	4.667833297025573147e-01	1.332006905695688914e+01	5.174627548381307424e-02	1.612269642644590939e-01	4.948452821246966671e-02	1.214489613293712411e+00	3.083091516207678295e-01	-6.944426111274073360e-03	-1.768658667238552813e-03
6.368249944718585906e-12	4.827265680970601602e-01	1.334230078132908126e+01	5.342452999226807164e-02	1.629803927983667355e-01	5.021053648136761943e-02	1.215378340733644480e+00	3.071928556947326472e-01	-7.279595882349675778e-03	-1.855672137593515842e-03
6.669919663030115058e-12	4.991326386953102712e-01	1.336602846526909616e+01	5.514216621471849239e-02	1.645838058476234711e-01	5.088061125407393470e-02	1.215919495511439186e+00	3.060114347327261286e-01	-7.624348154416463533e-03	-1.944555939793985192e-03
6.985879746785234820e-12	5.160081803599146921e-01	1.339114810982345105e+01	5.689957311802938678e-02	1.660349801832765038e-01	5.149300928812363537e-02	1.216106987957554342e+00	3.047634947709182418e-01	-7.978643573647806880e-03	-2.035201746270168862e-03
7.316807143427207274e-12	5.333595466569586163e-01	1.341755890367706350e+01	5.869712061537918357e-02	1.673321085070826608e-01	5.204621707501654732e-02	1.215935518146057381e+00	3.034478025102981813e-01	-8.342429347459070360e-03	-2.127493240088232981e-03
7.663410868007462274e-12	5.511927559112794750e-01	1.344516311094553807e+01	6.053515530657276045e-02	1.684738187867806103e-01	5.253894406260157385e-02	1.215400631782386887e+00	3.020632939030178932e-01	-8.715638442278822451e-03	-2.221306203553244287e-03
8.026433522257174683e-12	5.695134537037764844e-01	1.347386574573743445e+01	6.241399865603950575e-02	1.694591422333124042e-01	5.297013567006712831e-02	1.214498656883348904e+00	3.006090751932293803e-01	-9.098189260206926768e-03	-2.316508742845394247e-03
8.406652885618316356e-12	5.883268719776004740e-01	1.350357444930687834e+01	6.433394407689742300e-02	1.702875475672276928e-01	5.333896961091090516e-02	1.213226792509592089e+00	2.990844319920322181e-01	-9.489985110070254387e-03	-2.412961515626953386e-03
8.804883581643446547e-12	6.076377877081005074e-01	1.353419925510289623e+01	6.629525461197575964e-02	1.709588644888117570e-01	5.364485080973575848e-02	1.211582945098360842e+00	2.974888221879083416e-01	-9.890913748861904220e-03	-2.510517995918160744e-03
9.221978823334340144e-12	6.274504808687856316e-01	1.356565245437296952e+01	6.829816022174309276e-02	1.714733320181714704e-01	5.388741736656613851e-02	1.209565849840540164e+00	2.958218860329005495e-01	-1.030084689812992872e-02	-2.609024780642760655e-03
9.658832241158709141e-12	6.477686921230211281e-01	1.359784838863756384e+01	7.034285553451469220e-02	1.718315982795610153e-01	5.406653368911173291e-02	1.207175082684872613e+00	2.940834512341373164e-01	-1.071963984341582111e-02	-2.708321939522504579e-03
1.011637979766206976e-11	6.685955800381049308e-01	1.363070330662266016e+01	7.242949737956426437e-02	1.720346175253110732e-01	5.418227479893101411e-02	1.204410834161223409e+00	2.922735149241606489e-01	-1.114713102303890348e-02	-2.808243403125390471e-03
1.059560179277614774e-11	6.899336747171261885e-01	1.366413526419441204e+01	7.455820182517602923e-02	1.720837506938644457e-01	5.423494250910581432e-02	1.201274155514027608e+00	2.903922662904789287e-01	-1.158314146457380990e-02	-2.908617347960136025e-03
1.109752496412069864e-11	7.117848378653144348e-01	1.369806391200879858e+01	7.672904263487519139e-02	1.719806963162135993e-01	5.422504628035649393e-02	1.197766810285446404e+00	2.884400738720422908e-01	-1.202747467805316724e-02	-3.009266716999230845e-03
1.162322468679854125e-11	7.341502152084484756e-01	1.373241048105689543e+01	7.894204794619409660e-02	1.717274843973034260e-01	5.415329738301660756e-02	1.193891274849788742e+00	2.864174858773214094e-01	-1.247991603651962302e-02	-3.110009661178888933e-03
1.217382727739662020e-11	7.570301942533278483e-01	1.376709759814988487e+01	8.119719854566281869e-02	1.713264707199704251e-01	5.402060528117745564e-02	1.189650737932673952e+00	2.843252304939955510e-01	-1.294023263896760048e-02	-3.210660109869024198e-03
1.275051240713012859e-11	7.804243588529151676e-01	1.380204925998156185e+01	8.349442500210360607e-02	1.707803013199913622e-01	5.382806330196720362e-02	1.185049031430787991e+00	2.821642090801839142e-01	-1.340817289117954281e-02	-3.311028318477978512e-03
1.335451562929897339e-11	8.043314494777075163e-01	1.383719073117727127e+01	8.583360589940074170e-02	1.700919834949071174e-01	5.357695888686511698e-02	1.180090814599930260e+00	2.799355090471690732e-01	-1.388346637975416270e-02	-3.410921495834513123e-03
1.398713102647241439e-11	8.287495393042442204e-01	1.387244880992124330e+01	8.821458677785901092e-02	1.692647127713142741e-01	5.326872853468021807e-02	1.174781146052825020e+00	2.776403520246845114e-01	-1.436582801895292666e-02	-3.510145336446105456e-03
1.464971398307287854e-11	8.536762392065075922e-01	1.390775223195710630e+01	9.063720061402136263e-02	1.683020098778156282e-01	5.290497795492412475e-02	1.169125798448594988e+00	2.752800973007462071e-01	-1.485496248510208631e-02	-3.608505504031014541e-03
1.534368408930013065e-11	8.791084403372368961e-01	1.394303121810646573e+01	9.310124422647662878e-02	1.672075941041062386e-01	5.248744861927253508e-02	1.163131002113233725e+00	2.728562371140748621e-01	-1.535056026856133383e-02	-3.705807411777829914e-03
1.607052818261638620e-11	9.050422313099055760e-01	1.397821768293159472e+01	9.560646934363029037e-02	1.659854516047978568e-01	5.201802444795685515e-02	1.156803637371375260e+00	2.703704136493784715e-01	-1.585229584548028883e-02	-3.801856467742597851e-03
1.683180353330955093e-11	9.314728741053655003e-01	1.401324508771402932e+01	9.815258216874407637e-02	1.646397773280858234e-01	5.149871184941256369e-02	1.150151109026208873e+00	2.678244046700141157e-01	-1.635982823916689796e-02	-3.896458850905220195e-03
1.762914118095944293e-11	9.583947913269009744e-01	1.404804836120028533e+01	1.007392437159908422e-01	1.631749562593210190e-01	5.093162729297476959e-02	1.143181314360040446e+00	2.652201161638982341e-01	-1.687280200079218154e-02	-3.989422396082932358e-03
1.846424942895546448e-11	9.858015011318727039e-01	1.408256408538286486e+01	1.033660626939779253e-01	1.615956040251991244e-01	5.031900086411250639e-02	1.135902769341943008e+00	2.625595943007620336e-01	-1.739084534118553668e-02	-4.080556811434109948e-03
1.933891750455232057e-11	1.013685638009319989e+00	1.411673024189327386e+01	1.060326004550593976e-01	1.599064514536708281e-01	4.966313844717643727e-02	1.128324330510567908e+00	2.598449903074265266e-01	-1.791357296946524680e-02	-4.169675012232403749e-03
2.025501939230666486e-11	1.042038888295806709e+00	1.415048641124605311e+01	1.087383636645133794e-01	1.581124106066912893e-01	4.896643298646326248e-02	1.120455384116494146e+00	2.570785802480605176e-01	-1.844058405917311724e-02	-4.256593275068071974e-03
2.121451784910627571e-11	1.070851984540751367e+00	1.418377366602889644e+01	1.114828052576002232e-01	1.562185374167746332e-01	4.823134552731780239e-02	1.112305767924276045e+00	2.542627495143806038e-01	-1.897146353744963085e-02	-4.341132184204176368e-03
2.221946860939528424e-11	1.100114684318262315e+00	1.421653457739164672e+01	1.142653228492801071e-01	1.542300021897822782e-01	4.746039183707936177e-02	1.103885714312007105e+00	2.513999847922894215e-01	-1.950578235190083068e-02	-4.423117311075612165e-03
2.327202478960412005e-11	1.129815756213411904e+00	1.424871322206991486e+01	1.170852577628208602e-01	1.521520750307525649e-01	4.665613179046727843e-02	1.095205829603223435e+00	2.484928674723082820e-01	-2.004309801431974208e-02	-4.502379941778050440e-03
2.437444150122221807e-11	1.159942957333367719e+00	1.428025520228811907e+01	1.199418929378680276e-01	1.499901263880752400e-01	4.582116051146932489e-02	1.086277114027321078e+00	2.455440698240639319e-01	-2.058295467402835102e-02	-4.578757671218657184e-03
2.552908068239516723e-11	1.190483031781050860e+00	1.431110763250904938e+01	1.228344531426523722e-01	1.477495705619143174e-01	4.495809021877144457e-02	1.077110830258078078e+00	2.425563395921914445e-01	-2.112488413543786928e-02	-4.652095182402976592e-03
2.673841615839943880e-11	1.221421696667351453e+00	1.434121915931371660e+01	1.257621034729872467e-01	1.454358950325833622e-01	4.406954825175575519e-02	1.067718596468852477e+00	2.395325016958129716e-01	-2.166840623688724363e-02	-4.722244851467881019e-03
2.800503894183625342e-11	1.252743188348354408e+00	1.437053954516019338e+01	1.287239064062938587e-01	1.430546644860274941e-01	4.315817560711833478e-02	1.058112461734787457e+00	2.364754902859507180e-01	-2.221302154596679207e-02	-4.789066389523382976e-03
2.933166278390048099e-11	1.284429462750932949e+00	1.439901863561120088e+01	1.317187498885427077e-01	1.406115115949252425e-01	4.222663053094079938e-02	1.048304974820597701e+00	2.333884046297430848e-01	-2.275819900721677211e-02	-4.852426175135301188e-03
3.072112998861759207e-11	1.316460578778018142e+00	1.442660651820278872e+01	1.347453873176723549e-01	1.381121315608405953e-01	4.127757200481188549e-02	1.038309138068108650e+00	2.302744630048272900e-01	-2.330338265488793650e-02	-4.912198780467860043e-03
3.217641750250735458e-11	1.348814831051257768e+00	1.445325337396785415e+01	1.378024539659602754e-01	1.355621886461407244e-01	4.031363228485022182e-02	1.028138150434757980e+00	2.271369626593017776e-01	-2.384799628146648878e-02	-4.968268409493980901e-03
3.370064329271925032e-11	1.381468747054756641e+00	1.447890955489470954e+01	1.408884671676622069e-01	1.329673572419922678e-01	3.933741791452361608e-02	1.017805529382242558e+00	2.239792806458773822e-01	-2.439144328086539568e-02	-5.020529325709052748e-03
3.529707302730657668e-11	1.414397140002769726e+00	1.450352560145456060e+01	1.440018324577364006e-01	1.303332543842926072e-01	3.835148801662481566e-02	1.007324931738427631e+00	2.208048463437533859e-01	-2.493310910499239863e-02	-5.068886747230456208e-03
3.696912707195032437e-11	1.447573183070623992e+00	1.452705228094503376e+01	1.471408513579281208e-01	1.276654379668887007e-01	3.735834668342374876e-02	9.967101498121873071e-01	2.176171274839291958e-01	-2.547236452468085166e-02	-5.113257795031312010e-03
3.872038781812557004e-11	1.480968442316175748e+00	1.454944078231635096e+01	1.503037229947276898e-01	1.249693975594088902e-01	3.636043524078592243e-02	9.859750941390963419e-01	2.144196200813948405e-01	-2.600856620128956520e-02	-5.153571761699535063e-03
4.055460735840827506e-11	1.514552963773403871e+00	1.457064282693721324e+01	1.534885515824972735e-01	1.222505326731583714e-01	3.536012122415152503e-02	9.751337345106916299e-01	2.112158305250448342e-01	-2.654105982824561671e-02	-5.189770808660978257e-03
4.247571552536894126e-11	1.548295362174120893e+00	1.459061080010691214e+01	1.566933533876554985e-01	1.195141392355796722e-01	3.435969039952331550e-02	9.642000633930715159e-01	2.080092611256270652e-01	-2.706918300072783806e-02	-5.221810465815619057e-03
4.448782831127576069e-11	1.582162901086592077e+00	1.460929795266143039e+01	1.599160615752615033e-01	1.167653990763241750e-01	3.336133940411535603e-02	9.531880692787378928e-01	2.048033974418754233e-01	-2.759226714664483188e-02	-5.249659827032886021e-03
4.659525668664686662e-11	1.616121613852426142e+00	1.462665852296691860e+01	1.631545355041319201e-01	1.140093603276000622e-01	3.236716790613729938e-02	9.421116785456861153e-01	2.016016919389942708e-01	-2.810964136763623167e-02	-5.273301998201821751e-03
4.880251583654433574e-11	1.650136396630256241e+00	1.464264796439672978e+01	1.664065655286405265e-01	1.112509247822141278e-01	3.137917332246733387e-02	9.309847199926085670e-01	1.984075531452288710e-01	-2.862063427050698730e-02	-5.292734029411290571e-03
5.111433483440165318e-11	1.684171136991849949e+00	1.465722308273549679e+01	1.696698818417927135e-01	1.084948510365686680e-01	3.039924644739069523e-02	9.198209312095764201e-01	1.952243331234953805e-01	-2.912457747039410086e-02	-5.307967044175960006e-03
5.353566677410718816e-11	1.718188838171002208e+00	1.467034222971871493e+01	1.729421617397186861e-01	1.057456899591796007e-01	2.942915845325561053e-02	9.086337638756316615e-01	1.920553051420618995e-01	-2.962080833503718397e-02	-5.319026107531018080e-03
5.607169938205469661e-11	1.752152028143630691e+00	1.468196557982485295e+01	1.762210640040701159e-01	1.030078463646396103e-01	2.847056828913782645e-02	8.974365378502621171e-01	1.889036494068963012e-01	-3.010867678015614543e-02	-5.325950057563861965e-03
5.872786613189488850e-11	1.786023397975498472e+00	1.469205537179047383e+01	1.795042860217803127e-01	1.002854483741664887e-01	2.752498926697754741e-02	8.862419980301211586e-01	1.857723758075366383e-01	-3.058755631278137557e-02	-5.328791402119028436e-03
6.150985788580503926e-11	1.819765352508336376e+00	1.470057598743005123e+01	1.827895129882890490e-01	9.758242370851703817e-02	2.659381391771948808e-02	8.750625851350453122e-01	1.826643825869102011e-01	-3.105683556134188061e-02	-5.327614984553528596e-03
6.442363508721370414e-11	1.853340131463675045e+00	1.470749394710446367e+01	1.860744254098459505e-01	9.490249706576839306e-02	2.567831299960424488e-02	8.639104187568974469e-01	1.795824478986336181e-01	-3.151592435551250210e-02	-5.322498371212019616e-03
6.747544053110686101e-11	1.886709745360303669e+00	1.471277833325671480e+01	1.893566823676006705e-01	9.224917157498843667e-02	2.477963689235023609e-02	8.527972495334232850e-01	1.765292380258751681e-01	-3.196424516399998250e-02	-5.313529226626410341e-03
7.067181273927477085e-11	1.919836459228485337e+00	1.471640043817227905e+01	1.926339692511946922e-01	8.962576225181739797e-02	2.389882042967968190e-02	8.417345176896974257e-01	1.735072829803961658e-01	-3.240125519931258413e-02	-5.300808321404256243e-03
7.401959996915652408e-11	1.952682562719451287e+00	1.471833436128436112e+01	1.959039615694521119e-01	8.703534889607861258e-02	2.303677933888124627e-02	8.307332292356500725e-01	1.705189892453254918e-01	-3.282642825590015301e-02	-5.284445039197654265e-03
7.752597488629464062e-11	1.985210698145577934e+00	1.471855684512892459e+01	1.991643542159179658e-01	8.448079411005190997e-02	2.219431495220340958e-02	8.198039780962650402e-01	1.675666255799659610e-01	-3.323926777084987988e-02	-5.264558636013413721e-03
8.119844993184008328e-11	2.017383929766968897e+00	1.471704744161662326e+01	2.024128603910838320e-01	8.196475498428157369e-02	2.137212059475601320e-02	8.089569753427006127e-01	1.646523287405732838e-01	-3.363930529664822117e-02	-5.241276797374491529e-03
8.504489341802668113e-11	2.049165917080661536e+00	1.471378852319372399e+01	2.056472229003306618e-01	7.948964193418821267e-02	2.057077569948897316e-02	7.982018940272411767e-01	1.617780852737926434e-01	-3.402610470365920875e-02	-5.214735193131579162e-03
8.907354638610458163e-11	2.080520979267268533e+00	1.470876542954962751e+01	2.088652126161657518e-01	7.705767973224575407e-02	1.979076300483454884e-02	7.875480568791281000e-01	1.589457524032522051e-01	-3.439926032446048026e-02	-5.185076018421214475e-03
9.329304026284695888e-11	2.111414267892004926e+00	1.470196644831201027e+01	2.120646400560006195e-01	7.467084719764881251e-02	1.903245979392956949e-02	7.770042138159789502e-01	1.561570355723729264e-01	-3.475840111397468513e-02	-5.152447551538297775e-03
9.771241535346501225e-11	2.141811847971156535e+00	1.469338289953312504e+01	2.152433563565614438e-01	7.233092687154614453e-02	1.829615236306743678e-02	7.665786897377818709e-01	1.534135045745733394e-01	-3.510318976129716412e-02	-5.117002895411194678e-03
1.023411402105452712e-10	2.171680839408079766e+00	1.468300912951279535e+01	2.183992616606553749e-01	7.003948334929160913e-02	1.758203458544505687e-02	7.562792887916521822e-01	1.507165831982448245e-01	-3.543332522561417480e-02	-5.078899315160843170e-03
1.071891319205126445e-10	2.200989856342139284e+00	1.467084242351705825e+01	2.215303448807056930e-01	6.779785756889457338e-02	1.689020963710931647e-02	7.461132242792397617e-01	1.480675271936621462e-01	-3.574854639916796167e-02	-5.038296715742819447e-03
1.122667773510811312e-10	2.229711593781989798e+00	1.465688254363538690e+01	2.246349460249105756e-01	6.560697697297776521e-02	1.622063648856965357e-02	7.360862306805926458e-01	1.454672054773607226e-01	-3.604865957141691057e-02	-4.995353443749932752e-03
1.175849554052158201e-10	2.257822913059665204e+00	1.464113324258322280e+01	2.277117380464002139e-01	6.346748997701272266e-02	1.557316790729237725e-02	7.262030051571464195e-01	1.429161649446307747e-01	-3.633353964975099409e-02	-4.950226001489113799e-03
1.231550603292826197e-10	2.285304211500397198e+00	1.462360347734843380e+01	2.307596398426793594e-01	6.137979235719134841e-02	1.494756816264253621e-02	7.164673362907076903e-01	1.404147000919279686e-01	-3.660312249346919788e-02	-4.903069450025102603e-03
1.289890261253308184e-10	2.312139309058536707e+00	1.460430772963394475e+01	2.337777943617900533e-01	5.934410972374249554e-02	1.434353815327882829e-02	7.068823875677778812e-01	1.379629016305106426e-01	-3.685740219304165649e-02	-4.854036888037254784e-03
1.350993521198024986e-10	2.338315292997296790e+00	1.458326607826174914e+01	2.367655465226979061e-01	5.736049841332033911e-02	1.376072149171603427e-02	6.974506968789757622e-01	1.355606758788092669e-01	-3.709642745863972468e-02	-4.803278937157907935e-03
1.414991297434578731e-10	2.363822330286191153e+00	1.456050409016175351e+01	2.397224211465986965e-01	5.542887119732561874e-02	1.319871684856030805e-02	6.881742652349032152e-01	1.332077740822169010e-01	-3.732029695032532818e-02	-4.750943119406857325e-03
1.482020705798860072e-10	2.388653507190465319e+00	1.453605264305457112e+01	2.426481052553732531e-01	5.354902944838544482e-02	1.265708924037974546e-02	6.790546696371574376e-01	1.309038183990217930e-01	-3.752915638128286741e-02	-4.697173642469860098e-03
1.552225357427047968e-10	2.412804610108338466e+00	1.450994769599092571e+01	2.455424258037156304e-01	5.172065021066617196e-02	1.213537272544659359e-02	6.700930142271493972e-01	1.286483158784791636e-01	-3.772319254537236100e-02	-4.642110748276990356e-03
1.625755666443793407e-10	2.436273967985583599e+00	1.448223001212771344e+01	2.484053349907212327e-01	4.994332965268511587e-02	1.163308159933217588e-02	6.612900860986297147e-01	1.264406831058188796e-01	-3.790263072069027100e-02	-4.585890654466922081e-03
1.702769172225897821e-10	2.459062253197686232e+00	1.445294486905148190e+01	2.512368921022661850e-01	4.821657198541361850e-02	1.114971329925092992e-02	6.526463120412568930e-01	1.242802586854221125e-01	-3.806772971894884644e-02	-4.528645165321281384e-03
1.783430876931905687e-10	2.481172322909218853e+00	1.442214174813501870e+01	2.540372503373236057e-01	4.653981170311993071e-02	1.068475478078035820e-02	6.441618374503954580e-01	1.221663193713183465e-01	-3.821877905884875359e-02	-4.470501637506819025e-03
1.867913599020784805e-10	2.502609019983494498e+00	1.438987404829151728e+01	2.568066395441249150e-01	4.491240122002477381e-02	1.023768213483127430e-02	6.358364763388273389e-01	1.200980861250121740e-01	-3.835609380493735371e-02	-4.411582645075159785e-03
1.956398343517064725e-10	2.523379048350543385e+00	1.435619875487938657e+01	2.595453577815231561e-01	4.333366184744977950e-02	9.807973577510819760e-03	6.276699024225300683e-01	1.180747503135378546e-01	-3.848001328573602553e-02	-4.352006195581217297e-03
2.049074689815846066e-10	2.543490472848683570e+00	1.432117665533120388e+01	2.622537146243636430e-01	4.180286836591326494e-02	9.395108658625620293e-03	6.196616194939057465e-01	1.160954971838458610e-01	-3.859089426703217474e-02	-4.291886330991513676e-03
2.146141197858401440e-10	2.562947911735470985e+00	1.428487766575796591e+01	2.649314335127348485e-01	4.031957591369036975e-02	8.998656906810221373e-03	6.118126904103895480e-01	1.141599367687482491e-01	-3.868907899312536841e-02	-4.231345357694094901e-03
2.247805833548729991e-10	2.581749109143419041e+00	1.424737710092565557e+01	2.675773519444933912e-01	3.888364918440716245e-02	8.618290936701467064e-03	6.041261118516002560e-01	1.122682600117635016e-01	-3.877485943699062604e-02	-4.170516880547383252e-03
2.354286414322420067e-10	2.599885584077562317e+00	1.420874747004525318e+01	2.701896291933582051e-01	3.749506227244402828e-02	8.253733296239074146e-03	5.966058953841729684e-01	1.104210417566004604e-01	-3.884846930794633862e-02	-4.109538593242197807e-03
2.465811075822603842e-10	2.617342992354943387e+00	1.416905541795654244e+01	2.727658367335634715e-01	3.615381910498913220e-02	7.904733927999037582e-03	5.892566889986903256e-01	1.086191519718722881e-01	-3.891008732692536470e-02	-4.048550150217891663e-03
2.582618760682674929e-10	2.634101636413277436e+00	1.412836021274697806e+01	2.753030381477364341e-01	3.485990247439827577e-02	7.571051979715157608e-03	5.820835090085242358e-01	1.068636791938786385e-01	-3.895983747151488680e-02	-3.987690526489111320e-03
2.704959730463131364e-10	2.650137321994833872e+00	1.408671290578271496e+01	2.777978945119942145e-01	3.361323394755531130e-02	7.252443894407034457e-03	5.750914893629803792e-01	1.051558552481388631e-01	-3.899780214534925155e-02	-3.927096933956291357e-03
2.833096101839318258e-10	2.665422157496552202e+00	1.404415618145189448e+01	2.802467521815732998e-01	3.241366127385620494e-02	6.948655768298058616e-03	5.682857521538969836e-01	1.034969967649693734e-01	-3.902402902413887320e-02	-3.866903033387373689e-03
2.967302408188872501e-10	2.679925454228428983e+00	1.400072455693594087e+01	2.826457353915675097e-01	3.126090872993582404e-02	6.659410475403380013e-03	5.616711118590880236e-01	1.018884343671096621e-01	-3.903854203262436401e-02	-3.807237763315305702e-03
3.107866187782014063e-10	2.693614591552554227e+00	1.395644495737867352e+01	2.849908285239140526e-01	3.015461112142338307e-02	6.384412765992810747e-03	5.552521401402450429e-01	1.003314842769325865e-01	-3.904135008997784706e-02	-3.748224132897605768e-03
3.255088599835056406e-10	2.706455898446380459e+00	1.391133749422616006e+01	2.872779564790990947e-01	2.909427625396225972e-02	6.123339920079576108e-03	5.490329250858547727e-01	9.882739191699055348e-02	-3.903245744101321163e-02	-3.689978418006609803e-03
3.409285069746807543e-10	2.718415465629004935e+00	1.386541645323238647e+01	2.895030536873627325e-01	2.807932903892590426e-02	5.875851735732615100e-03	5.430171921230815268e-01	9.737732244107052959e-02	-3.901187142302380700e-02	-3.632609326483866603e-03
3.570785964900469852e-10	2.729459939258756407e+00	1.381869138624667137e+01	2.916621290508605302e-01	2.710904973668860560e-02	5.641576279348851052e-03	5.372079634346339505e-01	9.598230188370972249e-02	-3.897961108473070591e-02	-3.576217537178635365e-03
3.739937302478801677e-10	2.739557230701813229e+00	1.377116831025956500e+01	2.937513196315272301e-01	2.618264787491812740e-02	5.420127493771068582e-03	5.316078241721120534e-01	9.464323316269357411e-02	-3.893571340848220319e-02	-3.520895261973256904e-03
3.917101490809260641e-10	2.748677070336080330e+00	1.372285148955978507e+01	2.957669148321277475e-01	2.529925252758148321e-02	5.211103657480187397e-03	5.262188445744746534e-01	9.336088394774672006e-02	-3.888023986979761287e-02	-3.466726665363372741e-03
4.102658105827190344e-10	2.756788272835272835e+00	1.367375940581695204e+01	2.977047154218077085e-01	2.445819800462127255e-02	5.014156472678109842e-03	5.210443121218799600e-01	9.213630198150514483e-02	-3.881329529277720292e-02	-3.413805194801295111e-03
4.297004704320835313e-10	2.763855183602017540e+00	1.362393067475589170e+01	2.995594977418668536e-01	2.365918034570759984e-02	4.829031148499662342e-03	5.160898555410131650e-01	9.097112367575552194e-02	-3.873501887386995163e-02	-3.362244246935741296e-03
4.500557675700488183e-10	2.769838930163183832e+00	1.357340812950206299e+01	3.013254697207163879e-01	2.290199618591347991e-02	4.655507552180117303e-03	5.113619733029977077e-01	8.986725924309868496e-02	-3.864555394817507927e-02	-3.312162203138503853e-03
4.713753134116729086e-10	2.774699064587637043e+00	1.352223573437680670e+01	3.029965056895206899e-01	2.218646325714082601e-02	4.493380245050697559e-03	5.068675092561507611e-01	8.882675467060460739e-02	-3.854505092219360357e-02	-3.263677121199259380e-03
4.937047852839003559e-10	2.778395776141304285e+00	1.347045879454312534e+01	3.045663771461928904e-01	2.151235902266130165e-02	4.342443599971398602e-03	5.026131987395622280e-01	8.785166792477536180e-02	-3.843367913434122402e-02	-3.216902852857790249e-03
5.170920242896755486e-10	2.780892376112751752e+00	1.341812568493151936e+01	3.060289843795848119e-01	2.087939129569878899e-02	4.202483068091449926e-03	4.986053527731013624e-01	8.694396056810657636e-02	-3.831164424787967399e-02	-3.171946212855366719e-03
5.415871378079465267e-10	2.782157760591186690e+00	1.336529051301130444e+01	3.073785691430340750e-01	2.028716904542758256e-02	4.073267937755930407e-03	4.948495492093581971e-01	8.610540164698790577e-02	-3.817920397244807529e-02	-3.128904600541949996e-03
5.672426068491988835e-10	2.782168779818998683e+00	1.331201624479163392e+01	3.086099107598130331e-01	1.973520159873063187e-02	3.954550238712851822e-03	4.913504657459210612e-01	8.533749404041290898e-02	-3.803668421499980384e-02	-3.087864403726472452e-03
5.941133984965039838e-10	2.780912383435282020e+00	1.325837714364762121e+01	3.097185179197080585e-01	1.922287444611361570e-02	3.846059541333109177e-03	4.881116015236310335e-01	8.464139328201199242e-02	-3.788449125961642489e-02	-3.048899316772917673e-03
6.222570836730231313e-10	2.778387366936870606e+00	1.320443373474343041e+01	3.107014279237302889e-01	1.874918872647428694e-02	3.747446536368200486e-03	4.851334241569972283e-01	8.401746498352107018e-02	-3.772304669230735347e-02	-3.012048484847818387e-03
6.517339604882420571e-10	2.774608954876450984e+00	1.315021601064649381e+01	3.115581611017892993e-01	1.831253048762321659e-02	3.658229197487176173e-03	4.824115144958114887e-01	8.346478706145102344e-02	-3.755275851613699284e-02	-2.977296110205829641e-03
6.826071834272379248e-10	2.769612783925197164e+00	1.309575597535120650e+01	3.122904592013037717e-01	1.791092554191886510e-02	3.577843631339082831e-03	4.799379101336904152e-01	8.298138005193152200e-02	-3.737413172289519303e-02	-2.944591254548382248e-03
7.149428986597561750e-10	2.763453620230793550e+00	1.304109765629545770e+01	3.129019488395852755e-01	1.754220517168416510e-02	3.505682056294693281e-03	4.777021059057315333e-01	8.256443414842436213e-02	-3.718777742002923881e-02	-2.913857485645659270e-03
7.488103857590030225e-10	2.756202476336889529e+00	1.298629950294234270e+01	3.133977966504224444e-01	1.720409632312695086e-02	3.441115468542860992e-03	4.756917150635485148e-01	8.221049964335760962e-02	-3.699440360649081105e-02	-2.885000687264346539e-03
7.842822061337681836e-10	2.747943186891479428e+00	1.293143347624290485e+01	3.137843754549504705e-01	1.689429732051137695e-02	3.383512185398179859e-03	4.738930670073011608e-01	8.191566119076218455e-02	-3.679479601095685115e-02	-2.857915107714595424e-03
8.214343584919422200e-10	2.738765683342450519e+00	1.287656678364415974e+01	3.140689683274391908e-01	1.661045499884396953e-02	3.332239127339701144e-03	4.722913038165583166e-01	8.167565226698253467e-02	-3.658972707558173082e-02	-2.832480908205990949e-03
8.603464416684491388e-10	2.728756930112238077e+00	1.282174993770842875e+01	3.142590433490776158e-01	1.635027059250726209e-02	3.286691633338024391e-03	4.708714276264810983e-01	8.148620612468319979e-02	-3.637988009017750074e-02	-2.808572013182906221e-03
9.011018251665036851e-10	2.717999866131428632e+00	1.276704404863009401e+01	3.143614687892296589e-01	1.611174486249360507e-02	3.246345362518336837e-03	4.696200999305138457e-01	8.134348753659995102e-02	-3.616592065238172227e-02	-2.786078098453468026e-03
9.437878277775391497e-10	2.706571744671755653e+00	1.271251706376008528e+01	3.143824034710805959e-01	1.589315928792782440e-02	3.210751861456812538e-03	4.685256666579287743e-01	8.124412333615860238e-02	-3.594847980058419462e-02	-2.764904276532267457e-03
9.884959046625586031e-10	2.694543430287295038e+00	1.265823890805848606e+01	3.143273236589387842e-01	1.569303979720429801e-02	3.179529515464274512e-03	4.675779940936715673e-01	8.118516906561516755e-02	-3.572814445929185095e-02	-2.744969160393687796e-03
1.035321843295661502e-09	2.681979210584538809e+00	1.260427861836165242e+01	3.142010611179394952e-01	1.551011433339374336e-02	3.152352926808416229e-03	4.667682608397457078e-01	8.116406741581731754e-02	-3.550544924625306104e-02	-2.726202579367407834e-03
1.084365968689608688e-09	2.668938627475856862e+00	1.255070917614421866e+01	3.140078866756534914e-01	1.534330452522824836e-02	3.128948005334826650e-03	4.660888798667854327e-01	8.117860390220793532e-02	-3.528090363477377062e-02	-2.708546043072250671e-03
1.135733358343102889e-09	2.655481274012253312e+00	1.249762090956263272e+01	3.137517314432979321e-01	1.519172124989474557e-02	3.109085504506710861e-03	4.655333312079792396e-01	8.122680516789507199e-02	-3.505506059694595000e-02	-2.691954657258091577e-03
1.189534067370320724e-09	2.641663606060837832e+00	1.244510175825915610e+01	3.134363029150237789e-01	1.505456550104054651e-02	3.092561354747032278e-03	4.650955986464828662e-01	8.130684337585770971e-02	-3.482844441879689307e-02	-2.676387706337125631e-03
1.245883364295008068e-09	2.627538335448239337e+00	1.239323280168697217e+01	3.130651233628238272e-01	1.493109343239245636e-02	3.079189263044594758e-03	4.647699785802562045e-01	8.141700193173219413e-02	-3.460153716741914270e-02	-2.661806474105800260e-03
1.304901978014401580e-09	2.613154723348306341e+00	1.234208867237538598e+01	3.126415517059640270e-01	1.482061393863072854e-02	3.068798784562467262e-03	4.645510604482739891e-01	8.155566163165889337e-02	-3.437478319700490448e-02	-2.648174092153649396e-03
1.366716356462010101e-09	2.598558763261572313e+00	1.229173785287593823e+01	3.121687949492781278e-01	1.472248414314050041e-02	3.061234203010124253e-03	4.644337037457190176e-01	8.172129295102378843e-02	-3.414859169844580017e-02	-2.635455371391628044e-03
1.431458937523481393e-09	2.583793421089993991e+00	1.224224318366095154e+01	3.116499208385277719e-01	1.463610521332174737e-02	3.056352029440043312e-03	4.644130149571257804e-01	8.191244440612950595e-02	-3.392334126591489002e-02	-2.623616886785956354e-03
1.499268432786047049e-09	2.568899232428714541e+00	1.219366382536675886e+01	3.110878765524202616e-01	1.456092290420499952e-02	3.054021048781118547e-03	4.644843420464451200e-01	8.212773502414984217e-02	-3.369938883851581607e-02	-2.612627288015248114e-03
1.570290124729377524e-09	2.553914283791632656e+00	1.214605525775092332e+01	3.104854832369943196e-01	1.449642726887206100e-02	3.054121670937514233e-03	4.646432826758979950e-01	8.236585452562525389e-02	-3.347707035682623289e-02	-2.602457340970797464e-03
1.644676177994662829e-09	2.538874097647222605e+00	1.209946879004278308e+01	3.098454308524852263e-01	1.444214548598871800e-02	3.056544243175662780e-03	4.648856584894916488e-01	8.262556091738085251e-02	-3.325669953060272910e-02	-2.593079800338479388e-03
1.722585965398783835e-09	2.523811677601182968e+00	1.205395157243786031e+01	3.091702792246994180e-01	1.439764304058852203e-02	3.061189362829332301e-03	4.652075249843017901e-01	8.290568077117366208e-02	-3.303856742571224109e-02	-2.584469169022987709e-03
1.804186409392068039e-09	2.508757620637676045e+00	1.200954667489471994e+01	3.084624653957611096e-01	1.436251918179189818e-02	3.067966245187934721e-03	4.656051481852737650e-01	8.320510220016215375e-02	-3.282294437512120466e-02	-2.576601667376938413e-03
1.889652339691211477e-09	2.493740336918263800e+00	1.196629356599532379e+01	3.077243139507498393e-01	1.433640357219167008e-02	3.076792007210755499e-03	4.660749843459296438e-01	8.352276897954860613e-02	-3.261008213414979401e-02	-2.569455118864790409e-03
1.979166867853557524e-09	2.478787478426176971e+00	1.192423185852763012e+01	3.069581131905368410e-01	1.431895421927836289e-02	3.087589575323152358e-03	4.666136117043011566e-01	8.385764474221789333e-02	-3.240023316196863346e-02	-2.563009333061671332e-03
2.072921779595369695e-09	2.463925584946629943e+00	1.188339968689743920e+01	3.061661110481594394e-01	1.430985381938924828e-02	3.100287044867563839e-03	4.672177178275377374e-01	8.420871264621956898e-02	-3.219364391811849191e-02	-2.557245459994215118e-03
2.171117945694509622e-09	2.449179315482973518e+00	1.184383116299190242e+01	3.053504822338639069e-01	1.430880172444741992e-02	3.114816874138238642e-03	4.678840901461344126e-01	8.457498644590720482e-02	-3.199054425001242319e-02	-2.552145556182046620e-03
2.273965752357932151e-09	2.434571497591282885e+00	1.180555652218337492e+01	3.045133264467121403e-01	1.431551430877277958e-02	3.131115420692113811e-03	4.686096220500143850e-01	8.495551012160808269e-02	-3.179114570556850622e-02	-2.547692243708054444e-03
2.381685551976160644e-09	2.420123251541586917e+00	1.176860228069905290e+01	3.036566755913976956e-01	1.432972054524214896e-02	3.149122098312503830e-03	4.693912886940386220e-01	8.534935299985664525e-02	-3.159564424803396748e-02	-2.543868852597594866e-03
2.494508135230316413e-09	2.405854106155784322e+00	1.173299147619507821e+01	3.027824979197016320e-01	1.435116888943980575e-02	3.168780700825961881e-03	4.702261785231823810e-01	8.575561132940577591e-02	-3.140422139695168979e-02	-2.540659384904053308e-03
2.612675225563326382e-09	2.391782620817388683e+00	1.169874519776846356e+01	3.018927329064944876e-01	1.437961188678108133e-02	3.190035186410591309e-03	4.711113935139075726e-01	8.617338390788979730e-02	-3.121705069471833113e-02	-2.538048369532068787e-03
2.736439997074666368e-09	2.377926570015532093e+00	1.166588273857359503e+01	3.009893075519002870e-01	1.441481614154242925e-02	3.212831822108702488e-03	4.720440837938614242e-01	8.660177039815228350e-02	-3.103430127058771568e-02	-2.536020976735807193e-03
2.866067616948244470e-09	2.364302401113199892e+00	1.163442024027725274e+01	3.000740996218083101e-01	1.445655285294413298e-02	3.237117495105952189e-03	4.730214359205217045e-01	8.703988248880950573e-02	-3.085612871809910451e-02	-2.534562632264443244e-03
3.001835813575592210e-09	2.350925279288313963e+00	1.160437073958721399e+01	2.991489381707166939e-01	1.450460591111704840e-02	3.262841607947003335e-03	4.740407122434933673e-01	8.748684833598613375e-02	-3.068267603254867110e-02	-2.533659077246328429e-03
3.144035471591500167e-09	2.337809144725932597e+00	1.157574429971351293e+01	2.982156034639358300e-01	1.455875686364862219e-02	3.289952265419789513e-03	4.750991832677531890e-01	8.794180391585162959e-02	-3.051407367520693123e-02	-2.533296285277673431e-03
3.292971255097148186e-09	2.324966786787127759e+00	1.154854816109526539e+01	2.972758286508039305e-01	1.461880397210555890e-02	3.318401102832152852e-03	4.761942164211531159e-01	8.840390386421660696e-02	-3.035044047288441502e-02	-2.533460475015598436e-03
3.448962260405766611e-09	2.312410236584032663e+00	1.152278754558145479e+01	2.963313255652266776e-01	1.468453699692917787e-02	3.348136669343091190e-03	4.773231390952771269e-01	8.887229550470510109e-02	-3.019188799242631185e-02	-2.534138015359352260e-03
3.612342699709437910e-09	2.300151088317191395e+00	1.149846619236915757e+01	2.953838090405807026e-01	1.475575581102816190e-02	3.379108298304043818e-03	4.784833043793314533e-01	8.934611764347985541e-02	-3.003852412332318200e-02	-2.535315314512258476e-03
3.783462617131932968e-09	2.288199980436207870e+00	1.147558517240026887e+01	2.944349578567948544e-01	1.483225611029600523e-02	3.411263659666422064e-03	4.796720611686461355e-01	8.982451165960214645e-02	-2.989044629803060474e-02	-2.536978784369945793e-03
3.962688638701478467e-09	2.276566569755495095e+00	1.145414286513353552e+01	2.934864084059762845e-01	1.491383604238443426e-02	3.444550091156497497e-03	4.808867921577575366e-01	9.030662767066990892e-02	-2.974774053980683633e-02	-2.539114772586281276e-03
4.150404757850472502e-09	2.265259580553582008e+00	1.143413505023144872e+01	2.925397550875258879e-01	1.500029354659123716e-02	3.478914093423833391e-03	4.821249034109224008e-01	9.079162367531480593e-02	-2.961048226224050756e-02	-2.541709599783927888e-03
4.347013158125017173e-09	2.254286835294338154e+00	1.141555504617854488e+01	2.915965472659621804e-01	1.509142958069760801e-02	3.514301982845849468e-03	4.833838436312639097e-01	9.127866881772084273e-02	-2.947873552620911691e-02	-2.544749424436589403e-03
4.552935074866938773e-09	2.243655449493336285e+00	1.139839399375048323e+01	2.906583039413664915e-01	1.518703770906998547e-02	3.550657419086497308e-03	4.846610461412448334e-01	9.176693203409208577e-02	-2.935255647445719068e-02	-2.548220346034036406e-03
4.768611697714474181e-09	2.233372125422597776e+00	1.138264133220531349e+01	2.897265367143601056e-01	1.528691304811011405e-02	3.587922817862921384e-03	4.859539500187185501e-01	9.225557566423785161e-02	-2.923199589772539422e-02	-2.552108194895708494e-03
4.994505115855140358e-09	2.223442821293442950e+00	1.136828420746887680e+01	2.888027192674445520e-01	1.539084249537812574e-02	3.626037893489816345e-03	4.872599857417033720e-01	9.274376593211049180e-02	-2.911709458315085014e-02	-2.556398490629942146e-03
5.231099308056257792e-09	2.213872714111423612e+00	1.135530745494181559e+01	2.878882800301605371e-01	1.549861449054859390e-02	3.664941694447826186e-03	4.885766274704086976e-01	9.323068125108091575e-02	-2.900788335854291577e-02	-2.561076570149726714e-03
5.478901179593956120e-09	2.204666222515631269e+00	1.134369367084885027e+01	2.869846004890656554e-01	1.561000775865658934e-02	3.704570202991217497e-03	4.899013467930954935e-01	9.371550837842627935e-02	-2.890438314862771307e-02	-2.566127554798761697e-03
5.738441648302404521e-09	2.195827030995177509e+00	1.133342333586676531e+01	2.860930125336456631e-01	1.572480791904910802e-02	3.744860316047374932e-03	4.912316905856968230e-01	9.419745292154174665e-02	-2.880660470006883925e-02	-2.571536285479777105e-03
6.010276782070388176e-09	2.187358189661332553e+00	1.132447496656642194e+01	2.852148051594779465e-01	1.584279032570590565e-02	3.785745479441249371e-03	4.925652010299971240e-01	9.467572756677282431e-02	-2.871455033880383409e-02	-2.577287383284157171e-03
6.294988990221888141e-09	2.179262392038068263e+00	1.131682542371713929e+01	2.843512507240817944e-01	1.596372329546357979e-02	3.827156348491816528e-03	4.938994074583814009e-01	9.514954250386520318e-02	-2.862821626303050856e-02	-2.583364945326074250e-03
6.593188271333541710e-09	2.171541749756276118e+00	1.131044961539448579e+01	2.835035810788837929e-01	1.608736886546244943e-02	3.869021186455448569e-03	4.952318536169244556e-01	9.561811748925475030e-02	-2.854759047973894764e-02	-2.589752742116753319e-03
6.905513520162316861e-09	2.164197667062617736e+00	1.130532046521550349e+01	2.826729700277647028e-01	1.621348563196878256e-02	3.911266980652850639e-03	4.965601283451397396e-01	9.608069277576748723e-02	-2.847264997146356155e-02	-2.596434082978872366e-03
7.232633896483518810e-09	2.157230899550004910e+00	1.130140900601338849e+01	2.818605368425385338e-01	1.634182870418150746e-02	3.953819204641557949e-03	4.978818639084844899e-01	9.653652777377517979e-02	-2.840336383161756739e-02	-2.603392214735388271e-03
7.575250258771920716e-09	2.150641537068537890e+00	1.129868451087565084e+01	2.810673391824003442e-01	1.647215019676870340e-02	3.996602351859472255e-03	4.991947465289899299e-01	9.698490609523076345e-02	-2.833969064541563485e-02	-2.610609953961162081e-03
7.934096665797492339e-09	2.144429044679220020e+00	1.129711459031135767e+01	2.802943746798000069e-01	1.660419800984091337e-02	4.039539565462193539e-03	5.004965112996220267e-01	9.742513479221168171e-02	-2.828158046989905430e-02	-2.618069940799090754e-03
8.309941949353386453e-09	2.138592279349055492e+00	1.129666533570648923e+01	2.795425784485111587e-01	1.673771220104821114e-02	4.082551568325994140e-03	5.017849306414512434e-01	9.785654399058875408e-02	-2.822897449159579922e-02	-2.625754567054828115e-03
8.703591361485183753e-09	2.133129507231279920e+00	1.129730141618978756e+01	2.788128220678911529e-01	1.687244344823613657e-02	4.125562170628180141e-03	5.030578956475603158e-01	9.827849946539934933e-02	-2.818180540600556325e-02	-2.633646020929887935e-03
9.115888299750837812e-09	2.128038431656356089e+00	1.129898621187851582e+01	2.781059132997732997e-01	1.700812842471333478e-02	4.168491231218590144e-03	5.043133121774509009e-01	9.869038880267715086e-02	-2.813999810212588354e-02	-2.641726358651261958e-03
9.547716114208065503e-09	2.123316208980512876e+00	1.130168194403487369e+01	2.774225945300290430e-01	1.714450649295757440e-02	4.211259620579325090e-03	5.055491749090172959e-01	9.909163303295674685e-02	-2.810346953546334278e-02	-2.649977468697714729e-03
1.000000000000000021e-08	2.118959465185219493e+00	1.130534980697101410e+01	2.767635414928749094e-01	1.728131875666970296e-02	4.253788688388993912e-03	5.067635652605212426e-01	9.948168666249596059e-02	-2.807212874946288586e-02	-2.658381072863817435e-03
