# Pressure Mass Radius Compactness k2 k3 h2 h3 j2 j3
9.999999999999999799e-13	1.090280212067995663e-01	1.574180489318375820e+01	1.022713148852635173e-02	3.270561906705402033e-02	8.078308365412316047e-03	1.036509355613216998e+00	3.254671841542470800e-01	-3.695283792511187262e-04	-7.318041064451965042e-05
1.047370897959448749e-12	1.120642443038548097e-01	1.548129090775407235e+01	1.068882902675533965e-02	3.449552356485976329e-02	8.498314606425853845e-03	1.038883244082744906e+00	3.251616479548542493e-01	-4.011348943831751445e-04	-7.973867420641479211e-05
1.096985797892381920e-12	1.152795706506308110e-01	1.523665121267127276e+01	1.117205485081427738e-02	3.641474552363633405e-02	8.942092256913069387e-03	1.041470887698116687e+00	3.248542552933360028e-01	-4.358041625675492426e-04	-8.698958584579127525e-05
1.148951000187311009e-12	1.186768513578742301e-01	1.500731489617063552e+01	1.167705309950863891e-02	3.846382036890656081e-02	9.429786985959132811e-03	1.044274337604388814e+00	3.245459219840128862e-01	-4.737528136534667868e-04	-9.499314070714682450e-05
1.203377840777590522e-12	1.222598468475520755e-01	1.479264356618498510e+01	1.220417115107632657e-02	4.064294050631479804e-02	9.941492776162554057e-03	1.047294619958266892e+00	3.242374676855364068e-01	-5.152120767775476709e-04	-1.038144977048109776e-04
1.260382929679727463e-12	1.260333785126589445e-01	1.459196205538917468e+01	1.275387398753258066e-02	4.295203269978895011e-02	1.050789796409142170e-02	1.050532285308845459e+00	3.239296023944125968e-01	-5.604300274620712449e-04	-1.135246049871278513e-04
1.320088400831416649e-12	1.300032953518694412e-01	1.440459124454742224e+01	1.332673178452224716e-02	4.539073384120607263e-02	1.110046881208769445e-02	1.053986757735095647e+00	3.236229307256804355e-01	-6.096719412474299301e-04	-1.242004077879623977e-04
1.382622173764653478e-12	1.341759512823570977e-01	1.422988503041784014e+01	1.392334315265511720e-02	4.795807145691286660e-02	1.174135188757754501e-02	1.057656585004010052e+00	3.233179824304787120e-01	-6.632143697756109251e-04	-1.359236574263282809e-04
1.448118227674535917e-12	1.385580362489856610e-01	1.406723292976892026e+01	1.454431513331221927e-02	5.065230547742323453e-02	1.242444836089312901e-02	1.061538658695996507e+00	3.230151978601843998e-01	-7.213427266113197570e-04	-1.487803985111334573e-04
1.516716888470924089e-12	1.431565521792762252e-01	1.391605661605318645e+01	1.519026247768707344e-02	5.347091717406072392e-02	1.314566352032877673e-02	1.065628374031242664e+00	3.227149099387038311e-01	-7.843503421443781065e-04	-1.628607286635458114e-04
1.588565129428052692e-12	1.479787819380884162e-01	1.377580777724176109e+01	1.586180509333919367e-02	5.641057391732724052e-02	1.391540057097889749e-02	1.069919686332912123e+00	3.224173215289812267e-01	-8.525372668759192583e-04	-1.782584328184561647e-04
1.663816886076127415e-12	1.530322560800758402e-01	1.364596625018007003e+01	1.655956495775095030e-02	5.946710470118087011e-02	1.472943179766885921e-02	1.074404780035101314e+00	3.221224866047491808e-01	-9.262089244447929389e-04	-1.950705532298102575e-04
1.742633386009647278e-12	1.583247167348116879e-01	1.352603823112723624e+01	1.728416263325404864e-02	6.263551730922635452e-02	1.558628958083651921e-02	1.079074313572245369e+00	3.218302969883351516e-01	-1.005674582334842261e-03	-2.133968361014904795e-04
1.825183494319046040e-12	1.638640785373628728e-01	1.341555447496015141e+01	1.803621352243575324e-02	6.590996671116926275e-02	1.648835720673283781e-02	1.083917311324360311e+00	3.215404594331214838e-01	-1.091245674980750348e-03	-2.333391000374595951e-04
1.911644075385703708e-12	1.696583853820969878e-01	1.331406850894192395e+01	1.881632376793002798e-02	6.928380320412418081e-02	1.743345477429577087e-02	1.088921189329739692e+00	3.212524912659653897e-01	-1.183233940209214201e-03	-2.550004941264984713e-04
2.002200371815584363e-12	1.757157630703081452e-01	1.322115483602495090e+01	1.962508590599558109e-02	7.274956094483066293e-02	1.842247621370848853e-02	1.094071820749604740e+00	3.209657017888961628e-01	-1.281949399686778358e-03	-2.784846627412022619e-04
2.097046401323230665e-12	1.820443669801657116e-01	1.313640715800199033e+01	2.046307421331047816e-02	7.629899238470103096e-02	1.945274176245932046e-02	1.099353521114220911e+00	3.206791854927846241e-01	-1.387698165188394357e-03	-3.038948121387048391e-04
2.196385372416542332e-12	1.886523245585588759e-01	1.305943662381283410e+01	2.133083978733539901e-02	7.992309403045393112e-02	2.052291500729736332e-02	1.104749139813227421e+00	3.203918179172884906e-01	-1.500780076731400049e-03	-3.313326870458967828e-04
2.300430119772921506e-12	1.955476716802694859e-01	1.298987012604770896e+01	2.222890528546564437e-02	8.361215193097590315e-02	2.163050126034679957e-02	1.110240129027908251e+00	3.201022501928943442e-01	-1.621486157481398039e-03	-3.608974417199258249e-04
2.409403560239526876e-12	2.027382833929662065e-01	1.292734863507337195e+01	2.315775946136327049e-02	8.735577819903585228e-02	2.277351411076925999e-02	1.115806622360153488e+00	3.198089123236579345e-01	-1.750095934148408923e-03	-3.926844535717844299e-04
2.523539170434765862e-12	2.102317975674165562e-01	1.287152560346119934e+01	2.411785133758500427e-02	9.114295297489850844e-02	2.394909880791940004e-02	1.121427494080557308e+00	3.195100132166732165e-01	-1.886874562925351271e-03	-4.267840430553163501e-04
2.643081486974102692e-12	2.180355320472468217e-01	1.282206542851227304e+01	2.510958415340245817e-02	9.496208507263623200e-02	2.515362148076389498e-02	1.127080470666579792e+00	3.192035516067142087e-01	-2.032069827877543925e-03	-4.632801366394311568e-04
2.768286630392061017e-12	2.261563506059802997e-01	1.277864230267753598e+01	2.613330330332779006e-02	9.880103735473985682e-02	2.638368725356475541e-02	1.132742198426693658e+00	3.188873257656397731e-01	-2.185908139912547989e-03	-5.022486643296956987e-04
2.899422853882880921e-12	2.346007999904314301e-01	1.274093899526504181e+01	2.718931633062452932e-02	1.026473308859943839e-01	2.763494949227949041e-02	1.138388576012910880e+00	3.185589454884391603e-01	-2.348595688192819768e-03	-5.437572530523133345e-04
3.036771118035460378e-12	2.433756084430386546e-01	1.270864644167317437e+01	2.827795425822562589e-02	1.064884951477635400e-01	2.890329126484032785e-02	1.143995336269769014e+00	3.182158368479982569e-01	-2.520327182589377369e-03	-5.878669236753026250e-04
3.180625692794118977e-12	2.524877503864496608e-01	1.268146576115878155e+01	2.939957785165721663e-02	1.103122248810875228e-01	3.018453826308239649e-02	1.149538351017039384e+00	3.178552698883840288e-01	-2.701287019900364909e-03	-6.346319489031172984e-04
3.331294787934670055e-12	2.619444463471197748e-01	1.265910972656057254e+01	3.055457631119000081e-02	1.141064216944380205e-01	3.147387580639822435e-02	1.154993702632516550e+00	3.174743786002712231e-01	-2.891649368720202416e-03	-6.840994685981131905e-04
3.489101213406766494e-12	2.717531626662200717e-01	1.264130364125403716e+01	3.174336618253301850e-02	1.178592719041372527e-01	3.276697435578272699e-02	1.160337861111302216e+00	3.170701865183299661e-01	-3.091578316873874136e-03	-7.363091528733476483e-04
3.654383070957261569e-12	2.819216107761566836e-01	1.262778579596943551e+01	3.296639035138790308e-02	1.215593188813732239e-01	3.405886390878792858e-02	1.165547813325105597e+00	3.166396333178232991e-01	-3.301228071808961790e-03	-7.912929088823799197e-04
3.827494478516314936e-12	2.924577460479230173e-01	1.261830761927197031e+01	3.422411707230164218e-02	1.251955012163671055e-01	3.534504700145797013e-02	1.170601161263246759e+00	3.161795957349000652e-01	-3.520743207270269747e-03	-8.490746335624115276e-04
4.008806328898464320e-12	3.033697656278867005e-01	1.261263360511555653e+01	3.551703893284451768e-02	1.287572119401311777e-01	3.662082512321118005e-02	1.175476235522314727e+00	3.156869136508229645e-01	-3.750258918534838271e-03	-9.096699998623446063e-04
4.198707084443905621e-12	3.146661058618969165e-01	1.261054107560636872e+01	3.684567181570703315e-02	1.322343025648849701e-01	3.788150983631188157e-02	1.180152106846379390e+00	3.151584051405911246e-01	-3.989901305077384920e-03	-9.730862840027357848e-04
4.397603609302712498e-12	3.263554381712210906e-01	1.261181982689303638e+01	3.821055371420092883e-02	1.356171806323265006e-01	3.912259302743864575e-02	1.184608800142333607e+00	3.145909005842573714e-01	-4.239787624818002094e-03	-1.039322215777767691e-03
4.605922041145112927e-12	3.384466648468119621e-01	1.261627169101383394e+01	3.961224357728319184e-02	1.388967686863349371e-01	4.033961553289348162e-02	1.188827207300322764e+00	3.139812492298174051e-01	-4.500026574758884436e-03	-1.108367869351960504e-03
4.824108704165373984e-12	3.509489130559950154e-01	1.262371004085466097e+01	4.105131998549284289e-02	1.420645549394909113e-01	4.152819908662649245e-02	1.192789199461017358e+00	3.133263442895247719e-01	-4.770718526461706008e-03	-1.180204572049674359e-03
5.052631065335679604e-12	3.638715281573467464e-01	1.263395926271693348e+01	4.252837977674458342e-02	1.451126138085543638e-01	4.268417825390056347e-02	1.196477680199786509e+00	3.126231415156346949e-01	-5.051955751143153220e-03	-1.254804841133877165e-03
5.291978735958436557e-12	3.772240654969187257e-01	1.264685420752204870e+01	4.404403654360131148e-02	1.480336009588485713e-01	4.380355214696127902e-02	1.199876580792142766e+00	3.118686721584671973e-01	-5.343822603743928791e-03	-1.332132339824491874e-03
5.542664520663095602e-12	3.910162809541113393e-01	1.266223963490003435e+01	4.559891903188109663e-02	1.508207670245129972e-01	4.488245055402168004e-02	1.202970895814760466e+00	3.110600598897684810e-01	-5.646395674503798534e-03	-1.412141854004712004e-03
5.805225516094907684e-12	4.052580918510925723e-01	1.267996961438626258e+01	4.719366630700835147e-02	1.534679608641342785e-01	4.591728430193445232e-02	1.205746708673802958e+00	3.101945371389595030e-01	-5.959743274769938558e-03	-1.494779122881456646e-03
6.080224261649427052e-12	4.199593554340070867e-01	1.269990645231024651e+01	4.882890368790007013e-02	1.559695750614888410e-01	4.690461611769249084e-02	1.208191118977147482e+00	3.092694669408008190e-01	-6.283920843462045130e-03	-1.579979631013777490e-03
6.368249944718585906e-12	4.351297307917805224e-01	1.272191939625817980e+01	5.050523002357513308e-02	1.583205304543635061e-01	4.784122555222487111e-02	1.210292234383972154e+00	3.082823620417283750e-01	-6.618968096483117750e-03	-1.667667915377746756e-03
6.669919663030115058e-12	4.507786430932445021e-01	1.274588368096193669e+01	5.222321638880916134e-02	1.605162562045622521e-01	4.872410289423348417e-02	1.212039128020441003e+00	3.072308925496526899e-01	-6.964908424739846282e-03	-1.757757517460749579e-03
6.985879746785234820e-12	4.669152391496975696e-01	1.277167975297432356e+01	5.398340367245934440e-02	1.625527036917855384e-01	4.955049420528644111e-02	1.213421874952411494e+00	3.061128982161926415e-01	-7.321748136893184607e-03	-1.850150944432253381e-03
7.316807143427207274e-12	4.835483401405945569e-01	1.279919260883030852e+01	5.578629990766851426e-02	1.644263329968012610e-01	5.031787598720350446e-02	1.214431526234190706e+00	3.049263983585014381e-01	-7.689475671566877932e-03	-1.944739675273995808e-03
7.663410868007462274e-12	5.006863917746587900e-01	1.282831121848018618e+01	5.763237743512730077e-02	1.661341017466306524e-01	5.102397525454045041e-02	1.215060091208374216e+00	3.036695988767149079e-01	-8.068060785541565985e-03	-2.041404213675475018e-03
8.026433522257174683e-12	5.183374123042929771e-01	1.285892801878176606e+01	5.952206996992472077e-02	1.676735311610769996e-01	5.166679667240631213e-02	1.215300693670759324e+00	3.023409117916408539e-01	-8.457453733419460773e-03	-2.140014193392854661e-03
8.406652885618316356e-12	5.365089381632534016e-01	1.289093846528770015e+01	6.145576956190803436e-02	1.690425500544009974e-01	5.224458869097706876e-02	1.215147227826185228e+00	3.009389395120505850e-01	-8.857584433750417471e-03	-2.240428535713858728e-03
8.804883581643446547e-12	5.552079680921633287e-01	1.292424063612701524e+01	6.343382354586980798e-02	1.702396440297845037e-01	5.275588570581018349e-02	1.214594704119750679e+00	2.994625055236687095e-01	-9.268361649601894112e-03	-2.342495666207867078e-03
9.221978823334340144e-12	5.744409052074764821e-01	1.295873488394308737e+01	6.545653140696336414e-02	1.712637426798027107e-01	5.319949104095651055e-02	1.213639002865096295e+00	2.979106430372798764e-01	-9.689672167091076954e-03	-2.446053787729528858e-03
9.658832241158709141e-12	5.942134977815648478e-01	1.299432352420276970e+01	6.752414167731805861e-02	1.721143514977609701e-01	5.357450209843052369e-02	1.212277187206568518e+00	2.962826232974769547e-01	-1.012138000325606656e-02	-2.550931216954599456e-03
1.011637979766206976e-11	6.145307785678454371e-01	1.303091056475094867e+01	6.963684879339319955e-02	1.727913000669717980e-01	5.388026241737831068e-02	1.210506935687811536e+00	2.945779183824326353e-01	-1.056332562841444216e-02	-2.656946780373588106e-03
1.059560179277614774e-11	6.353970033299769504e-01	1.306840146837317640e+01	7.179479000006991352e-02	1.732949371641566150e-01	5.411640165575368894e-02	1.208327001121368705e+00	2.927962383616836139e-01	-1.101532523412131898e-02	-2.763910276920903374e-03
1.109752496412069864e-11	6.568155886993387593e-01	1.310670294409677084e+01	7.399804230945200567e-02	1.736261917462428306e-01	5.428284904764658220e-02	1.205737369558845806e+00	2.909375459326217217e-01	-1.147717005001831596e-02	-2.871623006738867941e-03
1.162322468679854125e-11	6.787890490982471103e-01	1.314572276962606523e+01	7.624661944198400654e-02	1.737861952591340797e-01	5.437975298555567522e-02	1.202738392884023177e+00	2.890019934471119711e-01	-1.194862568704373532e-02	-2.979878357821690721e-03
1.217382727739662020e-11	7.013190188622320242e-01	1.318536979477484294e+01	7.854047746935988172e-02	1.737766664963331931e-01	5.440755666983008998e-02	1.199331687231428578e+00	2.869899852920832495e-01	-1.242943338280969902e-02	-3.088462872080176887e-03
1.275051240713012859e-11	7.244068741223502750e-01	1.322555514581799052e+01	8.087957996387809545e-02	1.735996935620994497e-01	5.436694798235121306e-02	1.195519542905938426e+00	2.849020799647197233e-01	-1.291932401063534790e-02	-3.197160134156316370e-03
1.335451562929897339e-11	7.480537081241717123e-01	1.326619255423955579e+01	8.326389415626482549e-02	1.732577721536143478e-01	5.425885894296424150e-02	1.191305040281559480e+00	2.827389991458724161e-01	-1.341801822267906473e-02	-3.305751382831972722e-03
1.398713102647241439e-11	7.722601013945211701e-01	1.330719821048189466e+01	8.569336697365917410e-02	1.727537899003601385e-01	5.408445167772966272e-02	1.186692067997921818e+00	2.805016435145801790e-01	-1.392522229067916749e-02	-3.414015218452871956e-03
1.464971398307287854e-11	7.970260847361101408e-01	1.334849082692993960e+01	8.816792149568017378e-02	1.720910033687205465e-01	5.384510585138791577e-02	1.181685292928254194e+00	2.781910892032345983e-01	-1.444062806768821490e-02	-3.521728276634595884e-03
1.534368408930013065e-11	8.223511035446786632e-01	1.338999164867593628e+01	9.068745378104238475e-02	1.712730315253355173e-01	5.354240833223117974e-02	1.176290169260221008e+00	2.758085871192509364e-01	-1.496391297971167919e-02	-3.628665923698787266e-03
1.607052818261638620e-11	8.482339824819171703e-01	1.343162443625356595e+01	9.325182984473269487e-02	1.703037898170095543e-01	5.317813018619729770e-02	1.170512803002660140e+00	2.733555501878398020e-01	-1.549474003231766581e-02	-3.734602969486606073e-03
1.683180353330955093e-11	8.746728903101966823e-01	1.347331542841514818e+01	9.586088273710086094e-02	1.691876576248286801e-01	5.275425419836456131e-02	1.164360387351998316e+00	2.708335865119639863e-01	-1.603275783411172231e-02	-3.839314396533171237e-03
1.762914118095944293e-11	9.016653050490018861e-01	1.351499329856387988e+01	9.851440966499798446e-02	1.679290752211687332e-01	5.227287640496952603e-02	1.157840240452212344e+00	2.682444177222312320e-01	-1.657760062136263285e-02	-3.942576098440443884e-03
1.846424942895546448e-11	9.292079799342992663e-01	1.355658910126402539e+01	1.012121692395500927e-01	1.665329149511826645e-01	5.173627917427094103e-02	1.150960739358753537e+00	2.655899531409710579e-01	-1.712888833228203359e-02	-4.044165639122631294e-03
1.933891750455232057e-11	9.572969096967939295e-01	1.359803621933661510e+01	1.039538787265026770e-01	1.650042524466557858e-01	5.114687094807657264e-02	1.143730783778276194e+00	2.628722420912960045e-01	-1.768622667869966872e-02	-4.143863015104537646e-03
2.025501939230666486e-11	9.859272978058087888e-01	1.363927030904044990e+01	1.067392113856744928e-01	1.633483866027408971e-01	5.050718054122227407e-02	1.136159868465312694e+00	2.600934759541458918e-01	-1.824920725775415822e-02	-4.241451429500504855e-03
2.121451784910627571e-11	1.015093524625059418e+00	1.368022924605443791e+01	1.095677938703583376e-01	1.615708211871424438e-01	4.981984489322748011e-02	1.128258061551208113e+00	2.572559834551894631e-01	-1.881740768794394961e-02	-4.336718069072275500e-03
2.221946860939528424e-11	1.044789116928904971e+00	1.372085307660071329e+01	1.124392036943425016e-01	1.596772362289642366e-01	4.908759173664916514e-02	1.120035956374312969e+00	2.543622215877933690e-01	-1.939039178330899046e-02	-4.429454885484359651e-03
2.327202478960412005e-11	1.075006718556820395e+00	1.376108396849387638e+01	1.153529667745433751e-01	1.576734731311638937e-01	4.831322759572811987e-02	1.111504657393871165e+00	2.514147704542731843e-01	-1.996770975924821653e-02	-4.519459373504779165e-03
2.437444150122221807e-11	1.105738063006702188e+00	1.380086616949509448e+01	1.183085550669074060e-01	1.555655086220150696e-01	4.749962241893295606e-02	1.102675736993508959e+00	2.484163249171689181e-01	-2.054889848532335736e-02	-4.606535346332673621e-03
2.552908068239516723e-11	1.136973808242038864e+00	1.384014579052748672e+01	1.213053709708712402e-01	1.533594390196493518e-01	4.664969839999741352e-02	1.093561232790243531e+00	2.453696994043686186e-01	-2.113347917492819708e-02	-4.690493334093105184e-03
2.673841615839943880e-11	1.168701564008483462e+00	1.387886816305411486e+01	1.243425615434321091e-01	1.510615974483941748e-01	4.576647082062328120e-02	1.084174180049643832e+00	2.422780072938854334e-01	-2.172092165595997104e-02	-4.771146492511786977e-03
2.800503894183625342e-11	1.200905302123927543e+00	1.391697643647365368e+01	1.274189744866189578e-01	1.486785219213401232e-01	4.485303664223590919e-02	1.074528591044075609e+00	2.391446791856027265e-01	-2.231063518734791376e-02	-4.848310982526291002e-03
2.933166278390048099e-11	1.233566144528611019e+00	1.395441199758521655e+01	1.305332452722813841e-01	1.462168318234135234e-01	4.391253154836067402e-02	1.064639045802915573e+00	2.359733543425486801e-01	-2.290198487591624948e-02	-4.921809783355229721e-03
3.072112998861759207e-11	1.266662378551821400e+00	1.399111428002733426e+01	1.336838063840322388e-01	1.436832184720117089e-01	4.294811262964035731e-02	1.054520669690587109e+00	2.327678557716175711e-01	-2.349429372325810561e-02	-4.991474285283872131e-03
3.217641750250735458e-11	1.300169474613923182e+00	1.402702073071734468e+01	1.368688951948282273e-01	1.410843946006795080e-01	4.196293755772792511e-02	1.044189002904962305e+00	2.295321624506715119e-01	-2.408684490994428967e-02	-5.057145835132688567e-03
3.370064329271925032e-11	1.334060123614123849e+00	1.406206689381572517e+01	1.400865624395183084e-01	1.384270650133416491e-01	4.096014561347754296e-02	1.033659924338657721e+00	2.262703828560820862e-01	-2.467888454163391296e-02	-5.118677233235961223e-03
3.529707302730657668e-11	1.368304293476850564e+00	1.409618657658870688e+01	1.433346813620607341e-01	1.357179689902032194e-01	3.994285809597380998e-02	1.022949773091069492e+00	2.229867487993396624e-01	-2.526962480995867399e-02	-5.175934150792308418e-03
3.696912707195032437e-11	1.402869306036983899e+00	1.412931207257190813e+01	1.466109577401732145e-01	1.329637222532900342e-01	3.891412709170349177e-02	1.012074917247501649e+00	2.196855530233449150e-01	-2.585824758423580644e-02	-5.228796449050686357e-03
3.872038781812557004e-11	1.437719932210592022e+00	1.416137443479403046e+01	1.499129405100029233e-01	1.301709142803139652e-01	3.787695115491322706e-02	1.001052023355123222e+00	2.163711578885176567e-01	-2.644390831660460919e-02	-5.277159366995598858e-03
4.055460735840827506e-11	1.472818507580446301e+00	1.419230378231731393e+01	1.532380332714932680e-01	1.273461398170050163e-01	3.683427210038461852e-02	9.898981545034075680e-01	2.130479845762782154e-01	-2.702574033164678591e-02	-5.320934575176883806e-03
4.247571552536894126e-11	1.508125065962147238e+00	1.422202963602923198e+01	1.565835063717391784e-01	1.244957348756734750e-01	3.578890411074456962e-02	9.786300260649994920e-01	2.097204250027885075e-01	-2.760285936616979283e-02	-5.360051063558470344e-03
4.448782831127576069e-11	1.543597491789053144e+00	1.425048127328744485e+01	1.599465096922483009e-01	1.216260214084134289e-01	3.474358362813222134e-02	9.672646982294780260e-01	2.063928882817887278e-01	-2.817436839395762518e-02	-5.394455864690850429e-03
4.659525668664686662e-11	1.579191689374151997e+00	1.427758809772877058e+01	1.633240859261632372e-01	1.187431585874642731e-01	3.370092736521689697e-02	9.558191564575552190e-01	2.030697439641899193e-01	-2.873936263107953332e-02	-5.424114591226671632e-03
4.880251583654433574e-11	1.614861768766312045e+00	1.430328001658159565e+01	1.667131843675160874e-01	1.158531128875006366e-01	3.266342073821604935e-02	9.443102209614859799e-01	1.997552981576972142e-01	-2.929693470861713736e-02	-5.449011785446320963e-03
5.111433483440165318e-11	1.650560246419276345e+00	1.432748782308971158e+01	1.701106750405420309e-01	1.129617713858555861e-01	3.163343842802884831e-02	9.327548797864176899e-01	1.964538079049509556e-01	-2.984617994545697359e-02	-5.469151079154179092e-03
5.353566677410718816e-11	1.686238319055295642e+00	1.435014361571149877e+01	1.735133687924728385e-01	1.100746806964426616e-01	3.061318043018559920e-02	9.211695091774125821e-01	1.931693906662407256e-01	-3.038620254462346543e-02	-5.484555174656643647e-03
5.607169938205469661e-11	1.721847669226288957e+00	1.437118222643551135e+01	1.769181811377910640e-01	1.071971413456427463e-01	2.960467681543391127e-02	9.095700108786031191e-01	1.899059291810437644e-01	-3.091614442786821612e-02	-5.495266074526935357e-03
5.872786613189488850e-11	1.757341563178134392e+00	1.439054253776837022e+01	1.803222211272701714e-01	1.043340422671641954e-01	2.860974268913372628e-02	8.979712399180425075e-01	1.866669639215237653e-01	-3.143520237252376420e-02	-5.501344343192298390e-03
6.150985788580503926e-11	1.792673977841711563e+00	1.440816758894901639e+01	1.837226910547147540e-01	1.014899932261261739e-01	2.763002268649802917e-02	8.863874854731990105e-01	1.834558069641764599e-01	-3.194261559759775659e-02	-5.502867685724941935e-03
6.442363508721370414e-11	1.827799678164842678e+00	1.442400497091994893e+01	1.871168803287940885e-01	9.866933344163227038e-02	2.666699822906480610e-02	8.748325015707274499e-01	1.802755534296999751e-01	-3.243766742488637944e-02	-5.499929889383619458e-03
6.747544053110686101e-11	1.862674337405574754e+00	1.443800707636887637e+01	1.905021651049161602e-01	9.587612990411371883e-02	2.572199074655381543e-02	8.633194993505579617e-01	1.771290839623724245e-01	-3.291968722059791103e-02	-5.492639662576652947e-03
7.067181273927477085e-11	1.897254647368528335e+00	1.445013125248391717e+01	1.938760078521250541e-01	9.311418603334231658e-02	2.479617069407721863e-02	8.518611696646802844e-01	1.740190744456963923e-01	-3.338805187516000195e-02	-5.481119398499062316e-03
7.401959996915652408e-11	1.931498420814135253e+00	1.446033988709386264e+01	1.972359568659385609e-01	9.038707126631086164e-02	2.389056849740123223e-02	8.404697724505146850e-01	1.709480084671241851e-01	-3.384218685263774146e-02	-5.465503876027079030e-03
7.752597488629464062e-11	1.965364691942453446e+00	1.446860044116178834e+01	2.005796462984656137e-01	8.769802361252615475e-02	2.300605940037019764e-02	8.291568145566808878e-01	1.679181536858497525e-01	-3.428156718515267681e-02	-5.445938988549110620e-03
8.119844993184008328e-11	1.998813806834537354e+00	1.447488545519946257e+01	2.039047956122730099e-01	8.505005879058410989e-02	2.214339353255638174e-02	8.179333870213663094e-01	1.649315992730686908e-01	-3.470571785607433346e-02	-5.422580397344317800e-03
8.504489341802668113e-11	2.031807510965546015e+00	1.447917251558906671e+01	2.072092094635745729e-01	8.244591797810886524e-02	2.130319028198368603e-02	8.068099836794719870e-01	1.619902449186149673e-01	-3.511421414223522136e-02	-5.395592236410705518e-03
8.907354638610458163e-11	2.064309031121790206e+00	1.448144420504623398e+01	2.104907774858670866e-01	7.988807169052475343e-02	2.048594553328502918e-02	7.957964955622819359e-01	1.590958068835380546e-01	-3.550668165002356103e-02	-5.365145820276083152e-03
9.329304026284695888e-11	2.096283150880082324e+00	1.448168803253461689e+01	2.137474740123969652e-01	7.737874031024363775e-02	1.969204131240330502e-02	7.849022599799443389e-01	1.562498276159329236e-01	-3.588279609108785406e-02	-5.331418373917646072e-03
9.771241535346501225e-11	2.127696280393949202e+00	1.447989634532217806e+01	2.169773578318563434e-01	7.491989043701736961e-02	1.892175170532579484e-02	7.741360281579569014e-01	1.534536801233755132e-01	-3.624228286324684967e-02	-5.294591801685203866e-03
1.023411402105452712e-10	2.158516521363111451e+00	1.447606623230865353e+01	2.201785719788350859e-01	7.251321815881894839e-02	1.817524435407276429e-02	7.635058841280628616e-01	1.507085655174418559e-01	-3.658491646163593292e-02	-5.254851506460310809e-03
1.071891319205126445e-10	2.188714597044525867e+00	1.447019928735448069e+01	2.233494343842586383e-01	7.016018425856719587e-02	1.745258811099512086e-02	7.530192742265210404e-01	1.480154741250163386e-01	-3.691052905798961059e-02	-5.212384028868444555e-03
1.122667773510811312e-10	2.218266489306039535e+00	1.446230148443211405e+01	2.264887019890545750e-01	6.786167978680658630e-02	1.675366925201667023e-02	7.426816128077741164e-01	1.453749211002030861e-01	-3.721903695942808954e-02	-5.167372300178558163e-03
1.175849554052158201e-10	2.247152205479284071e+00	1.445238420837056736e+01	2.295954228423844889e-01	6.561835643706917520e-02	1.607828206480517788e-02	7.324974889601600925e-01	1.427871550926218536e-01	-3.751042519026390187e-02	-5.119996518121062469e-03
1.231550603292826197e-10	2.275355243326621757e+00	1.444046472090928290e+01	2.326688677151521611e-01	6.343061953455447766e-02	1.542613787498204984e-02	7.224706609916589084e-01	1.402522037477607897e-01	-3.778473973292992283e-02	-5.070434155269532873e-03
1.289890261253308184e-10	2.302862430352027534e+00	1.442656616882239362e+01	2.357085073351584958e-01	6.129867349522548359e-02	1.479688222725725547e-02	7.126042039901588909e-01	1.377699089427902590e-01	-3.804208328897473040e-02	-5.018859334397321979e-03
1.350993521198024986e-10	2.329663739241332188e+00	1.441071742337130424e+01	2.387139904936557699e-01	5.922255638224010327e-02	1.419010835884097939e-02	7.029006234677028786e-01	1.353399564176831493e-01	-3.828261062129410808e-02	-4.965442255947435587e-03
1.414991297434578731e-10	2.355752093653194379e+00	1.439295283100972433e+01	2.416851233230050133e-01	5.720213368946110155e-02	1.360536237056591408e-02	6.933618214030594640e-01	1.329618914871071589e-01	-3.850652375514528047e-02	-4.910348701325378123e-03
1.482020705798860072e-10	2.381123174921248253e+00	1.437331191314202350e+01	2.446218502477007783e-01	5.523716408855825627e-02	1.304216079352261450e-02	6.839893281348542464e-01	1.306351547942887770e-01	-3.871406735657388631e-02	-4.853739635410170804e-03
1.552225357427047968e-10	2.405775228291628931e+00	1.435183904392040688e+01	2.475242359763474287e-01	5.332726920147280725e-02	1.249998965612613387e-02	6.747841818522626323e-01	1.283590870668479267e-01	-3.890552410252450660e-02	-4.795770873976548665e-03
1.625755666443793407e-10	2.429708876638998483e+00	1.432858311192937073e+01	2.503924492140090496e-01	5.147196489753710913e-02	1.197831420994020443e-02	6.657470345658680344e-01	1.261329508734132798e-01	-3.908121040806184637e-02	-4.736592849329958332e-03
1.702769172225897821e-10	2.452926937610045766e+00	1.430359717991987445e+01	2.532267473915147393e-01	4.967068201082253803e-02	1.147658628765157486e-02	6.568782221846702907e-01	1.239559484366331427e-01	-3.924147225606999106e-02	-4.676350430375120215e-03
1.783430876931905687e-10	2.475434250999783981e+00	1.427693815174062841e+01	2.560274628940715780e-01	4.792276605310315241e-02	1.099424666479707074e-02	6.481777550437982649e-01	1.218272302101199439e-01	-3.938668138571477934e-02	-4.615182818553133053e-03
1.867913599020784805e-10	2.497237509401225353e+00	1.424866643802535471e+01	2.587949901627851212e-01	4.622749229056064002e-02	1.053073051924665812e-02	6.396453676418786261e-01	1.197459086274138551e-01	-3.951723162669619482e-02	-4.553223487532701182e-03
1.956398343517064725e-10	2.518345099516878793e+00	1.421884563895817699e+01	2.615297740502566803e-01	4.458407264860389518e-02	1.008547024010790147e-02	6.312805377002798091e-01	1.177110667625151097e-01	-3.963353554494922909e-02	-4.490600174297642265e-03
2.049074689815846066e-10	2.538765798993975586e+00	1.418754369845085073e+01	2.642321520560911297e-01	4.299174838515815861e-02	9.657921407102072406e-03	6.230829497725964838e-01	1.157218747853775154e-01	-3.973601492645167238e-02	-4.427438222230310229e-03
2.146141197858401440e-10	2.558502809362508845e+00	1.415483683332733023e+01	2.669016543577361067e-01	4.145013013358164744e-02	9.247657299213781629e-03	6.150543477630641132e-01	1.137780737170739909e-01	-3.982505969145754693e-02	-4.363874844392903046e-03
2.247805833548729991e-10	2.577552716068953309e+00	1.412080188429252026e+01	2.695370255051015573e-01	3.995905706731770618e-02	8.854334795210623207e-03	6.071980056827440686e-01	1.118798996456767253e-01	-3.990100531952454205e-02	-4.300055019060920920e-03
2.354286414322420067e-10	2.595905991905687049e+00	1.408551093280643052e+01	2.721363721191404905e-01	3.851844335799938651e-02	8.477652992696789805e-03	5.995180312038944637e-01	1.100279360796173195e-01	-3.996412877796551993e-02	-4.236126483528067192e-03
2.465811075822603842e-10	2.613547454716173668e+00	1.404902918336728668e+01	2.746972492144293954e-01	3.712821111200713398e-02	8.117332712585285590e-03	5.920190382524199713e-01	1.082230313686215334e-01	-4.001465134016006508e-02	-4.172237474476873237e-03
2.582618760682674929e-10	2.630456958543462509e+00	1.401141390768588124e+01	2.772167529645864215e-01	3.578824637613226695e-02	7.773100838715610653e-03	5.847058979899395492e-01	1.064662222968532912e-01	-4.005274531032788909e-02	-4.108534824712010113e-03
2.704959730463131364e-10	2.646610200074112296e+00	1.397271406488673406e+01	2.796916140307696974e-01	3.449835870050946968e-02	7.444677380097896972e-03	5.775834945626138195e-01	1.047586627548495880e-01	-4.007854261263546491e-02	-4.045162310412990167e-03
2.833096101839318258e-10	2.661979577731672819e+00	1.393297039034671947e+01	2.821182882976138728e-01	3.325826241752739137e-02	7.131767560060346851e-03	5.706565666346503640e-01	1.031015639621191970e-01	-4.009214420374127008e-02	-3.982259217171837083e-03
2.967302408188872501e-10	2.676535064892441085e+00	1.389221583368344604e+01	2.844930428568344105e-01	3.206756797968748907e-02	6.834057460485693132e-03	5.639295912275811284e-01	1.014961447620209567e-01	-4.009362955893736036e-02	-3.919959092548897135e-03
3.107866187782014063e-10	2.690245073694002009e+00	1.385047625503936608e+01	2.868120362064524587e-01	3.092576824431971308e-02	6.551209346996342796e-03	5.574066467851394036e-01	9.994358450603485489e-02	-4.008306596694882068e-02	-3.858388702896677850e-03
3.255088599835056406e-10	2.703077287392926298e+00	1.380777131290519577e+01	2.890713913944656932e-01	2.983224488744670028e-02	6.282862251810342712e-03	5.510913665575779552e-01	9.844499094002968909e-02	-4.006051717504402476e-02	-3.797667171344836553e-03
3.409285069746807543e-10	2.714999451378635964e+00	1.376411549427351844e+01	2.912672618355683363e-01	2.878626172061593547e-02	6.028630366154951077e-03	5.449868393945302980e-01	9.700136750008983566e-02	-4.002605136209308467e-02	-3.737905318523730095e-03
3.570785964900469852e-10	2.725980106456835639e+00	1.371951923050646727e+01	2.933958890581388479e-01	2.778699868295076564e-02	5.788110630343470085e-03	5.390956976756946517e-01	9.561360524046175202e-02	-3.997974807792174790e-02	-3.679205171479788764e-03
3.739937302478801677e-10	2.735989263342726741e+00	1.367399007490879370e+01	2.954536526539685015e-01	2.683351977631586588e-02	5.560876669269726631e-03	5.334199172858253846e-01	9.428244888639540633e-02	-3.992170426592848292e-02	-3.621659657639077906e-03
3.917101490809260641e-10	2.744998378974846887e+00	1.362753684218016303e+01	2.974369797602348653e-01	2.592487851668881516e-02	5.346503659889038224e-03	5.279613338720817728e-01	9.300858904925220216e-02	-3.985204335062515063e-02	-3.565356140515318992e-03
4.102658105827190344e-10	2.752977163077326761e+00	1.358018457514266863e+01	2.993416657911623924e-01	2.506040137094505890e-02	5.144637246048170201e-03	5.227233943301268226e-01	9.179309046189852717e-02	-3.977093474032644682e-02	-3.510395031666492267e-03
4.297004704320835313e-10	2.759893636289995733e+00	1.353196694091956864e+01	3.011630258889825273e-01	2.423956073424097732e-02	4.954966071889240972e-03	5.177105101742656146e-01	9.063727218276365627e-02	-3.967857380698270459e-02	-3.456883098035070951e-03
4.500557675700488183e-10	2.765715435691920909e+00	1.348291997763113947e+01	3.028961628365228753e-01	2.346185101812787305e-02	4.777193393620511944e-03	5.129273185623625109e-01	8.954253856495540675e-02	-3.957517184612876354e-02	-3.404925651146889498e-03
4.713753134116729086e-10	2.770411204490705881e+00	1.343308182510565807e+01	3.045361197235944561e-01	2.272674445821832104e-02	4.611026054172911656e-03	5.083783680377980119e-01	8.851029563594320360e-02	-3.946096149781101042e-02	-3.354623677425032455e-03
4.937047852839003559e-10	2.773952221733922752e+00	1.338249371690318945e+01	3.060780342140360655e-01	2.203366507702344407e-02	4.456168155448958328e-03	5.040678791826750382e-01	8.754187855146125519e-02	-3.933620569811597384e-02	-3.306071597511348395e-03
5.170920242896755486e-10	2.776314075632338785e+00	1.333120168343874035e+01	3.075172846197404830e-01	2.138197282533202404e-02	4.312316738110702832e-03	4.999995531112591540e-01	8.663848786408157032e-02	-3.920120761010734839e-02	-3.259355575503896513e-03
5.415871378079465267e-10	2.777478269109560305e+00	1.327925861927905338e+01	3.088496231046856111e-01	2.077095145509088095e-02	4.179158739817017201e-03	4.961764025267167422e-01	8.580113456509402825e-02	-3.905632016027659609e-02	-3.214552303006448786e-03
5.672426068491988835e-10	2.777433711254018167e+00	1.322672650631341007e+01	3.100712956051673852e-01	2.019981129254422997e-02	4.056371466330334179e-03	4.926006610389314089e-01	8.503059945024285526e-02	-3.890195466829926563e-02	-3.171728173305183966e-03
5.941133984965039838e-10	2.776177972974359420e+00	1.317367655233779900e+01	3.111791877937085671e-01	1.966766879879720473e-02	3.943618231957812630e-03	4.892735619543856496e-01	8.432737102819273800e-02	-3.873858174877818639e-02	-3.130937266127228630e-03
6.222570836730231313e-10	2.773718312928119545e+00	1.312016069631339477e+01	3.121716318076454000e-01	1.917324095885417426e-02	3.840482644094950649e-03	4.861932734917773224e-01	8.369117793789968007e-02	-3.856664613285657600e-02	-3.092196698679032778e-03
6.517339604882420571e-10	2.770075114313392817e+00	1.306620992684343108e+01	3.130488763512974670e-01	1.871478249107602979e-02	3.746451260663310415e-03	4.833542067918458196e-01	8.312076842353310902e-02	-3.838657360849115352e-02	-3.055479722221312970e-03
6.826071834272379248e-10	2.765284009340851501e+00	1.301185987166847902e+01	3.138127608478956110e-01	1.829032981034824784e-02	3.660963885582618673e-03	4.807483720728318310e-01	8.261416258420553604e-02	-3.819885289864782124e-02	-3.020733298142138420e-03
7.149428986597561750e-10	2.759394769572869333e+00	1.295715653858592376e+01	3.144664849055598399e-01	1.789779884012264455e-02	3.583436257956615443e-03	4.783659878544974653e-01	8.216879940749290123e-02	-3.800404385196044094e-02	-2.987885430533344239e-03
7.488103857590030225e-10	2.752469177769034658e+00	1.290215770390867078e+01	3.150143613115439223e-01	1.753507081865474104e-02	3.513280515067416804e-03	4.761960596057798756e-01	8.178168382879026643e-02	-3.780276977679015299e-02	-2.956850791800841489e-03
7.842822061337681836e-10	2.744578587049653073e+00	1.284693218197464049e+01	3.154615800275172854e-01	1.720001660609127639e-02	3.449912306072866561e-03	4.742266592065550457e-01	8.144949459179431916e-02	-3.759570395780542640e-02	-2.927535145147844471e-03
8.214343584919422200e-10	2.735800506789177522e+00	1.279155256158295906e+01	3.158140164674834161e-01	1.689052863280030362e-02	3.392759834510449424e-03	4.724452188628318616e-01	8.116867945567768361e-02	-3.738353311643389382e-02	-2.899836309285272994e-03
8.603464416684491388e-10	2.726211479015576700e+00	1.273607685422692803e+01	3.160778816490415477e-01	1.660450714858187002e-02	3.341266827601267753e-03	4.708387145605293367e-01	8.093559384069383411e-02	-3.716686903197997244e-02	-2.873643131732196709e-03
9.011018251665036851e-10	2.715885184025263577e+00	1.268056773471745124e+01	3.162590359144232255e-01	1.634007160215739801e-02	3.294938330829897191e-03	4.693952161454298388e-01	8.074687784194051199e-02	-3.694630071867408688e-02	-2.848854404486824300e-03
9.437878277775391497e-10	2.704891284423379449e+00	1.262509414498170202e+01	3.163628098996930094e-01	1.609559332640035298e-02	3.253347255170831263e-03	4.681042091722568133e-01	8.059954142388618681e-02	-3.672239740666626007e-02	-2.825382205845540246e-03
9.884959046625586031e-10	2.693294543312631184e+00	1.256972699840560814e+01	3.163940013099948434e-01	1.586965273822268235e-02	3.216124208186691303e-03	4.669564159621243382e-01	8.049093999397424759e-02	-3.649569471244380747e-02	-2.803150047982086966e-03
1.035321843295661502e-09	2.681154549101697704e+00	1.251453657863185676e+01	3.163569002996570179e-01	1.566100887802710645e-02	3.182949845049172152e-03	4.659436531827289563e-01	8.041874562745310318e-02	-3.626668848154491337e-02	-2.782091260581100092e-03
1.084365968689608688e-09	2.668525760416779580e+00	1.245959106905141667e+01	3.162553243519340418e-01	1.546858287152825563e-02	3.153549973533329321e-03	4.650587479791784551e-01	8.038092182617545545e-02	-3.603583303007282246e-02	-2.762147671445680693e-03
1.135733358343102889e-09	2.655459911148939867e+00	1.240496452842413788e+01	3.160926938060343305e-01	1.529145535603026150e-02	3.127691458523948129e-03	4.642954903637330211e-01	8.037568483164091171e-02	-3.580357969966381504e-02	-2.743271386623521643e-03
1.189534067370320724e-09	2.642008417273161047e+00	1.235074170988443143e+01	3.158721907580145927e-01	1.512884629652440534e-02	3.105175179841895231e-03	4.636484320140263349e-01	8.040142518210842415e-02	-3.557040572547282009e-02	-2.725424115160055699e-03
1.245883364295008068e-09	2.628219701884340509e+00	1.229700278151912052e+01	3.155968285631666759e-01	1.498003965928327262e-02	3.085821156391065773e-03	4.631124708288184566e-01	8.045664250011039242e-02	-3.533675614012345145e-02	-2.708570101273226338e-03
1.304901978014401580e-09	2.614139248606277555e+00	1.224382236900063248e+01	3.152694813889740377e-01	1.484436854020299359e-02	3.069464670889536246e-03	4.626827639119249769e-01	8.053992398322547264e-02	-3.510304256383955934e-02	-2.692675293047583872e-03
1.366716356462010101e-09	2.599809780807024406e+00	1.219126978091514779e+01	3.148928984603609482e-01	1.472121308484745407e-02	3.055955217359213917e-03	4.623547143369364232e-01	8.064993603011710865e-02	-3.486964604411357804e-02	-2.677707197964044120e-03
1.431458937523481393e-09	2.585271412579112749e+00	1.213940925916415381e+01	3.144697140402831770e-01	1.460999426149087004e-02	3.045154338453490497e-03	4.621239396949320954e-01	8.078541463311361692e-02	-3.463691964462146944e-02	-2.663634809091117682e-03
1.499268432786047049e-09	2.570561813576660359e+00	1.208830036268493480e+01	3.140024554265796186e-01	1.451017147906126688e-02	3.036934815272562815e-03	4.619862605540505651e-01	8.094516004304598555e-02	-3.440519093770458975e-02	-2.650428546573666347e-03
1.570290124729377524e-09	2.555716721812293812e+00	1.203799958379238610e+01	3.134935613687801492e-01	1.442124419024439809e-02	3.031179969717483127e-03	4.619376998805642121e-01	8.112802766793825171e-02	-3.417477092792924748e-02	-2.638060672850604024e-03
1.644676177994662829e-09	2.540770065290433699e+00	1.198856081510692739e+01	3.129453828141688931e-01	1.434274719105269741e-02	3.027782573084628059e-03	4.619744639630679606e-01	8.133292477060885539e-02	-3.394595590962684595e-02	-2.626505312790849977e-03
1.722585965398783835e-09	2.525753726930007659e+00	1.194003449663216010e+01	3.123601739319114556e-01	1.427425984768205224e-02	3.026646903798997906e-03	4.620929988648663223e-01	8.155881900862368972e-02	-3.371902435916989543e-02	-2.615738239048360798e-03
1.804186409392068039e-09	2.510697568901215426e+00	1.189246756993992093e+01	3.117400934704411819e-01	1.421537814279794261e-02	3.027682142836259169e-03	4.622898564238566710e-01	8.180472102477412411e-02	-3.349423711209444793e-02	-2.605736754582361429e-03
1.889652339691211477e-09	2.495629514471383370e+00	1.184590359107495594e+01	3.110872089003011154e-01	1.416573787746125759e-02	3.030807619033257759e-03	4.625618087533792111e-01	8.206969611099471096e-02	-3.327183828791128312e-02	-2.596479606788818038e-03
1.979166867853557524e-09	2.480575603535922991e+00	1.180038274314793689e+01	3.104034998370719944e-01	1.412500023324146821e-02	3.035949308612067785e-03	4.629057782852133429e-01	8.235285394418530303e-02	-3.305205571515344026e-02	-2.587946868736643643e-03
2.072921779595369695e-09	2.465560405515855980e+00	1.175594292024082499e+01	3.096908780429108998e-01	1.409285034512402189e-02	3.043039099484817506e-03	4.633188182093115892e-01	8.265333882491239514e-02	-3.283510649004294651e-02	-2.580120021237080220e-03
2.171117945694509622e-09	2.450608130584726041e+00	1.171262266986370548e+01	3.089512471544097472e-01	1.406899972259090248e-02	3.052014116409067310e-03	4.637980785918871529e-01	8.297030409170642884e-02	-3.262121203648557510e-02	-2.572982243575331913e-03
2.273965752357932151e-09	2.435741774065830700e+00	1.167045822936437816e+01	3.081864718598729125e-01	1.405317662221947268e-02	3.062815393712906877e-03	4.643407856349812679e-01	8.330292070598240006e-02	-3.241058462618782304e-02	-2.566517634224424211e-03
2.381685551976160644e-09	2.420982838946545090e+00	1.162948255880841231e+01	3.073983657605947051e-01	1.404512578543917062e-02	3.075387956417415490e-03	4.649442522119515697e-01	8.365038216728426512e-02	-3.220342285099374313e-02	-2.560710932119712041e-03
2.494508135230316413e-09	2.406351419159909355e+00	1.158972550159082004e+01	3.065886945804228714e-01	1.404460378381294783e-02	3.089679623198806051e-03	4.656058550455535183e-01	8.401190023654005190e-02	-3.199991242657305307e-02	-2.555547470032761437e-03
2.612675225563326382e-09	2.391866246813862951e+00	1.155121381932418068e+01	3.057591781103283779e-01	1.405138356676258714e-02	3.105642166733397526e-03	4.663230568802851361e-01	8.438670697240177598e-02	-3.180022649860746869e-02	-2.551013104983377005e-03
2.736439997074666368e-09	2.377544797018181999e+00	1.151397146042031672e+01	3.049114933068557964e-01	1.406524725053261322e-02	3.123229118020119655e-03	4.670933712967595408e-01	8.477404810565780657e-02	-3.160452672752447206e-02	-2.547094203998559979e-03
2.866067616948244470e-09	2.363403696841877899e+00	1.147802051230741327e+01	3.040472985068355394e-01	1.408598712058193106e-02	3.142395932307171652e-03	4.679143490737334710e-01	8.517317359829880419e-02	-3.141296849090820936e-02	-2.543777664003555369e-03
3.001835813575592210e-09	2.349459058969518566e+00	1.144338192585015257e+01	3.031682547780416015e-01	1.411340351478928418e-02	3.163098954958821693e-03	4.687835512960171758e-01	8.558332626684438116e-02	-3.122570487499168324e-02	-2.541050878870602589e-03
3.144035471591500167e-09	2.335725970682134722e+00	1.141007407529629702e+01	3.022759959420664999e-01	1.414730572065300146e-02	3.185296276751195532e-03	4.696985796474689168e-01	8.600375595318533739e-02	-3.104287922898063892e-02	-2.538901498794867047e-03
3.292971255097148186e-09	2.322218501141534386e+00	1.137811277045578429e+01	3.013721261180443145e-01	1.418750831885244069e-02	3.208946638914484967e-03	4.706570626943831770e-01	8.643371794484953907e-02	-3.086462499992559047e-02	-2.537317407075580147e-03
3.448962260405766611e-09	2.308949726324625917e+00	1.134751126518565556e+01	3.004582195811169032e-01	1.423383063787421465e-02	3.234009340816644800e-03	4.716566550272603409e-01	8.687247291918268055e-02	-3.069106570882216070e-02	-2.536286664213384390e-03
3.612342699709437910e-09	2.295931819383711048e+00	1.131828051785687883e+01	2.995358224625715993e-01	1.428609844841626300e-02	3.260444683602503526e-03	4.726950451704583500e-01	8.731928739755517865e-02	-3.052231598987800720e-02	-2.535797531277590288e-03
3.783462617131932968e-09	2.283176052728340011e+00	1.129042904675832482e+01	2.986064537578928535e-01	1.434414145006533865e-02	3.288213195010344144e-03	4.737699443786874687e-01	8.777343162798555143e-02	-3.035848105528250740e-02	-2.535838338518783212e-03
3.962688638701478467e-09	2.270693377962893056e+00	1.126396431677041043e+01	2.976716415617112754e-01	1.440778857395571232e-02	3.317273937844005937e-03	4.748790347361133146e-01	8.823416056525493212e-02	-3.019966415251067182e-02	-2.536397554311893392e-03
4.150404757850472502e-09	2.258494204501374725e+00	1.123889196239633570e+01	2.967329123335407104e-01	1.447687185746863482e-02	3.347585719638465282e-03	4.760199972230741428e-01	8.870072116651087080e-02	-3.004596290674399484e-02	-2.537463559636532646e-03
4.347013158125017173e-09	2.246588166323440827e+00	1.121521535054197471e+01	2.957917690709343517e-01	1.455122099794582506e-02	3.379105849003107270e-03	4.771905069831141599e-01	8.917235884961065284e-02	-2.989746623489719299e-02	-2.539024682776816391e-03
4.552935074866938773e-09	2.234984120313500355e+00	1.119293552388500501e+01	2.948496895076231916e-01	1.463066799724841750e-02	3.411791398100201631e-03	4.783882577918823764e-01	8.964832143394030339e-02	-2.975425399289101380e-02	-2.541069138905340755e-03
4.768611697714474181e-09	2.223690184738946751e+00	1.117205129574501399e+01	2.939081256130320896e-01	1.471504376176229270e-02	3.445598353487589263e-03	4.796109484795650357e-01	9.012785770152206832e-02	-2.961639729660103804e-02	-2.543585019832888053e-03
4.994505115855140358e-09	2.212713792406626467e+00	1.115255942036682590e+01	2.929685031416654484e-01	1.480417744138170025e-02	3.480481312352074006e-03	4.808562819876463501e-01	9.061021725005030669e-02	-2.948395906951587972e-02	-2.546560307569895563e-03
5.231099308056257792e-09	2.202061740103374188e+00	1.113445454295613324e+01	2.920322266036830539e-01	1.489789817912979576e-02	3.516393923850790609e-03	4.821219703913367516e-01	9.109464970834289799e-02	-2.935699419690671746e-02	-2.549982745990292659e-03
5.478901179593956120e-09	2.191740525027273012e+00	1.111772988041529509e+01	2.911007033056791093e-01	1.499602794303740022e-02	3.553286798803205991e-03	4.834056823608212095e-01	9.158038998864216629e-02	-2.923555354514349031e-02	-2.553839787644803568e-03
5.738441648302404521e-09	2.181756072531180646e+00	1.110237664791481293e+01	2.901753198200487383e-01	1.509838002907053396e-02	3.591107111454812026e-03	4.847050593753387537e-01	9.206666793354144340e-02	-2.911968031785168096e-02	-2.558118585347375021e-03
6.010276782070388176e-09	2.172113652568304687e+00	1.108838389931035806e+01	2.892574323478315224e-01	1.520478794115986097e-02	3.629806764060708544e-03	4.860178548170621671e-01	9.255273094552067537e-02	-2.900940888919654667e-02	-2.562805989225937740e-03
6.294988990221888141e-09	2.162817920996307652e+00	1.107573868760801084e+01	2.883483653303827721e-01	1.531504488847880777e-02	3.669326010728950812e-03	4.873416674026519457e-01	9.303780900035954482e-02	-2.890476523993246519e-02	-2.567888564170537485e-03
6.593188271333541710e-09	2.153872916738630572e+00	1.106442603585401052e+01	2.874494092717306271e-01	1.542896477865072537e-02	3.709609815896605916e-03	4.886742167891554023e-01	9.352115220491845349e-02	-2.880576676626965538e-02	-2.573352558490735534e-03
6.905513520162316861e-09	2.145282097014273859e+00	1.105442906461297348e+01	2.865618196759313063e-01	1.554634908630713602e-02	3.750599109440066244e-03	4.900131988158925589e-01	9.400201257255304255e-02	-2.871242267837403536e-02	-2.579183915160009923e-03
7.232633896483518810e-09	2.137048494780250163e+00	1.104572918324503839e+01	2.856868308537088286e-01	1.566699671845197747e-02	3.792233210006276580e-03	4.913563182147073216e-01	9.447964379134134172e-02	-2.862473554960838495e-02	-2.585368142868252166e-03
7.575250258771920716e-09	2.129174795123880415e+00	1.103830611650966453e+01	2.848256634130354459e-01	1.579069390815674226e-02	3.834446929854751825e-03	4.927012388206975513e-01	9.495329215731904138e-02	-2.854270192123588984e-02	-2.591890204687581894e-03
7.934096665797492339e-09	2.121663117906022133e+00	1.103213769194016436e+01	2.839794987372925572e-01	1.591722399468329177e-02	3.877173976329614195e-03	4.940456519573951932e-01	9.542221578318582642e-02	-2.846630986734636354e-02	-2.598734665043804428e-03
8.309941949353386453e-09	2.114514985966011729e+00	1.102719980194441618e+01	2.831494737623737601e-01	1.604636296443234106e-02	3.920345306162561008e-03	4.953872635875341546e-01	9.588568404155957403e-02	-2.839553852017710073e-02	-2.605885686923236667e-03
8.703591361485183753e-09	2.107731363916419909e+00	1.102346659274286189e+01	2.823366795266150642e-01	1.617788258870516555e-02	3.963890329115865065e-03	4.967238111166788483e-01	9.634298145184939932e-02	-2.833035867031554952e-02	-2.613327081069907222e-03
9.115888299750837812e-09	2.101312639432380003e+00	1.102091042502548390e+01	2.815421580948952451e-01	1.631154881412995306e-02	4.007736510494453591e-03	4.980530609631331762e-01	9.679340887672681359e-02	-2.827073239040360855e-02	-2.621042278350933525e-03
9.547716114208065503e-09	2.095258657041332295e+00	1.101950204549489243e+01	2.807669012936174768e-01	1.644712394983520107e-02	4.051809928641426743e-03	4.993728207922657480e-01	9.723628592727331932e-02	-2.821661358051091167e-02	-2.629014375743107899e-03
1.000000000000000021e-08	2.089568728777002615e+00	1.101921067610616944e+01	2.800118486826041475e-01	1.658436401626727646e-02	4.096034759802945520e-03	5.006809315082942913e-01	9.767095145007498314e-02	-2.816794813168782899e-02	-2.637226158543377105e-03
