# Pressure Mass Radius Compactness k2 k3 h2 h3 j2 j3
9.999999999999999799e-13	1.309729889449429419e-01	2.267204292583993563e+01	8.530241340658188329e-03	5.418455392363970280e-03	4.680498113380243837e-04	9.857237863994778859e-01	3.224247431873332181e-01	-6.530023530581450771e-05	-4.869737076982753423e-06
1.047370897959448749e-12	1.357981573110353668e-01	2.191646822508461767e+01	9.149419528669138629e-03	6.579597907214965874e-03	6.012625794787476241e-04	9.862891733094670821e-01	3.217125323011207905e-01	-8.188095866491239597e-05	-6.492367698182922074e-06
1.096985797892381920e-12	1.407906377125420494e-01	2.124482683717701192e+01	9.785675621214290701e-03	7.887271030313171630e-03	7.617005399725525943e-04	9.871130001430349354e-01	3.209992418964729421e-01	-1.013541612047386370e-04	-8.529116075844935880e-06
1.148951000187311009e-12	1.459543537011795400e-01	2.064501536556419836e+01	1.043931683653606668e-02	9.344272413247922682e-03	9.531658355433155925e-04	9.882020000973416041e-01	3.202867907133613024e-01	-1.239926262407307011e-04	-1.104952223298613271e-05
1.203377840777590522e-12	1.512934372772692937e-01	2.010712886260366972e+01	1.111067038144697774e-02	1.095195661798672136e-02	1.179080716223787628e-03	9.895597408553132857e-01	3.195770004207822423e-01	-1.500696832231706006e-04	-1.412797811392646240e-05
1.260382929679727463e-12	1.568122248155404685e-01	1.962298594754635772e+01	1.180008290869720249e-02	1.271031153427127323e-02	1.440598539713836956e-03	9.911871779164032059e-01	3.188715704392430239e-01	-1.798579506921664929e-04	-1.784325911101536721e-05
1.320088400831416649e-12	1.625152542288391677e-01	1.918577168755143703e+01	1.250791999211360757e-02	1.461796611629899260e-02	1.741251555562922356e-03	9.930824606173265234e-01	3.181720274229230538e-01	-2.136282568310711081e-04	-2.227801148898543151e-05
1.382622173764653478e-12	1.684072630522310265e-01	1.878976546422533644e+01	1.323456567986182157e-02	1.667235406414169230e-02	2.082639169911884754e-03	9.952413951425100880e-01	3.174797248175378339e-01	-2.516487100873727317e-04	-2.751820448343036100e-05
1.448118227674535917e-12	1.744931871820638580e-01	1.843013122904451961e+01	1.398042206185452427e-02	1.886974671743947563e-02	2.466737038494569174e-03	9.976573696746815489e-01	3.167958024822465357e-01	-2.941839312189126893e-04	-3.365256267506397441e-05
1.516716888470924089e-12	1.807781602303976942e-01	1.810275404808092503e+01	1.474590889551024089e-02	2.120534284347483020e-02	2.895197915498167254e-03	1.000321595954134501e+00	3.161211632124995008e-01	-3.414944173186681953e-04	-4.077198688011250135e-05
1.588565129428052692e-12	1.872675112922183305e-01	1.780411159591487191e+01	1.553146299220095963e-02	2.367339701904074348e-02	3.368626929205604387e-03	1.003223358203376492e+00	3.154564708369466675e-01	-3.938360103074687473e-04	-4.896896584499196630e-05
1.663816886076127415e-12	1.939666562494919144e-01	1.753117605686386327e+01	1.633752491936911466e-02	2.626729028956716755e-02	3.888256693382657805e-03	1.006350149952043305e+00	3.148021509021643460e-01	-4.514585320291563666e-04	-5.833683729375528307e-05
1.742633386009647278e-12	2.008809274758804886e-01	1.728133547166137163e+01	1.716451904747256715e-02	2.897957605250538887e-02	4.454124903701045697e-03	1.009687842959532844e+00	3.141583926367126356e-01	-5.146036053959108982e-04	-6.896886885144626886e-05
1.825183494319046040e-12	2.080157117031388447e-01	1.705231841522366310e+01	1.801287107051421921e-02	3.180192007079145344e-02	5.065969105737863805e-03	1.013220466213771376e+00	3.135251089359372134e-01	-5.835050972898174829e-04	-8.095774171288164234e-05
1.911644075385703708e-12	2.153764608612632470e-01	1.684213918861594905e+01	1.888300982332126107e-02	3.472569044459257459e-02	5.723618132554734311e-03	1.016931451082384807e+00	3.129019968127988993e-01	-6.583887669599235073e-04	-9.439492482701759813e-05
2.002200371815584363e-12	2.229686798788475810e-01	1.664905389764790655e+01	1.977536637465810571e-02	3.774149867460357272e-02	6.426133101179116840e-03	1.020802608849273652e+00	3.122884540809852671e-01	-7.394718203985174666e-04	-1.093700439505980757e-04
2.097046401323230665e-12	2.307979095163314176e-01	1.647152445616866956e+01	2.069037254071437806e-02	4.083967353741151107e-02	7.172245747808538886e-03	1.024815150263668651e+00	3.116836711810707650e-01	-8.269624096415264169e-04	-1.259702431047935540e-04
2.196385372416542332e-12	2.388697106126700387e-01	1.630818866052021221e+01	2.162845969246307218e-02	4.401018369236487510e-02	7.960071551188481129e-03	1.028949490473880068e+00	3.110865845867979984e-01	-9.210592299803604987e-04	-1.442795864106930133e-04
2.300430119772921506e-12	2.471896442173708019e-01	1.615783535400547777e+01	2.259005711929009189e-02	4.724272322444530298e-02	8.787829305619844142e-03	1.033185437037923204e+00	3.104959095817669268e-01	-1.021951059919303569e-03	-1.643784589309241510e-04
2.409403560239526876e-12	2.557632524982876299e-01	1.601938352137763744e+01	2.357559065374435076e-02	5.052683537546723974e-02	9.653204795125188212e-03	1.037502421943036435e+00	3.099101516630532460e-01	-1.129816364540948709e-03	-1.863430027410326896e-04
2.523539170434765862e-12	2.645960357539510199e-01	1.589186477073663539e+01	2.458548088466362344e-02	5.385194838623055813e-02	1.055360745355531614e-02	1.041879583570837653e+00	3.093276225715502759e-01	-1.244822841408699471e-03	-2.102445622797618151e-04
2.643081486974102692e-12	2.736934291367498218e-01	1.577440844649492924e+01	2.562014150805780321e-02	5.720752828121514200e-02	1.148620565904115258e-02	1.046296066139086989e+00	3.087464883781072533e-01	-1.367126991251462398e-03	-2.361491578959053672e-04
2.768286630392061017e-12	2.830607763880467753e-01	1.566622901505978582e+01	2.667997741597244107e-02	6.058292793630552092e-02	1.244790855573855645e-02	1.050730710942826773e+00	3.081647094329459935e-01	-1.496873667825454786e-03	-2.641169879095906707e-04
2.899422853882880921e-12	2.927033204700724700e-01	1.556661521099112555e+01	2.776538461985574718e-02	6.396766912223200707e-02	1.343538995284119728e-02	1.055162622556931939e+00	3.075801393161688990e-01	-1.634195843230430538e-03	-2.942019958454452342e-04
3.036771118035460378e-12	3.026263234694805959e-01	1.547492019730271906e+01	2.887676367815284958e-02	6.735144417677055295e-02	1.444520860620101925e-02	1.059571148205060043e+00	3.069905008877018004e-01	-1.779216318638056392e-03	-3.264519121255590652e-04
3.180625692794118977e-12	3.128351333433086467e-01	1.539055418849920898e+01	3.001452659370678136e-02	7.072421001229510507e-02	1.547381974202502626e-02	1.063936041035270286e+00	3.063934096891780534e-01	-1.932048936794369953e-03	-3.609082493138339627e-04
3.331294787934670055e-12	3.233351777825302920e-01	1.531297861282985728e+01	3.117909577352826270e-02	7.407621316007054202e-02	1.651746325063516499e-02	1.068237516965817591e+00	3.057863896714139162e-01	-2.092798832191764165e-03	-3.976061273919805376e-04
3.489101213406766494e-12	3.341319577027050958e-01	1.524170086993830786e+01	3.237090314068141739e-02	7.739806845723633255e-02	1.757241489067649584e-02	1.072456422284222111e+00	3.051669083788918213e-01	-2.261562718182110951e-03	-4.365741433742653796e-04
3.654383070957261569e-12	3.452310367555307957e-01	1.517626972329069091e+01	3.359038882035571272e-02	8.068073288937915866e-02	1.863492286985036009e-02	1.076574179826371047e+00	3.045323757918290131e-01	-2.438429050771448447e-03	-4.778342396132383824e-04
3.827494478516314936e-12	3.566380343738949632e-01	1.511627112194004496e+01	3.483800040092155381e-02	8.391556948299661034e-02	1.970121642618965357e-02	1.080572926031324599e+00	3.038801817152480544e-01	-2.623478312709956722e-03	-5.214016325017061795e-04
4.008806328898464320e-12	3.683586138586130709e-01	1.506132455748264221e+01	3.611419159928244693e-02	8.709435685447664000e-02	2.076747423560030073e-02	1.084435531400385289e+00	3.032077046731957437e-01	-2.816783136184590735e-03	-5.672847271663001949e-04
4.198707084443905621e-12	3.803984726639378366e-01	1.501107976727693760e+01	3.741942130506162312e-02	9.020929781070671782e-02	2.183002637853368594e-02	1.088145627472061339e+00	3.025123302038484896e-01	-3.018408502654925697e-03	-6.154850795167983446e-04
4.397603609302712498e-12	3.927633301349855999e-01	1.496521381930891970e+01	3.875415236164329869e-02	9.325302205604679706e-02	2.288516097954011036e-02	1.091687611078774989e+00	3.017914610306904888e-01	-3.228411859171250679e-03	-6.659973608004273902e-04
4.605922041145112927e-12	4.054589142780870570e-01	1.492342850899109585e+01	4.011885029182338247e-02	9.621861107367193910e-02	2.392930075803079148e-02	1.095046705848740087e+00	3.010425428700684303e-01	-3.446843199608241176e-03	-7.188093366878570058e-04
4.824108704165373984e-12	4.184910070347780398e-01	1.488544785074299348e+01	4.151398837013681176e-02	9.909961481029991304e-02	2.495897090388169218e-02	1.098208989225007537e+00	3.002630662888510216e-01	-3.673746196442196146e-03	-7.739021280234797615e-04
5.052631065335679604e-12	4.318656725162374199e-01	1.485101554217923159e+01	4.294007190192954126e-02	1.018900867156096179e-01	2.597081652144135611e-02	1.101161419034246247e+00	2.994505646556540057e-01	-3.909162553404938942e-03	-8.312512772279426155e-04
5.291978735958436557e-12	4.455890949714196858e-01	1.481989388019570164e+01	4.439762052565561501e-02	1.045845286527229273e-01	2.696161596365951457e-02	1.103891760995653115e+00	2.986026344012406297e-01	-4.153129660039676756e-03	-8.908262119204899982e-04
5.542664520663095602e-12	4.596674906127957705e-01	1.479186236244685837e+01	4.588715875798355520e-02	1.071779160559250127e-01	2.792830642908459074e-02	1.106388669476207953e+00	2.977169548729415305e-01	-4.405679336489846422e-03	-9.525899722376611435e-04
5.805225516094907684e-12	4.741070959871748203e-01	1.476671616505445073e+01	4.740921487887625463e-02	1.096656456556390768e-01	2.886795369654656176e-02	1.108641580687319550e+00	2.967912899405054095e-01	-4.666837888818413903e-03	-1.016499271901792449e-03
6.080224261649427052e-12	4.889141548011250449e-01	1.474426477028050897e+01	4.896431969330937439e-02	1.120434959818938647e-01	2.977778463849604929e-02	1.110640632030191144e+00	2.958234878986847893e-01	-4.936626101376563776e-03	-1.082504556107018266e-03
6.368249944718585906e-12	5.040949041797692098e-01	1.472433072241930674e+01	5.055300528565683654e-02	1.143077389658697235e-01	3.065519842095990738e-02	1.112376916171463392e+00	2.948115140020126645e-01	-5.215059212815727901e-03	-1.150550072238271104e-03
6.669919663030115058e-12	5.196555597354545197e-01	1.470674850133369915e+01	5.217580369542908908e-02	1.164550215320213911e-01	3.149777048769953486e-02	1.113842228643086907e+00	2.937534359649756621e-01	-5.502146851093281214e-03	-1.220573944172843829e-03
6.985879746785234820e-12	5.356022995878919613e-01	1.469136350275628011e+01	5.383324552340312125e-02	1.184823735490850988e-01	3.230323781051769316e-02	1.115029091826209795e+00	2.926474305057736869e-01	-5.797892933892695617e-03	-1.292508253021399777e-03
7.316807143427207274e-12	5.519412472115705626e-01	1.467803111280017170e+01	5.552585846100323297e-02	1.203872508691349874e-01	3.306952370564437277e-02	1.115930860131777669e+00	2.914918011520824526e-01	-6.102295530653144458e-03	-1.366279122386513225e-03
7.663410868007462274e-12	5.686784531149543520e-01	1.466661586957039454e+01	5.725416573380040508e-02	1.221674297640621132e-01	3.379473075929279730e-02	1.116541492867547669e+00	2.902849619788039903e-01	-6.415346690265288226e-03	-1.441806812181738650e-03
8.026433522257174683e-12	5.858198804351806288e-01	1.465699069333455284e+01	5.901868500967588638e-02	1.238210783316542468e-01	3.447714052511487853e-02	1.116855720794704077e+00	2.890254613903154857e-01	-6.737032336335934367e-03	-1.519005842317540725e-03
8.406652885618316356e-12	6.033716789392699065e-01	1.464903608965675907e+01	6.081995682245614626e-02	1.253467776746399753e-01	3.511524710757205764e-02	1.116869048190952673e+00	2.877119605552667658e-01	-7.067337591838179084e-03	-1.597786425007509782e-03
8.804883581643446547e-12	6.213403985854787370e-01	1.464263966939844153e+01	6.265856600513919350e-02	1.267434371009097394e-01	3.570772410371272215e-02	1.116577531601769646e+00	2.863432031566060521e-01	-7.406250997523988397e-03	-1.678055589558073279e-03
9.221978823334340144e-12	6.397326242955276854e-01	1.463769594977865474e+01	6.453510367164209949e-02	1.280102770133121071e-01	3.625342727587722857e-02	1.115977823466617780e+00	2.849180493330402686e-01	-7.753757802195566928e-03	-1.759715702965281058e-03
9.658832241158709141e-12	6.585549273693654948e-01	1.463410588804848977e+01	6.645016221040901672e-02	1.291468598477359675e-01	3.675139493595306478e-02	1.115067260097614810e+00	2.834354901018464878e-01	-8.109839177517693884e-03	-1.842664443792287141e-03
1.011637979766206976e-11	6.778138477574974230e-01	1.463177643001385242e+01	6.840433349656428741e-02	1.301530163159279330e-01	3.720083306086606478e-02	1.113843703677813268e+00	2.818946326749023346e-01	-8.474471907251274888e-03	-1.926794891538772181e-03
1.059560179277614774e-11	6.975158776713600295e-01	1.463062007578131585e+01	7.039820734612212139e-02	1.310288484382257090e-01	3.760111626458532280e-02	1.112305558182952847e+00	2.802947092724044631e-01	-8.847628169969340428e-03	-2.011995661085488798e-03
1.109752496412069864e-11	7.176674428226668123e-01	1.463055447622066296e+01	7.243236977440137281e-02	1.317747438170334962e-01	3.795179059281741929e-02	1.110451812605067090e+00	2.786350800375004266e-01	-9.229275234661661956e-03	-2.098151025661262100e-03
1.162322468679854125e-11	7.382748815136720433e-01	1.463150208454486823e+01	7.450740094553641446e-02	1.323913148140402896e-01	3.825255443653082649e-02	1.108281910137072890e+00	2.769152233359044590e-01	-9.619375035031234311e-03	-2.185141022039157645e-03
1.217382727739662020e-11	7.593444268175929546e-01	1.463338977663492280e+01	7.662387375665544176e-02	1.328794605440120069e-01	3.850327769886611323e-02	1.105795902153783983e+00	2.751347532272244156e-01	-1.001788399705731691e-02	-2.272841647384698203e-03
1.275051240713012859e-11	7.808821808358999972e-01	1.463614856502379347e+01	7.878235132035453503e-02	1.332402660752326773e-01	3.870397070307448478e-02	1.102994223334605506e+00	2.732933996462501014e-01	-1.042475243266706084e-02	-2.361124949121289843e-03
1.335451562929897339e-11	8.028940929138159710e-01	1.463971328890538359e+01	8.098338511511515847e-02	1.334750557189563203e-01	3.885479674352548818e-02	1.099877825870216652e+00	2.713910211595458311e-01	-1.083992420388666701e-02	-2.449859213933452528e-03
1.398713102647241439e-11	8.253859340704579051e-01	1.464402234453659979e+01	8.322751269455888612e-02	1.335853770165399967e-01	3.895606776126647047e-02	1.096448152920968866e+00	2.694276063855736703e-01	-1.126333622160303159e-02	-2.538909130080888987e-03
1.464971398307287854e-11	8.483632373146854366e-01	1.464901741004220170e+01	8.551525213796819236e-02	1.335729665645597475e-01	3.900822828171623957e-02	1.092707073044845600e+00	2.674032670716041671e-01	-1.169491731346877436e-02	-2.628135845813137604e-03
1.534368408930013065e-11	8.718311003962971872e-01	1.465464290692730920e+01	8.784708439047815565e-02	1.334397144820862746e-01	3.901184978975241746e-02	1.088656828031951518e+00	2.653182507217006769e-01	-1.213458444226189759e-02	-2.717396505509788503e-03
1.607052818261638620e-11	8.957940643567808836e-01	1.466084546191118854e+01	9.022344371088664161e-02	1.331877381936589222e-01	3.896764334363420068e-02	1.084300229423644346e+00	2.631729614546646778e-01	-1.258224039818631179e-02	-2.806544179940856712e-03
1.683180353330955093e-11	9.202560673057613716e-01	1.466757352470356679e+01	9.264471520151007500e-02	1.328192816975032886e-01	3.887643347617990991e-02	1.079640422915324249e+00	2.609679397275780355e-01	-1.303777285487266874e-02	-2.895428111099494859e-03
1.762914118095944293e-11	9.452204026750388177e-01	1.467477706058212128e+01	9.511123265306971331e-02	1.323367239937423834e-01	3.873915545418148143e-02	1.074680913008060124e+00	2.587038629374202037e-01	-1.350105360311814814e-02	-2.983894037973283762e-03
1.846424942895546448e-11	9.706896766240804553e-01	1.468240730279034700e+01	9.762327619650555677e-02	1.317426259036023617e-01	3.855686546323860986e-02	1.069425684163960888e+00	2.563815569520884186e-01	-1.397193776550440490e-02	-3.071784549840558647e-03
1.933891750455232057e-11	9.966657653723520749e-01	1.469041654185617674e+01	1.001810699376470826e-01	1.310396829996618717e-01	3.833072501798875237e-02	1.063879092943397664e+00	2.540019855008489036e-01	-1.445026302728973089e-02	-3.158939471771639914e-03
2.025501939230666486e-11	1.023149773426385689e+00	1.469875796400992307e+01	1.027847795515186985e-01	1.302307296601828146e-01	3.806199732381654322e-02	1.058045884781477763e+00	2.515662493558835644e-01	-1.493584890472333428e-02	-3.245196291018182314e-03
2.121451784910627571e-11	1.050141990565409911e+00	1.470738548338303353e+01	1.054345099646875200e-01	1.293187269891055702e-01	3.775204000738337923e-02	1.051931170906551305e+00	2.490755828231166480e-01	-1.542849604812452334e-02	-3.330390617096688332e-03
2.221946860939528424e-11	1.077641850362625942e+00	1.471625364034645678e+01	1.081303028850534448e-01	1.283067418123421954e-01	3.740229498020818805e-02	1.045540382419052783e+00	2.465313468283750753e-01	-1.592798554656351881e-02	-3.414356669841732764e-03
2.327202478960412005e-11	1.105647889205115586e+00	1.472531750245397042e+01	1.108721344729814984e-01	1.271980438135018598e-01	3.701430953464102808e-02	1.038879524554327860e+00	2.439350521657744075e-01	-1.643407832265235402e-02	-3.496927818020403519e-03
2.437444150122221807e-11	1.134157704683521395e+00	1.473453254077461239e+01	1.136599132470896001e-01	1.259959225865182886e-01	3.658968354850580806e-02	1.031954720911660628e+00	2.412883117406161571e-01	-1.694651455742232984e-02	-3.577937123730883396e-03
2.552908068239516723e-11	1.163167896330006279e+00	1.474385460695034489e+01	1.164934755618481643e-01	1.247038450916965052e-01	3.613010539434207552e-02	1.024772624571154367e+00	2.385928794320649471e-01	-1.746501276963994057e-02	-3.657217886080684453e-03
2.673841615839943880e-11	1.192672953762249799e+00	1.475323945778901802e+01	1.193724794221415891e-01	1.233254217697280358e-01	3.563734308014217950e-02	1.017340482135929314e+00	2.358507258306820620e-01	-1.798925034468363757e-02	-3.734601494652896921e-03
2.800503894183625342e-11	1.222664389417324582e+00	1.476264214129988517e+01	1.222963248597492558e-01	1.218644402006553995e-01	3.511325353560462020e-02	1.009666325491913597e+00	2.330641057293844909e-01	-1.851884889760536251e-02	-3.809916545817526156e-03
2.933166278390048099e-11	1.253131829560553356e+00	1.477201696424331878e+01	1.252642661629760623e-01	1.203248346894535831e-01	3.455976470581731408e-02	1.001758743453514899e+00	2.302354491432082595e-01	-1.905339450513678437e-02	-3.882993105927427802e-03
3.072112998861759207e-11	1.284063079297379728e+00	1.478131732315402047e+01	1.282754224039859281e-01	1.187106424623172313e-01	3.397885946487662345e-02	9.936267587850157179e-01	2.273673360277457811e-01	-1.959243949311912508e-02	-3.953663960323139208e-03
3.217641750250735458e-11	1.315444094312300916e+00	1.479049562029715048e+01	1.313287780480246469e-01	1.170260065381248799e-01	3.337256742089061284e-02	9.852798409886630582e-01	2.244624868118479666e-01	-2.013550266028973218e-02	-4.021765621042797112e-03
3.370064329271925032e-11	1.347258962343375721e+00	1.479950321818452075e+01	1.344231842562005896e-01	1.152751267090168091e-01	3.274294792753499467e-02	9.767277798142014467e-01	2.215237431012773983e-01	-2.068206982340043201e-02	-4.087139360079400374e-03
3.529707302730657668e-11	1.379489891603102425e+00	1.480829046549217054e+01	1.375573602261739858e-01	1.134622341597365386e-01	3.209207845797454328e-02	9.679806189463092680e-01	2.185540535215436675e-01	-2.123159443542487618e-02	-4.149632207397888246e-03
3.696912707195032437e-11	1.412117221308146986e+00	1.481680673103945978e+01	1.407298965610805641e-01	1.115919987977537775e-01	3.142213739410425893e-02	9.590497783342069038e-01	2.155565595458749373e-01	-2.178349916879405643e-02	-4.209098111486325039e-03
3.872038781812557004e-11	1.445119411818999833e+00	1.482500051341878411e+01	1.439392557378188220e-01	1.096685164896420428e-01	3.073516793229603972e-02	9.499452913252874886e-01	2.125343429347945345e-01	-2.233717607891171075e-02	-4.265398670714667939e-03
4.055460735840827506e-11	1.478473085536542886e+00	1.483281950976257590e+01	1.471837777894234034e-01	1.076964349881895378e-01	3.003333133718636902e-02	9.406788919009365646e-01	2.094906916553154197e-01	-2.289198928149594262e-02	-4.318404382110478321e-03
4.247571552536894126e-11	1.512153047101509884e+00	1.484021075767864950e+01	1.504616829565006142e-01	1.056801993412820467e-01	2.931871774147937551e-02	9.312619494267520004e-01	2.064288943968210499e-01	-2.344727613349193579e-02	-4.367995418426481348e-03
4.448782831127576069e-11	1.546132327598332301e+00	1.484712077048394541e+01	1.537710764580238754e-01	1.036243587705750618e-01	2.859342108792127177e-02	9.217063227286409477e-01	2.033523179621830601e-01	-2.400234943753223882e-02	-4.414062542794700526e-03
4.659525668664686662e-11	1.580382236566817866e+00	1.485349568448929247e+01	1.571099535545818771e-01	1.015334538690264299e-01	2.785950203435230699e-02	9.120240531549841378e-01	2.002643628739935455e-01	-2.455649972345767471e-02	-4.456507910006153941e-03
4.880251583654433574e-11	1.614872404672963668e+00	1.485928144016393482e+01	1.604762029249633126e-01	9.941200484598454457e-02	2.711897858341491205e-02	9.022273382518343210e-01	1.971684498357458293e-01	-2.510899735744636860e-02	-4.495245763830152050e-03
5.111433483440165318e-11	1.649569949947806702e+00	1.486442376955290712e+01	1.638675246612811554e-01	9.726458828355129260e-02	2.637384923757099889e-02	8.923288556814470418e-01	1.940680999992613898e-01	-2.565908109825125114e-02	-4.530202237491389936e-03
5.353566677410718816e-11	1.684439001729369778e+00	1.486886827947174616e+01	1.672813826587603581e-01	9.509580537014376833e-02	2.562607958298523253e-02	8.823417359149777761e-01	1.909669477382485159e-01	-2.620595274047975154e-02	-4.561315863881148722e-03
5.607169938205469661e-11	1.719441864429580580e+00	1.487256066526836840e+01	1.707151179806090102e-01	9.291024982861663395e-02	2.487758570113426937e-02	8.722793610502301842e-01	1.878686442196114970e-01	-2.674879803549489246e-02	-4.588539546440756345e-03
5.872786613189488850e-11	1.754539231267537636e+00	1.487544691581296519e+01	1.741659672324341324e-01	9.071243011819671298e-02	2.413020981851766653e-02	8.621551296928048336e-01	1.847768155226784947e-01	-2.728679174556329634e-02	-4.611841077761687051e-03
6.150985788580503926e-11	1.789690329353381237e+00	1.487747346243195246e+01	1.776310741975105356e-01	8.850676374226937315e-02	2.338571543511534095e-02	8.519824379776635981e-01	1.816950479620690062e-01	-2.781910197428870760e-02	-4.631203474079424558e-03
6.442363508721370414e-11	1.824853072984777835e+00	1.487858740884306208e+01	1.811075007933257153e-01	8.629762733379070516e-02	2.264579655723852891e-02	8.417748339877704211e-01	1.786268919953656331e-01	-2.834489429066962621e-02	-4.646625130531439538e-03
6.747544053110686101e-11	1.859984233312201418e+00	1.487873675117738337e+01	1.845922391569279897e-01	8.408921918790955574e-02	2.191204191764141787e-02	8.315455987425438567e-01	1.755758090455121490e-01	-2.886333628199369908e-02	-4.658119887218046921e-03
7.067181273927477085e-11	1.895039616016077844e+00	1.487787059000354262e+01	1.880822240276871504e-01	8.188563274097170053e-02	2.118595153042891061e-02	8.213079657922435217e-01	1.725451832456891821e-01	-2.937360206581678818e-02	-4.665716905964509449e-03
7.401959996915652408e-11	1.929974244713934528e+00	1.487593940496766010e+01	1.915743443172690796e-01	7.969083047763664274e-02	2.046892958701042667e-02	8.110750404619527787e-01	1.695383045963847202e-01	-2.987487658772865554e-02	-4.669460411663690393e-03
7.752597488629464062e-11	1.964742558340289547e+00	1.487289524918465844e+01	1.950654564727471729e-01	7.750861159479911777e-02	1.976227655206300171e-02	8.008596934057183869e-01	1.665583495568578876e-01	-3.036636037647704942e-02	-4.669409324141953095e-03
8.119844993184008328e-11	1.999298609752550027e+00	1.486869199037531963e+01	1.985523968283889884e-01	7.534256495616346860e-02	1.906717740661130131e-02	7.906744017258077184e-01	1.636083563073936764e-01	-3.084727390174778899e-02	-4.665636729914889730e-03
8.504489341802668113e-11	2.033596268528844231e+00	1.486328554189998385e+01	2.020319939641563867e-01	7.319616633835017427e-02	1.838472748583646829e-02	7.805315534894200491e-01	1.606912511381348441e-01	-3.131686184793858185e-02	-4.658229236534696185e-03
8.907354638610458163e-11	2.067589427175470895e+00	1.485663407012190973e+01	2.055010812309474300e-01	7.107264459474327278e-02	1.771590101996828662e-02	7.704430068674460452e-01	1.578097970168111930e-01	-3.177439728697030452e-02	-4.647286209136078719e-03
9.329304026284695888e-11	2.101232208822409575e+00	1.484869820249384276e+01	2.089565089858660685e-01	6.897504168527759938e-02	1.706156826442077612e-02	7.604202702245272949e-01	1.549666081657306571e-01	-3.221918564825723696e-02	-4.632918912843548773e-03
9.771241535346501225e-11	2.134479182466746838e+00	1.483944117560566411e+01	2.123951580507051073e-01	6.690624817860434115e-02	1.642250434860445529e-02	7.504746100776390483e-01	1.521641540673742132e-01	-3.265056857806974966e-02	-4.615249538990900610e-03
1.023411402105452712e-10	2.167285377191055851e+00	1.482882886657965571e+01	2.158139345979450396e-01	6.486885645888804119e-02	1.579936331728767560e-02	7.406165584715285188e-01	1.494047228215649170e-01	-3.306792446995322071e-02	-4.594410141304476961e-03
1.071891319205126445e-10	2.199606308035462199e+00	1.481682976604781565e+01	2.192097669308160079e-01	6.286530326035133509e-02	1.519271007842049916e-02	7.308563844620810102e-01	1.466904664031779826e-01	-3.347066940796260270e-02	-4.570541602837263628e-03
1.122667773510811312e-10	2.231398170734204989e+00	1.480341507310707350e+01	2.225796172441611154e-01	6.089782806994344794e-02	1.460301757982205434e-02	7.212039389228357411e-01	1.440233884381885987e-01	-3.385825992533366552e-02	-4.543792530032128053e-03
1.175849554052158201e-10	2.262618060689072674e+00	1.478855877448753731e+01	2.259204959555665970e-01	5.896841247477128956e-02	1.403065539305930511e-02	7.116684194046487555e-01	1.414053166116062688e-01	-3.423019638187713154e-02	-4.514318170819007180e-03
1.231550603292826197e-10	2.293224174056121889e+00	1.477223780444310819e+01	2.292294729923557151e-01	5.707891432977067053e-02	1.347592193696202367e-02	7.022588178804017867e-01	1.388379439050259345e-01	-3.458602519714865792e-02	-4.482279239812780348e-03
1.289890261253308184e-10	2.323176014274454193e+00	1.475443214885338428e+01	2.325036904248746206e-01	5.523086007622998728e-02	1.293900617450914961e-02	6.929831624554387837e-01	1.363227600016770069e-01	-3.492534147751712170e-02	-4.447840804478324014e-03
1.350993521198024986e-10	2.352434582702924271e+00	1.473512498798179671e+01	2.357403729501651446e-01	5.342564741035123882e-02	1.242003164916786855e-02	6.838492081134307510e-01	1.338611123635887190e-01	-3.524779078277393007e-02	-4.411171126775323935e-03
1.414991297434578731e-10	2.380962560902668113e+00	1.471430279591818824e+01	2.389368382897740228e-01	5.166444651844075836e-02	1.191904160539800778e-02	6.748640609184622940e-01	1.314541756705394082e-01	-3.555307075763292080e-02	-4.372440550036860683e-03
1.482020705798860072e-10	2.408724480125957079e+00	1.469195545519664314e+01	2.420905062106498418e-01	4.994823317752519753e-02	1.143600952423465093e-02	6.660342696381075234e-01	1.291029621099016866e-01	-3.584093220116427864e-02	-4.331820400679412507e-03
1.552225357427047968e-10	2.435686876565807069e+00	1.466807634740928812e+01	2.451989066928141336e-01	4.827777641269289516e-02	1.097083951889248933e-02	6.573657523790911172e-01	1.268083158004504885e-01	-3.611117974559074212e-02	-4.289481935283081387e-03
1.625755666443793407e-10	2.461818433605929002e+00	1.464266243194592221e+01	2.482596872382694386e-01	4.665367882939251004e-02	1.052338034395014325e-02	6.488639193100846914e-01	1.245709308998716180e-01	-3.636367216797315588e-02	-4.245595345606957560e-03
1.702769172225897821e-10	2.487090128546454615e+00	1.461571429027698343e+01	2.512706215273320387e-01	4.507641599983968489e-02	1.009343796051435233e-02	6.405337982256535945e-01	1.223913682528170593e-01	-3.659832242267945651e-02	-4.200328777650878288e-03
1.783430876931905687e-10	2.511475823626766246e+00	1.458723550641910194e+01	2.542296750228815183e-01	4.354604519946710800e-02	9.680707706554067191e-03	6.323788385302833159e-01	1.202699023294631908e-01	-3.681510120463896141e-02	-4.153846475662441827e-03
1.867913599020784805e-10	2.534952129726541159e+00	1.455723237850677343e+01	2.571349928948006291e-01	4.206274085183434736e-02	9.284908234271728456e-03	6.244029516997812168e-01	1.182067628055207126e-01	-3.701403233223675426e-02	-4.106307898493503569e-03
1.956398343517064725e-10	2.557497749960135902e+00	1.452571436211109202e+01	2.599848226347944435e-01	4.062637248219478497e-02	8.905682968376169018e-03	6.166089250453006265e-01	1.162019953884645684e-01	-3.719518431755649418e-02	-4.057868156176613374e-03
2.049074689815846066e-10	2.579093529922501737e+00	1.449269405668625232e+01	2.627775158362051777e-01	3.923670711179343823e-02	8.542652043482546961e-03	6.089991752403608460e-01	1.142555513133602235e-01	-3.735866904090372892e-02	-4.008677471584086438e-03
2.146141197858401440e-10	2.599722521449448376e+00	1.445818715744129079e+01	2.655115323980706266e-01	3.789340761931334761e-02	8.195413445169569960e-03	6.015757209588450394e-01	1.123672868415949294e-01	-3.750464026071013285e-02	-3.958880645550851181e-03
2.247805833548729991e-10	2.619370054034356077e+00	1.442221243766483241e+01	2.681854454437809787e-01	3.659602288288430622e-02	7.863543230370161063e-03	5.943401196157140909e-01	1.105369605179980369e-01	-3.763329248475959926e-02	-3.908616638910305044e-03
2.354286414322420067e-10	2.638023783088986551e+00	1.438479173597526284e+01	2.707979442586348484e-01	3.534401424114692186e-02	7.546602598026540959e-03	5.872935520713870039e-01	1.087642445506628031e-01	-3.774485924199640074e-02	-3.858018201602089574e-03
2.465811075822603842e-10	2.655673731379911029e+00	1.434594995340971302e+01	2.733478368044590656e-01	3.413674097710190508e-02	7.244136320460509669e-03	5.804367419271205808e-01	1.070487200014778179e-01	-3.783961135388308472e-02	-3.807211590612244890e-03
2.582618760682674929e-10	2.672312310289332249e+00	1.430571500406479934e+01	2.758340515068401499e-01	3.297349284026113159e-02	6.955681937174268761e-03	5.737700690559420780e-01	1.053898935685203542e-01	-3.791785499691255334e-02	-3.756316350897828150e-03
2.704959730463131364e-10	2.687934334093086353e+00	1.426411781612507568e+01	2.782556378386734641e-01	3.185352093250331390e-02	6.680777382321049541e-03	5.672936839664625142e-01	1.037872129647644387e-01	-3.797992954214866185e-02	-3.705445160867159356e-03
2.833096101839318258e-10	2.702537021141528939e+00	1.422119228150198822e+01	2.806117669882157717e-01	3.077586704408662513e-02	6.418922376466820040e-03	5.610067637235309768e-01	1.022399869293782876e-01	-3.802620553071851817e-02	-3.654703763168061764e-03
2.967302408188872501e-10	2.716120147083045833e+00	1.417697459657881609e+01	2.829017609960849389e-01	2.973971134714795128e-02	6.169660527064952001e-03	5.549089516767846675e-01	1.007475414754024495e-01	-3.805708231460015745e-02	-3.604190221321064078e-03
3.107866187782014063e-10	2.728686392642254877e+00	1.413150119332597043e+01	2.851251722635337882e-01	2.874403056741233614e-02	5.932499820060456105e-03	5.489988301151847994e-01	9.930902332693514190e-02	-3.807298458436610133e-02	-3.553992982637936907e-03
3.255088599835056406e-10	2.740240474058555087e+00	1.408481021236661945e+01	2.872816670768851832e-01	2.778775218765554278e-02	5.706949473628313008e-03	5.432746387398653676e-01	9.792352494624363690e-02	-3.807435553128350747e-02	-3.504193246627260779e-03
3.409285069746807543e-10	2.750788864675564938e+00	1.403694195933251088e+01	2.893709889220011933e-01	2.686981354607119454e-02	5.492534972246550934e-03	5.377345483307162111e-01	9.659013257044295198e-02	-3.806165325278813849e-02	-3.454865762132443199e-03
3.570785964900469852e-10	2.760339774622388109e+00	1.398793881742056122e+01	2.913929594918767685e-01	2.598912914783487599e-02	5.288789054046325044e-03	5.323765095630843547e-01	9.530790713132689107e-02	-3.803534929714818408e-02	-3.406079029129590024e-03
3.739937302478801677e-10	2.768903103557030843e+00	1.393784510726434256e+01	2.933474783115826434e-01	2.514462961834465493e-02	5.095261651699494083e-03	5.271984191020643307e-01	9.407590686545948266e-02	-3.799592655019680409e-02	-3.357895440529206927e-03
3.917101490809260641e-10	2.776490403742491342e+00	1.388670704164386294e+01	2.952345218071476540e-01	2.433520845137867802e-02	4.911506886668786515e-03	5.221978750656638413e-01	9.289315953397059289e-02	-3.794387741544353460e-02	-3.310371500395042996e-03
4.102658105827190344e-10	2.783114836615534049e+00	1.383457264045831359e+01	2.970541427853936045e-01	2.355978200076109044e-02	4.737096612173506867e-03	5.173724402949834156e-01	9.175869345498496865e-02	-3.787970220145627648e-02	-3.263558058374094791e-03
4.297004704320835313e-10	2.788791119658850182e+00	1.378149164046526387e+01	2.988064692663389699e-01	2.281726192410206758e-02	4.571613844068016415e-03	5.127195145441562074e-01	9.067152414021918683e-02	-3.780390740137344607e-02	-3.217500546865400494e-03
4.500557675700488183e-10	2.793535470482209515e+00	1.372751542866119934e+01	3.004917027464711898e-01	2.210657906481032497e-02	4.414657274041881851e-03	5.082364408887862783e-01	8.963066616674331133e-02	-3.771700404152664859e-02	-3.172239240625608289e-03
4.713753134116729086e-10	2.797365557176855866e+00	1.367269672385262957e+01	3.021101229014613865e-01	2.142665346899161674e-02	4.265835056848108625e-03	5.039203603810079590e-01	8.863511769787307815e-02	-3.761950573973572159e-02	-3.127809344910405850e-03
4.937047852839003559e-10	2.800300510400226095e+00	1.361708707808931607e+01	3.036621481090952535e-01	2.077639157328739841e-02	4.124763212736788295e-03	4.997681498419370705e-01	8.768383315817430967e-02	-3.751192212098178325e-02	-3.084239456368722664e-03
5.170920242896755486e-10	2.802360571919674470e+00	1.356073746652390710e+01	3.051482901873168729e-01	2.015472465304181046e-02	3.991074189618461394e-03	4.957766300649449898e-01	8.677576255098347346e-02	-3.739475668199160330e-02	-3.041552760763414388e-03
5.415871378079465267e-10	2.803566860637733082e+00	1.350369986011546786e+01	3.065690981453607633e-01	1.956059301353572921e-02	3.864412842183138561e-03	4.919425304785098874e-01	8.590986504637551646e-02	-3.726850815660210509e-02	-2.999768738950184341e-03
5.672426068491988835e-10	2.803941294561465014e+00	1.344602703818268985e+01	3.079251569626808571e-01	1.899297235666512138e-02	3.744441563099562900e-03	4.882626150671423026e-01	8.508512253600286623e-02	-3.713366942839965018e-02	-2.958903397153337701e-03
5.941133984965039838e-10	2.803506544423109315e+00	1.338777257718353297e+01	3.092170859222954094e-01	1.845086273342959327e-02	3.630837402894123919e-03	4.847336328685456497e-01	8.430053417829967699e-02	-3.699072684184639970e-02	-2.918969552069752751e-03
6.222570836730231313e-10	2.802285973493586546e+00	1.332899070703682476e+01	3.104455384981853472e-01	1.793330008018936828e-02	3.523293952542702525e-03	4.813523754098077423e-01	8.355512190935721062e-02	-3.684015943433938817e-02	-2.879977041237991031e-03
6.517339604882420571e-10	2.800303585352636127e+00	1.326973626243874094e+01	3.116112009985839149e-01	1.743934076891788185e-02	3.421517598851067481e-03	4.781156054563000524e-01	8.284792250002047387e-02	-3.668243840357503921e-02	-2.841932981712339597e-03
6.826071834272379248e-10	2.797583962486315912e+00	1.321006453513934531e+01	3.127147925282594554e-01	1.696807960765840326e-02	3.325230599945687079e-03	4.750201466913551163e-01	8.217799599661289311e-02	-3.651802645348820736e-02	-2.804841955329846672e-03
7.149428986597561750e-10	2.794152207923472631e+00	1.315003122265503777e+01	3.137570630623869872e-01	1.651863819309008774e-02	3.234168331629488132e-03	4.720628315749363368e-01	8.154442034356780555e-02	-3.634737730023760577e-02	-2.768706248399203235e-03
7.488103857590030225e-10	2.790033831707583456e+00	1.308969146849974585e+01	3.147388070972193530e-01	1.609016477396596478e-02	3.148078851018655186e-03	4.692404934290290153e-01	8.094628568399195312e-02	-3.617093282776875224e-02	-2.733525553868845423e-03
7.842822061337681836e-10	2.785254485102622191e+00	1.302909806302597495e+01	3.156608811444506779e-01	1.568179457672359486e-02	3.066713560753421986e-03	4.665497594017976035e-01	8.038266418583991935e-02	-3.598911707179693747e-02	-2.699296315421148736e-03
8.214343584919422200e-10	2.779839957306991849e+00	1.296830341838450984e+01	3.165241601175365349e-01	1.529274259679495873e-02	2.989847807890863920e-03	4.639875435156556316e-01	7.985268038055788609e-02	-3.580234134604016322e-02	-2.666013257013710291e-03
8.603464416684491388e-10	2.773816148846694585e+00	1.290735991633927604e+01	3.173295288629104927e-01	1.492222173442423958e-02	2.917261490960519187e-03	4.615506517856164947e-01	7.935546506460307292e-02	-3.561100544339237256e-02	-2.633669819937511924e-03
9.011018251665036851e-10	2.767209027010164135e+00	1.284631982397280225e+01	3.180778818695736976e-01	1.456948649699866226e-02	2.848748747568315316e-03	4.592360027341249595e-01	7.889018085635987609e-02	-3.541549755629239127e-02	-2.602258302851570733e-03
9.437878277775391497e-10	2.760044580076388865e+00	1.278523521193441859e+01	3.187701227217573097e-01	1.423382524334685685e-02	2.784115525373617641e-03	4.570405937255471174e-01	7.845601664456525182e-02	-3.521619417846152955e-02	-2.571769992609834830e-03
9.884959046625586031e-10	2.752348789777331994e+00	1.272415787902556694e+01	3.194071654369637914e-01	1.391454698881663087e-02	2.723176794421762643e-03	4.549614375967901969e-01	7.805218015963696909e-02	-3.501346061707496377e-02	-2.542195310192073114e-03
1.035321843295661502e-09	2.744147574587226135e+00	1.266313927767002845e+01	3.199899323522129024e-01	1.361100665961155996e-02	2.665761288515712622e-03	4.529956953786549168e-01	7.767791172122544274e-02	-3.480765040400678190e-02	-2.513523890405445702e-03
1.084365968689608688e-09	2.735466769166040368e+00	1.260223045458794644e+01	3.205193557240223479e-01	1.332257037903144051e-02	2.611703653721742045e-03	4.511405038783343757e-01	7.733246318089576077e-02	-3.459910603611775909e-02	-2.485744726221219246e-03
1.135733358343102889e-09	2.726331993136197340e+00	1.254148140909336107e+01	3.209963811655663912e-01	1.304864088923233384e-02	2.560850237785327384e-03	4.493931051090000461e-01	7.701511228059070013e-02	-3.438815696026639029e-02	-2.458846008453991188e-03
1.189534067370320724e-09	2.716768426829465177e+00	1.248094003236364458e+01	3.214219709963260785e-01	1.278863559415554033e-02	2.513053377149372832e-03	4.477507359708257639e-01	7.672514640245363393e-02	-3.417511583840274203e-02	-2.432814822850262477e-03
1.245883364295008068e-09	2.706800948995964351e+00	1.242065333682180217e+01	3.217970914357765611e-01	1.254200375330304963e-02	2.468175402395340976e-03	4.462107285133524170e-01	7.646187836154452744e-02	-3.396028387651457009e-02	-2.407637926672583518e-03
1.304901978014401580e-09	2.696454125124481571e+00	1.236066772951634363e+01	3.221227060880273996e-01	1.230821073258159780e-02	2.426084540012479838e-03	4.447704381257447381e-01	7.622463805689842775e-02	-3.374395070529895985e-02	-2.383301871490242814e-03
1.366716356462010101e-09	2.685752210327460698e+00	1.230102894226108035e+01	3.223997798157759442e-01	1.208676156454343772e-02	2.386660121417235724e-03	4.434273643897235218e-01	7.601278521229007379e-02	-3.352639597381023434e-02	-2.359793145431195085e-03
1.431458937523481393e-09	2.674719106759209986e+00	1.224178191496584844e+01	3.226292783757311322e-01	1.187716910369953152e-02	2.349784979495062043e-03	4.421789919200469487e-01	7.582568911493697827e-02	-3.330788898318995384e-02	-2.337098162599077125e-03
1.499268432786047049e-09	2.663378354149640526e+00	1.218297082792634001e+01	3.228121680079102385e-01	1.167898312404942220e-02	2.315351973355876149e-03	4.410229426383814877e-01	7.566274651125674822e-02	-3.308868908644431450e-02	-2.315203339422156233e-03
1.570290124729377524e-09	2.651753109142334974e+00	1.212463899340227869e+01	3.229494172773309524e-01	1.149176766931181599e-02	2.283258917934804372e-03	4.399568613926942984e-01	7.552336725214153779e-02	-3.286904612567836254e-02	-2.294095122138010111e-03
1.644676177994662829e-09	2.639866120166131758e+00	1.206682883513594007e+01	3.230419959583734069e-01	1.131511356456055273e-02	2.253410889172943136e-03	4.389784837016699193e-01	7.540698100123237324e-02	-3.264920038514070727e-02	-2.273760018707329193e-03
1.722585965398783835e-09	2.627739618623210038e+00	1.200958134157949075e+01	3.230908776370891022e-01	1.114862773197716588e-02	2.225717975613748095e-03	4.380855815472824988e-01	7.531303014388074368e-02	-3.242938146218110607e-02	-2.254184472784854891e-03
1.804186409392068039e-09	2.615395277133115481e+00	1.195293604555603117e+01	3.230970363243890753e-01	1.099192811785773202e-02	2.200093706213607746e-03	4.372759423520929944e-01	7.524096677245591114e-02	-3.220980815570313044e-02	-2.235354920598446159e-03
1.889652339691211477e-09	2.602854310335815491e+00	1.189693152773324769e+01	3.230614462954112254e-01	1.084466469788499150e-02	2.176460239477803760e-03	4.365474793496819661e-01	7.519026682746579593e-02	-3.199069101235458429e-02	-2.217258014558087104e-03
1.979166867853557524e-09	2.590137456266956573e+00	1.184160540636514902e+01	3.229850809207701623e-01	1.070650679418573906e-02	2.154744646928194712e-03	4.358981695432867509e-01	7.516042036772310753e-02	-3.177223206183999588e-02	-2.199880597695535404e-03
2.072921779595369695e-09	2.577264999369310416e+00	1.178699427258909616e+01	3.228689180582610674e-01	1.057710864720828002e-02	2.134871249216288222e-03	4.353258747770002435e-01	7.515090859193407358e-02	-3.155462708945404315e-02	-2.183209896621874594e-03
2.171117945694509622e-09	2.564256715056707048e+00	1.173313371628279178e+01	3.227139331134708522e-01	1.045617668870691200e-02	2.116776927984094850e-03	4.348286945212650467e-01	7.516124803029197721e-02	-3.133806254605942671e-02	-2.167233198116909777e-03
2.273965752357932151e-09	2.551131906940573124e+00	1.168005825233530715e+01	3.225211062611180179e-01	1.034343447120091714e-02	2.100403473337458891e-03	4.344047816552849550e-01	7.519096680775470831e-02	-3.112271897464704770e-02	-2.151938181128200053e-03
2.381685551976160644e-09	2.537909384597791806e+00	1.162780129327921053e+01	3.222914209100909977e-01	1.023859775767093326e-02	2.085690842650516057e-03	4.340522176195376058e-01	7.523958680503536889e-02	-3.090876982769375989e-02	-2.137312749624764759e-03
2.494508135230316413e-09	2.524607449575720253e+00	1.157639512354602651e+01	3.220258630141220602e-01	1.014139300502446203e-02	2.072581725374934153e-03	4.337691094727637031e-01	7.530663620395740276e-02	-3.069638150848685160e-02	-2.123345046449559050e-03
2.612675225563326382e-09	2.511243888882253916e+00	1.152587081148533343e+01	3.217254229439814317e-01	1.005159066541824742e-02	2.061029793390771296e-03	4.335537598646951318e-01	7.539167086089892944e-02	-3.048571406635507131e-02	-2.110023486776132357e-03
2.736439997074666368e-09	2.497835991121088561e+00	1.147625830075151931e+01	3.213910951731009380e-01	9.968949363008624415e-03	2.050985927534678364e-03	4.334043828844346691e-01	7.549423697545795675e-02	-3.027692133767483085e-02	-2.097336744202388508e-03
2.866067616948244470e-09	2.484400555973084401e+00	1.142758645717784738e+01	3.210238782497454313e-01	9.893246235895346297e-03	2.042405491985117318e-03	4.333192604325845632e-01	7.561389057807817171e-02	-3.007015146445745496e-02	-2.085273793630530552e-03
3.001835813575592210e-09	2.470953892254117434e+00	1.137988297171025032e+01	3.206247772449143940e-01	9.824264900458571509e-03	2.035245431352820846e-03	4.332966797983702212e-01	7.575018854230776422e-02	-2.986554706101638909e-02	-2.073823861175432860e-03
3.144035471591500167e-09	2.457511822625647824e+00	1.133317439920895531e+01	3.201948031648164661e-01	9.761808888929652400e-03	2.029467586152536307e-03	4.333350033180357053e-01	7.590269746314698418e-02	-2.966324542784123941e-02	-2.062976440597827105e-03
3.292971255097148186e-09	2.444089675154055286e+00	1.128748612813671492e+01	3.197349724892715739e-01	9.705683922574571965e-03	2.025034132931591725e-03	4.334325793909951097e-01	7.607098137491699608e-02	-2.946337856586214374e-02	-2.052721287388309303e-03
3.448962260405766611e-09	2.430702300790984260e+00	1.124284236841585205e+01	3.192463094782003186e-01	9.655708499009348425e-03	2.021910383371019852e-03	4.335877950691836569e-01	7.625460809673312301e-02	-2.926607364377120657e-02	-2.043048403381857430e-03
3.612342699709437910e-09	2.417364072544823994e+00	1.119926614592104208e+01	3.187298458264588574e-01	9.611709853437028911e-03	2.020063588422506360e-03	4.337990563915027908e-01	7.645314590301213742e-02	-2.907145283490075727e-02	-2.033948000098204263e-03
3.783462617131932968e-09	2.404088961952376202e+00	1.115677950839273791e+01	3.181866244102709573e-01	9.573521920487831557e-03	2.019462463334121584e-03	4.340647754839740413e-01	7.666616052497246536e-02	-2.887963500521669932e-02	-2.025410592988204170e-03
3.962688638701478467e-09	2.390890498845293255e+00	1.111540338398891947e+01	3.176176975056637652e-01	9.540988311165114755e-03	2.020077820177889043e-03	4.343833874421698105e-01	7.689321724064999974e-02	-2.869073452265140031e-02	-2.017426879586423777e-03
4.150404757850472502e-09	2.377781760966477531e+00	1.107515750155761403e+01	3.170241270429047242e-01	9.513959721781595213e-03	2.021882028794750024e-03	4.347533373839339577e-01	7.713387905981827775e-02	-2.850486168307849247e-02	-2.009987775148740306e-03
4.347013158125017173e-09	2.364775372299874334e+00	1.103606035362798643e+01	3.164069846883887371e-01	9.492291642321154521e-03	2.024848387415551561e-03	4.351730692503874010e-01	7.738770476466630410e-02	-2.832212247419482049e-02	-2.003084359312353770e-03
4.552935074866938773e-09	2.351883501876482097e+00	1.099812917624131359e+01	3.157673514034696205e-01	9.475847590304712145e-03	2.028951985641644449e-03	4.356410426241677514e-01	7.765425105864430522e-02	-2.814261865284871725e-02	-1.996707869938591125e-03
4.768611697714474181e-09	2.339117879746085205e+00	1.096137998518496559e+01	3.151063175878481837e-01	9.464497412184792041e-03	2.034169081601013875e-03	4.361557242742049034e-01	7.793307059022279437e-02	-2.796644776609186200e-02	-1.990849683924335398e-03
4.994505115855140358e-09	2.326489793517319438e+00	1.092582749681523069e+01	3.144249838477838344e-01	9.458110485404109744e-03	2.040475541286916692e-03	4.367155540451126972e-01	7.822370735276563958e-02	-2.779370359096948115e-02	-1.985501324942001017e-03
5.231099308056257792e-09	2.314010099660378739e+00	1.089148515510407478e+01	3.137244606077172482e-01	9.456569588741074728e-03	2.047850230998372271e-03	4.373190140514199853e-01	7.852570530952858452e-02	-2.762447563230028061e-02	-1.980654387940103747e-03
5.478901179593956120e-09	2.301689336944046094e+00	1.085836545464064962e+01	3.130058730015279345e-01	9.459751958691335269e-03	2.056270158891664382e-03	4.379645308788148728e-01	7.883859365195901303e-02	-2.745885102002262185e-02	-1.976300635001306590e-03
5.738441648302404521e-09	2.289537682598327795e+00	1.082647965969605508e+01	3.122703618740209630e-01	9.467548746099728116e-03	2.065715591663824357e-03	4.386505706520206771e-01	7.916189919692785681e-02	-2.729691393172593503e-02	-1.972431895430570153e-03
6.010276782070388176e-09	2.277564903163970200e+00	1.079583777227213304e+01	3.115190766968851666e-01	9.479846950746389708e-03	2.076165092760427419e-03	4.393755564240083844e-01	7.949513632650102857e-02	-2.713874444864372570e-02	-1.969040047193823528e-03
6.294988990221888141e-09	2.265780351156828409e+00	1.076644837948980182e+01	3.107531780424461210e-01	9.496542795908951770e-03	2.087599367021844218e-03	4.401379316938964781e-01	7.983781550261041804e-02	-2.698441875861293249e-02	-1.966116966225115933e-03
6.593188271333541710e-09	2.254192975374562202e+00	1.073831875405860004e+01	3.099738345373974080e-01	9.517520109072839102e-03	2.099995308539122970e-03	4.409360580095593174e-01	8.018942932376459110e-02	-2.683400923469336785e-02	-1.963654568834152965e-03
6.905513520162316861e-09	2.242811313791103434e+00	1.071145476684753461e+01	3.091822227729498773e-01	9.542678237826767579e-03	2.113333527179400619e-03	4.417683511579392208e-01	8.054947128044673277e-02	-2.668758402860632248e-02	-1.961644732815185071e-03
7.232633896483518810e-09	2.231643509520090607e+00	1.068586088621824359e+01	3.083795278046715382e-01	9.571923528866566402e-03	2.127595886710324444e-03	4.426332387882995767e-01	8.091742904940357750e-02	-2.654520754613763980e-02	-1.960079313631197390e-03
7.575250258771920716e-09	2.220697311440811283e+00	1.066154020264929869e+01	3.075669407552007462e-01	9.605145936954091399e-03	2.142759590625754190e-03	4.435290502125852630e-01	8.129277070844979913e-02	-2.640694010640971118e-02	-1.958950117675801062e-03
7.934096665797492339e-09	2.209980182367472956e+00	1.063849460897062649e+01	3.067456667919657987e-01	9.642248298919483748e-03	2.158804522127675141e-03	4.444541506506819450e-01	8.167495947000262546e-02	-2.627283936958834179e-02	-1.958248893382968404e-03
8.309941949353386453e-09	2.199499265892682853e+00	1.061672469251294793e+01	3.059169218967013326e-01	9.683130259047852476e-03	2.175709321067813024e-03	4.454068667879120258e-01	8.206344512816687864e-02	-2.614295968860150601e-02	-1.957967290773916791e-03
8.703591361485183753e-09	2.189261319671459205e+00	1.059622955269963818e+01	3.050819269734564854e-01	9.727686730809891047e-03	2.193450808569921088e-03	4.463854854114570059e-01	8.245766506083015979e-02	-2.601735131620102476e-02	-1.958096842893279795e-03
9.115888299750837812e-09	2.179272719672868064e+00	1.057700678610326328e+01	3.042419068627615908e-01	9.775819989804777899e-03	2.212007151728080396e-03	4.473883122092682241e-01	8.285705225931605522e-02	-2.589606099080549867e-02	-1.958629062290030264e-03
9.547716114208065503e-09	2.169539403016004897e+00	1.055905250309960941e+01	3.033980798237246868e-01	9.827425229243699420e-03	2.231354403146740013e-03	4.484136132891406445e-01	8.326103134380320736e-02	-2.577912700144492988e-02	-1.959554793789613104e-03
1.000000000000000021e-08	2.160066995432101233e+00	1.054236124473162839e+01	3.025516756373755611e-01	9.882400633096687440e-03	2.251468539297360200e-03	4.494596467262758077e-01	8.366901583976583956e-02	-2.566658949430327893e-02	-1.960865502407116781e-03
