# Pressure Mass Radius Compactness k2 k3 h2 h3 j2 j3
9.999999999999999799e-13	1.146848792979500431e-01	3.068148249816247386e+01	5.519504050877023678e-03	1.048489084043726727e-03	6.700809951236687246e-05	9.856835016904071933e-01	3.260801449497536253e-01	-1.164405838117158319e-05	-5.676726943640318169e-07
1.047370897959448749e-12	1.172437612107569832e-01	2.937523819491478605e+01	5.893571822240276092e-03	1.286267508782127332e-03	8.387031214472232324e-05	9.850610370880612532e-01	3.256010474369565588e-01	-1.466795829486129753e-05	-7.436476332903067338e-07
1.096985797892381920e-12	1.198469306189167277e-01	2.820171087016112565e+01	6.275115084296500716e-03	1.559846922710166886e-03	1.038492633765411994e-04	9.844909863654287552e-01	3.251152381547310344e-01	-1.825399810108411868e-05	-9.654800464955074401e-07
1.148951000187311009e-12	1.225103506789665536e-01	2.713676723201280083e+01	6.666300836329065900e-03	1.873207624856880428e-03	1.269574173455116357e-04	9.839752309242023598e-01	3.246204217190140073e-01	-2.248894262274493729e-05	-1.243739149408672303e-06
1.203377840777590522e-12	1.252501235587512862e-01	2.616213963276827315e+01	7.069279270997887686e-03	2.230858498111815309e-03	1.575688617977381726e-04	9.835169867741557770e-01	3.241144234642139854e-01	-2.747457466569596825e-05	-1.591338590250036848e-06
1.260382929679727463e-12	1.280814481994108633e-01	2.526415889287640582e+01	7.486030986195980202e-03	2.637715588578327681e-03	1.930028772083582588e-04	9.831207340095997615e-01	3.235953975728818044e-01	-3.332750227642863427e-05	-2.023856548228111204e-06
1.320088400831416649e-12	1.310172595557099473e-01	2.443284003813445793e+01	7.918169506064951305e-03	3.098861509802695782e-03	2.366466708060002352e-04	9.827925926952464364e-01	3.230620884734158316e-01	-4.017655870508880848e-05	-2.559661269487646009e-06
1.382622173764653478e-12	1.340697110053526986e-01	2.366042428402841580e+01	8.367165899870163820e-03	3.619567286042499332e-03	2.878564509714883054e-04	9.825395255584036258e-01	3.225135244087395381e-01	-4.816548739137305998e-05	-3.220427953992947268e-06
1.448118227674535917e-12	1.372502358240829390e-01	2.294077210823897062e+01	8.834364290151899834e-03	4.205301043046622521e-03	3.499375986253902863e-04	9.823693556993547960e-01	3.219490254514885685e-01	-5.745340098614795920e-05	-4.031519138380206019e-06
1.516716888470924089e-12	1.405693648587086619e-01	2.226897287843362605e+01	9.320961866953575772e-03	4.861541304561439909e-03	4.228049794596085652e-04	9.822904829248624292e-01	3.213682051580494248e-01	-6.821427571024526462e-05	-5.022291702390300859e-06
1.588565129428052692e-12	1.440365109400091881e-01	2.164104998754446640e+01	9.827985330365916067e-03	5.593645466267354108e-03	5.090790796524885531e-04	9.823116914384072418e-01	3.207710006161109129e-01	-8.063570580789952854e-05	-6.226301841384396478e-06
1.663816886076127415e-12	1.476597165779649223e-01	2.105373563609486709e+01	1.035626369721878021e-02	6.406669399900186135e-03	6.099490753611213527e-04	9.824418338511003990e-01	3.201576924851842199e-01	-9.491671107903362433e-05	-7.681362658144462861e-06
1.742633386009647278e-12	1.514453646752992322e-01	2.050429690518225101e+01	1.090639791002019458e-02	7.305096341521939707e-03	7.274207714814348320e-04	9.826893472648912109e-01	3.195289018091842514e-01	-1.112644502712230006e-04	-9.429395157593648962e-06
1.825183494319046040e-12	1.553978410295194790e-01	1.999040196689605509e+01	1.147872598721902913e-02	8.292623981840880135e-03	8.631086531465580148e-04	9.830619852783507584e-01	3.188856142048957509e-01	-1.298895908947597742e-04	-1.151599919407923801e-05
1.911644075385703708e-12	1.595192072167949393e-01	1.951001612213388725e+01	1.207328880084789120e-02	9.371842606102536236e-03	1.018659119146494854e-03	9.835661203261616414e-01	3.182291575273366591e-01	-1.510003807107186311e-04	-1.398969847725266607e-05
2.002200371815584363e-12	1.638105640532122875e-01	1.906117908533101257e+01	1.269002211882866264e-02	1.054448864002200358e-02	1.195493573654566721e-03	9.842068678557340800e-01	3.175609790940581156e-01	-1.748046663123078211e-04	-1.690196428557352268e-05
2.097046401323230665e-12	1.682732734289683063e-01	1.864191167278399064e+01	1.332891910825710277e-02	1.181159445083057417e-02	1.395604323809610360e-03	9.849877438857437273e-01	3.168823870528529318e-01	-2.015138833726957187e-04	-2.030752242511159097e-05
2.196385372416542332e-12	1.729091206256268276e-01	1.825025880605247863e+01	1.399004493988686287e-02	1.317364306013445868e-02	1.619957221448842114e-03	9.859110319774899711e-01	3.161945806237402845e-01	-2.313432704195205543e-04	-2.426426450685853451e-05
2.300430119772921506e-12	1.777204191537542222e-01	1.788432328256712722e+01	1.467354513220941667e-02	1.463053805920559551e-02	1.870034584780379955e-03	9.869776725982790655e-01	3.154985936236576194e-01	-2.645121996746757783e-04	-2.883315821680520346e-05
2.409403560239526876e-12	1.827101105174254170e-01	1.754228879944537312e+01	1.537965377531428854e-02	1.618168820824637463e-02	2.147209154345073798e-03	9.881874332323057342e-01	3.147952937989093036e-01	-3.012448585620905537e-04	-3.407820428530091637e-05
2.523539170434765862e-12	1.878818629596933354e-01	1.722243498957193708e+01	1.610870167880788795e-02	1.782605085923178248e-02	2.452214465272422456e-03	9.895389253483749536e-01	3.140853624272356148e-01	-3.417713002739130386e-04	-4.006645664288191298e-05
2.643081486974102692e-12	1.932401712120015713e-01	1.692314646626459052e+01	1.686112451077485808e-02	1.956223781732076630e-02	2.786243730585698155e-03	9.910298621646105310e-01	3.133692934568406141e-01	-3.863288506954250918e-04	-4.686811051170345233e-05
2.768286630392061017e-12	1.987904593166622269e-01	1.664291743682728253e+01	1.763747103290824736e-02	2.138856249945919955e-02	3.150037926990651837e-03	9.926570928848580389e-01	3.126473834887022463e-01	-4.351638968602033119e-04	-5.455667811645576685e-05
2.899422853882880921e-12	2.045390443143263459e-01	1.638035864898899518e+01	1.843839230522170344e-02	2.330307148632753192e-02	3.544267968210229255e-03	9.944167168243860377e-01	3.119197407171187542e-01	-4.885327106563932880e-04	-6.320903609240357223e-05
3.036771118035460378e-12	2.104925724361300932e-01	1.613421485521133292e+01	1.926456356804552919e-02	2.530338930555434476e-02	3.969482821958695423e-03	9.963039983312428349e-01	3.111863605676616906e-01	-5.466971259776992609e-04	-7.290460880454278133e-05
3.180625692794118977e-12	2.166577052722304386e-01	1.590335702247234551e+01	2.011664561760950765e-02	2.738663373758442807e-02	4.426132202347866050e-03	9.983132624995427751e-01	3.104471532278688106e-01	-6.099213651091819595e-04	-8.372462025017016727e-05
3.331294787934670055e-12	2.230410691170994497e-01	1.568676455267828906e+01	2.099528116679511350e-02	2.954939772756358732e-02	4.914217030870520787e-03	1.000437875414687650e+00	3.097019332127227687e-01	-6.784707777526464935e-04	-9.575158980893252753e-05
3.489101213406766494e-12	2.296492105469132294e-01	1.548351057454251212e+01	2.190109135733803170e-02	3.178780676313229525e-02	5.433774206418075063e-03	1.002670367927023465e+00	3.089504253369587117e-01	-7.526104887243630819e-04	-1.090687746891542498e-04
3.654383070957261569e-12	2.364885509755859649e-01	1.529274956310203493e+01	2.283467205585934523e-02	3.409739493002779398e-02	5.984447372111506916e-03	1.005002161384158210e+00	3.081922385841121548e-01	-8.326039286709574190e-04	-1.237595570548387586e-04
3.827494478516314936e-12	2.435653362879028061e-01	1.511370689010608537e+01	2.379658956384882867e-02	3.647323477728276614e-02	6.565641082584788499e-03	1.007423845823526287e+00	3.074268823686706620e-01	-9.187111832103643126e-04	-1.399067653133005782e-04
4.008806328898464320e-12	2.508855837816307277e-01	1.494566982566697000e+01	2.478737620182636103e-02	3.890994198827677636e-02	7.176554616171320483e-03	1.009925186347119475e+00	3.066537708409573515e-01	-1.011187212257777740e-03	-1.575919397199707864e-04
4.198707084443905621e-12	2.584550248947951601e-01	1.478797978955011416e+01	2.580752560098187320e-02	4.140161444504698862e-02	7.816149796455833243e-03	1.012494994424726125e+00	3.058722022539354102e-01	-1.110279921551079194e-03	-1.768945450455134197e-04
4.397603609302712498e-12	2.662790027547263794e-01	1.464002641251611259e+01	2.685748220080500306e-02	4.394189381546840384e-02	8.483137860164273111e-03	1.015121259265800768e+00	3.050813826284122232e-01	-1.216227509498795647e-03	-1.978910148217590610e-04
4.605922041145112927e-12	2.743623758727233297e-01	1.450124274081268538e+01	2.793763040597726371e-02	4.652401021976924206e-02	9.175911326944568777e-03	1.017791252075826991e+00	3.042804298968635468e-01	-1.329255650003766196e-03	-2.206537320195414622e-04
4.824108704165373984e-12	2.827099581257727090e-01	1.437109424630056331e+01	2.904835234690897328e-02	4.914085314236675550e-02	9.892741357604935282e-03	1.020491511988568911e+00	3.034683228508235353e-01	-1.449582213627828358e-03	-2.452515341978413850e-04
5.052631065335679604e-12	2.913266555572673888e-01	1.424907587594220892e+01	3.019004491213124475e-02	5.178524366071574070e-02	1.063168695093514443e-02	1.023208361470654193e+00	3.026439225327246518e-01	-1.577418710494943397e-03	-2.717496467301140726e-04
5.291978735958436557e-12	3.002174614213604098e-01	1.413471142354525867e+01	3.136311836318154272e-02	5.444984866061901296e-02	1.139062244471176176e-02	1.025927716397451839e+00	3.018059608476796885e-01	-1.712969960405152058e-03	-3.002092892774892901e-04
5.542664520663095602e-12	3.093874498595710620e-01	1.402755251764470756e+01	3.256799513472248553e-02	5.712725717311855494e-02	1.216730618285490409e-02	1.028635248245211242e+00	3.009530541182225960e-01	-1.856433782865205386e-03	-3.306872982275810583e-04
5.805225516094907684e-12	3.188417677762761526e-01	1.392717741997610048e+01	3.380510858185209466e-02	5.981006388545611480e-02	1.295935867052617346e-02	1.031316551312732477e+00	3.000837318986191993e-01	-2.008000687383715722e-03	-3.632357619112880224e-04
6.080224261649427052e-12	3.285856252823113333e-01	1.383318971366445638e+01	3.507490167867058362e-02	6.249085135033621147e-02	1.376427015931985451e-02	1.033957099254172673e+00	2.991964299454910048e-01	-2.167853569563845707e-03	-3.979016739499199439e-04
6.368249944718585906e-12	3.386242842972640443e-01	1.374521694202503319e+01	3.637782558853427245e-02	6.516225861098659533e-02	1.457946516975526519e-02	1.036542391185976575e+00	2.982895108912325122e-01	-2.336167386042842763e-03	-4.347265950709407363e-04
6.669919663030115058e-12	3.489630439041718768e-01	1.366290924104360194e+01	3.771433792336253282e-02	6.781699758992192073e-02	1.540227270759346977e-02	1.039057979718575719e+00	2.973612740183412262e-01	-2.513108791651748504e-03	-4.737463230311984570e-04
6.985879746785234820e-12	3.596071028771744560e-01	1.358593878931803722e+01	3.908488538054205597e-02	7.044786235681928244e-02	1.622996166429025236e-02	1.041489525906968971e+00	2.964099791718090016e-01	-2.698833622705593994e-03	-5.149900989692991196e-04
7.316807143427207274e-12	3.705614175760145734e-01	1.351399870608858933e+01	4.048988666366011568e-02	7.304771004140211965e-02	1.705972024824555996e-02	1.043822786436827021e+00	2.954338670504634834e-01	-2.893484083750287941e-03	-5.584797484839437330e-04
7.663410868007462274e-12	3.818308062634151456e-01	1.344680022116556906e+01	4.192974748427028692e-02	7.560962901000843617e-02	1.788874391155533677e-02	1.046043934203434222e+00	2.944311785996545083e-01	-3.097190227760984217e-03	-6.042297972595623689e-04
8.026433522257174683e-12	3.934199372262512373e-01	1.338407113989060804e+01	4.340486036666977437e-02	7.812676826025329035e-02	1.871417429492826245e-02	1.048139177772832165e+00	2.934001271731309646e-01	-3.310069567705591423e-03	-6.522472098692436247e-04
8.406652885618316356e-12	4.053332995263907446e-01	1.332555456231177615e+01	4.491560223656996392e-02	8.059253447704743667e-02	1.953317433622857660e-02	1.050095187894151794e+00	2.923389454934026688e-01	-3.532226348632572753e-03	-7.025310729348160097e-04
8.804883581643446547e-12	4.175751738843449523e-01	1.327100768047917079e+01	4.646233214716703752e-02	8.300055832736785710e-02	2.034292390858427266e-02	1.051899022266632455e+00	2.912458856556736642e-01	-3.763750873086192487e-03	-7.550723225534547271e-04
9.221978823334340144e-12	4.301496011883340631e-01	1.322020067352634420e+01	4.804538879200573320e-02	8.534470453084828934e-02	2.114064339809699003e-02	1.053538146095003736e+00	2.901192309077063602e-01	-4.004718770876867541e-03	-8.098534867994965731e-04
9.658832241158709141e-12	4.430603497875819641e-01	1.317291568111705224e+01	4.966508797660315611e-02	8.761910143121151573e-02	2.192359856690969527e-02	1.055000496136720534e+00	2.889573074549193765e-01	-4.255190264770000903e-03	-8.668484593407033102e-04
1.011637979766206976e-11	4.563108813692427490e-01	1.312894585123972391e+01	5.132172002658103721e-02	8.981814898036663553e-02	2.268911631420279795e-02	1.056274497153480096e+00	2.877584953897965314e-01	-4.515209422232379331e-03	-9.260223033391417604e-04
1.059560179277614774e-11	4.699043035656393363e-01	1.308809449450422946e+01	5.301554564709802519e-02	9.193654777095017216e-02	2.343461172912450485e-02	1.057349130391823655e+00	2.865212441140939648e-01	-4.784803160128907329e-03	-9.873310350628596629e-04
1.109752496412069864e-11	4.838432523713727673e-01	1.305017453523537263e+01	5.474678291191280993e-02	9.396931120501948731e-02	2.415759422737345091e-02	1.058213982765882744e+00	2.852440929687155569e-01	-5.063978837263718655e-03	-1.050721125059525139e-03
1.162322468679854125e-11	4.981299928499698937e-01	1.301500756211314425e+01	5.651562073776918854e-02	9.591171728960813658e-02	2.485565032658201487e-02	1.058859104049796551e+00	2.839256447188400201e-01	-5.352726206729638107e-03	-1.116130032619746647e-03
1.217382727739662020e-11	5.127664856464289045e-01	1.298242317366495513e+01	5.832222792504736936e-02	9.775950310721340242e-02	2.552653951370265767e-02	1.059275422296332314e+00	2.825646202469044299e-01	-5.651018861113455555e-03	-1.183486659378832004e-03
1.275051240713012859e-11	5.277543603295782315e-01	1.295225858144238451e+01	6.016675082790474971e-02	9.950870915309888154e-02	2.616812466382670982e-02	1.059454399229448729e+00	2.811598138069802966e-01	-5.958813886313313844e-03	-1.252711433968803920e-03
1.335451562929897339e-11	5.430948870210522417e-01	1.292435819822637022e+01	6.204931096741538726e-02	1.011557929241994475e-01	2.677843072736764071e-02	1.059388292449998437e+00	2.797101341146995268e-01	-6.276051495761044569e-03	-1.323716424280662858e-03
1.398713102647241439e-11	5.587889478135257271e-01	1.289857322727818456e+01	6.397000271568031859e-02	1.026975416013109071e-01	2.735562314203710335e-02	1.059069963576841023e+00	2.782145917846811090e-01	-6.602654708317251542e-03	-1.396405501477272987e-03
1.464971398307287854e-11	5.748370064366915555e-01	1.287476127296611672e+01	6.592889079112934647e-02	1.041312154572737181e-01	2.789804877972434927e-02	1.058493213133897548e+00	2.766723343058425932e-01	-6.938528957394146830e-03	-1.470674517156221432e-03
1.534368408930013065e-11	5.912390790183019718e-01	1.285278594993769197e+01	6.792600800797284066e-02	1.054543393719052508e-01	2.840418937030004046e-02	1.057652311327643702e+00	2.750826084613205436e-01	-7.283561809170818052e-03	-1.546411550907886723e-03
1.607052818261638620e-11	6.079947031303262195e-01	1.283251652277982124e+01	6.996135280635036591e-02	1.066648889576851666e-01	2.887271441750638087e-02	1.056542432726106595e+00	2.734448057801592835e-01	-7.637622605861814871e-03	-1.623497168316862839e-03
1.683180353330955093e-11	6.251028924379065099e-01	1.281382757579953235e+01	7.203488508567303106e-02	1.077612114794917059e-01	2.930246529656214960e-02	1.055159488313886840e+00	2.717584547526248340e-01	-8.000561865616869633e-03	-1.701804670013811263e-03
1.762914118095944293e-11	6.425620826426073906e-01	1.279659872236555174e+01	7.414652090950633878e-02	1.087420143169060688e-01	2.969245270854981369e-02	1.053500113303947217e+00	2.700232222995818665e-01	-8.372210494112094711e-03	-1.781200337120212966e-03
1.846424942895546448e-11	6.603701607236688309e-01	1.278071427326925225e+01	7.629613715470022484e-02	1.096063745279406421e-01	3.004186247321400521e-02	1.051561686137847396e+00	2.682389146189047557e-01	-8.752380812935315127e-03	-1.861544105766136216e-03
1.933891750455232057e-11	6.785244494964266515e-01	1.276606297271261425e+01	7.848357078010882726e-02	1.103537669848130010e-01	3.035007137431634805e-02	1.049342403774736754e+00	2.664054919858993564e-01	-9.140866633266263308e-03	-1.942690047345401643e-03
2.025501939230666486e-11	6.970216833548630309e-01	1.275253776899660352e+01	8.070861695359868304e-02	1.109839854810523024e-01	3.061661554785050782e-02	1.046841107776272262e+00	2.645230440081161039e-01	-9.537443264045569746e-03	-2.024486890222210872e-03
2.121451784910627571e-11	7.158579813230645517e-01	1.274003558353646959e+01	8.297102694078614671e-02	1.114972031437721917e-01	3.084121345810147269e-02	1.044057439324740155e+00	2.625918127044016281e-01	-9.941867367769011490e-03	-2.106778502397290559e-03
2.221946860939528424e-11	7.350288228937815749e-01	1.272845709992427388e+01	8.527050625375283410e-02	1.118939167930655953e-01	3.102375524396841847e-02	1.040991720395888720e+00	2.606121857129861663e-01	-1.035387697542321933e-02	-2.189404456000416509e-03
2.327202478960412005e-11	7.545290256229940651e-01	1.271770657844199981e+01	8.760671288648610999e-02	1.121749601276119113e-01	3.116429672367945769e-02	1.037644998208179459e+00	2.585846944771370559e-01	-1.077319153567690875e-02	-2.272200614643287049e-03
2.437444150122221807e-11	7.743527221489131529e-01	1.270769166540014083e+01	8.997925555632309280e-02	1.123414935630365069e-01	3.126306010357685766e-02	1.034019035230953731e+00	2.565100177437302231e-01	-1.119951197259189471e-02	-2.354999740783954992e-03
2.552908068239516723e-11	7.944933406464171899e-01	1.269832322721721773e+01	9.238769221144607635e-02	1.123949709947574538e-01	3.132042119578775513e-02	1.030116242879866695e+00	2.543889734967745286e-01	-1.163252084208691271e-02	-2.437632140914705158e-03
2.673841615839943880e-11	8.149436121818899315e-01	1.268951520504575470e+01	9.483153153880247155e-02	1.123371403409902797e-01	3.133690886826447780e-02	1.025939692002310055e+00	2.522225186514459594e-01	-1.207188308132371712e-02	-2.519926436068450036e-03
2.800503894183625342e-11	8.356955840596946850e-01	1.268118449387733726e+01	9.731023499607144300e-02	1.121700378197465348e-01	3.131319875377675671e-02	1.021493108894089952e+00	2.500117438753949872e-01	-1.251724691660013010e-02	-2.601710359045992724e-03
2.933166278390048099e-11	8.567405997267822926e-01	1.267325087188592114e+01	9.982321453809880896e-02	1.118959549856437946e-01	3.125010271401902628e-02	1.016780811814037566e+00	2.477578685119615209e-01	-1.296824406401513377e-02	-2.682811420502480716e-03
3.072112998861759207e-11	8.780692874558342353e-01	1.266563691421271898e+01	1.023698314020082545e-01	1.115174493707464243e-01	3.114856262672648785e-02	1.011807753398874965e+00	2.454622383139089536e-01	-1.342449012924394093e-02	-2.763057613296108529e-03
3.217641750250735458e-11	8.996715518421830593e-01	1.265826789066366587e+01	1.049493952851813516e-01	1.110372863435324653e-01	3.100963895190401304e-02	1.006579391681983848e+00	2.431263179969862520e-01	-1.388558509606466554e-02	-2.842278125535303238e-03
3.370064329271925032e-11	9.215365687263940009e-01	1.265107171660874386e+01	1.075611634226834451e-01	1.104584746901417225e-01	3.083450853475551423e-02	1.001101794866485983e+00	2.407516926294612503e-01	-1.435111386349910770e-02	-2.920304062585624919e-03
3.529707302730657668e-11	9.436527813838266887e-01	1.264397885453171355e+01	1.102043401279611257e-01	1.097841913586792284e-01	3.062444215139125889e-02	9.953814675447976157e-01	2.383400495192189716e-01	-1.482064685753902225e-02	-2.996969159879595609e-03
3.696912707195032437e-11	9.660078999198185024e-01	1.263692225719930917e+01	1.128780762834743490e-01	1.090178592340181885e-01	3.038082168075176628e-02	9.894255641229441345e-01	2.358931976029701172e-01	-1.529374068834230167e-02	-3.072110492249225180e-03
3.872038781812557004e-11	9.885889046348168563e-01	1.262983731477803140e+01	1.155814691533892519e-01	1.081630016366230407e-01	3.010509372190726257e-02	9.832415338990396769e-01	2.334130259733044332e-01	-1.576993892300155437e-02	-3.145569185422074365e-03
4.055460735840827506e-11	1.011382070575743919e+00	1.262266179263300359e+01	1.183135646507684213e-01	1.072233318448853195e-01	2.979879004349729466e-02	9.768373609039894268e-01	2.309015241900810589e-01	-1.624877327132640686e-02	-3.217191153275682398e-03
4.247571552536894126e-11	1.034373062809045285e+00	1.261533576504344545e+01	1.210733678304488359e-01	1.062026586448858306e-01	2.946349719807646317e-02	9.702213209569228169e-01	2.283607470784719817e-01	-1.672976626723516116e-02	-3.286828017106752098e-03
4.448782831127576069e-11	1.057546889203073048e+00	1.260780160052570764e+01	1.238598361305645601e-01	1.051049078240394452e-01	2.910085146132823999e-02	9.634020614273645089e-01	2.257928178713096423e-01	-1.721243094047101435e-02	-3.354337524755009615e-03
4.659525668664686662e-11	1.080887883345044154e+00	1.260000393604830471e+01	1.266718760737535199e-01	1.039342569876004485e-01	2.871258225212528978e-02	9.563889802398969353e-01	2.231999777269341179e-01	-1.769627107233357963e-02	-3.419584032171182203e-03
4.880251583654433574e-11	1.104379726697792607e+00	1.259188966524309983e+01	1.295083442678573171e-01	1.026946592065184488e-01	2.830036558276546529e-02	9.491909791037105304e-01	2.205844392575674606e-01	-1.818078239982048872e-02	-3.482439120052841734e-03
5.111433483440165318e-11	1.128005467242352511e+00	1.258340789074145150e+01	1.323680482102988221e-01	1.013903378898023816e-01	2.786596191912795589e-02	9.418177827575232586e-01	2.179485273679567514e-01	-1.866545359952620498e-02	-3.542782090856990296e-03
5.353566677410718816e-11	1.151747545250003668e+00	1.257450993709985099e+01	1.352497471658673234e-01	1.000255563232071848e-01	2.741114050333947477e-02	9.342793461477908457e-01	2.152946046829380400e-01	-1.914976745087315288e-02	-3.600500480321385931e-03
5.607169938205469661e-11	1.175587822259666293e+00	1.256514931252967671e+01	1.381521537909410902e-01	9.860454884781083562e-02	2.693766670685331793e-02	9.265856773575158467e-01	2.126250587473383080e-01	-1.963320209468375974e-02	-3.655490510112538102e-03
5.872786613189488850e-11	1.199507612393924783e+00	1.255528171155501838e+01	1.410739354558975533e-01	9.713158679970397558e-02	2.644730867273019023e-02	9.187470251723719450e-01	2.099423098162007395e-01	-2.011523225733301279e-02	-3.707657490397155663e-03
6.150985788580503926e-11	1.223487720309743843e+00	1.254486499694266222e+01	1.440137164146851056e-01	9.561091284690749481e-02	2.594181562203490624e-02	9.107737088444395335e-01	2.072487878986074561e-01	-2.059533062067892342e-02	-3.756916180078441209e-03
6.442363508721370414e-11	1.247508580193477989e+00	1.253385915737480971e+01	1.469700920284512102e-01	9.404684294367504638e-02	2.542294128490878852e-02	9.026763950167661088e-01	2.045469497242537460e-01	-2.107297114483708267e-02	-3.803191275356263001e-03
6.747544053110686101e-11	1.271550302712451286e+00	1.252222626618601353e+01	1.499416320955642146e-01	9.244352756695999040e-02	2.489238291704161041e-02	8.944654413926923509e-01	2.018392118587977735e-01	-2.154763048732389469e-02	-3.846417594248983766e-03
7.067181273927477085e-11	1.295592604244780732e+00	1.250993052315556220e+01	1.529268691986139794e-01	9.080514811418156917e-02	2.435182012316387118e-02	8.861514665775170885e-01	1.991280027307794354e-01	-2.201878703232383605e-02	-3.886540004966279084e-03
7.401959996915652408e-11	1.319614846369561167e+00	1.249693823655269398e+01	1.559243005499928725e-01	8.913581775603447721e-02	2.380289336402668932e-02	8.777450810661268088e-01	1.964157388967454898e-01	-2.248592217523676801e-02	-3.923513544212259459e-03
7.752597488629464062e-11	1.343596084750890984e+00	1.248321783102790938e+01	1.589323905104812751e-01	8.743956585914454405e-02	2.324719535014294070e-02	8.692568462961514086e-01	1.937048142791644723e-01	-2.294852171936048041e-02	-3.957303494635857136e-03
8.119844993184008328e-11	1.367515119055590977e+00	1.246873983796087870e+01	1.619495733241221591e-01	8.572034114193086141e-02	2.268626828514041030e-02	8.606972863129065399e-01	1.909975955615444976e-01	-2.340607727715353706e-02	-3.987885400316283635e-03
8.504489341802668113e-11	1.391350546596227922e+00	1.245347690125181117e+01	1.649742559924393948e-01	8.398201584594044977e-02	2.212160571572626203e-02	8.520769030515570330e-01	1.882964229101516673e-01	-2.385808768586724499e-02	-4.015245027579068988e-03
8.907354638610458163e-11	1.415080817370141464e+00	1.243740378428734239e+01	1.680048211895740495e-01	8.222834416242147393e-02	2.155463666770633668e-02	8.434060567717280854e-01	1.856035896739913205e-01	-2.430406040905875448e-02	-4.039378271100157666e-03
9.329304026284695888e-11	1.438684289402041072e+00	1.242049733398811995e+01	1.710396307051954834e-01	8.046297922248800416e-02	2.098673231119233332e-02	8.346950151371846927e-01	1.829213478615156763e-01	-2.474351295706364584e-02	-4.060290993879325447e-03
9.771241535346501225e-11	1.462139344980074585e+00	1.240273647879508090e+01	1.740770356408560260e-01	7.868944839586151929e-02	2.041919484711695112e-02	8.259538715709386913e-01	1.802518880387843636e-01	-2.517597522534477036e-02	-4.077998861939718597e-03
1.023411402105452712e-10	1.485424563226947603e+00	1.238410208153792347e+01	1.771153954033441169e-01	7.691113523304030086e-02	1.985325542416370784e-02	8.171924708730823328e-01	1.775973241955240145e-01	-2.560099293713093832e-02	-4.092527116098744651e-03
1.071891319205126445e-10	1.508518604904015570e+00	1.236457701942372367e+01	1.801530593482660036e-01	7.513129876082369485e-02	1.929007655285679135e-02	8.084204884169173821e-01	1.749597083730735081e-01	-2.601812548188234611e-02	-4.103910039868443292e-03
1.122667773510811312e-10	1.531400235527899945e+00	1.234414617709187745e+01	1.831883659169543099e-01	7.335304961592187256e-02	1.873074782392487175e-02	7.996473578139340344e-01	1.723410250327091775e-01	-2.642694658121880549e-02	-4.112190600233732451e-03
1.175849554052158201e-10	1.554048383155165469e+00	1.232279644277700470e+01	1.862196458294461399e-01	7.157936388807636940e-02	1.817628905319181379e-02	7.908823076316077172e-01	1.697431919164905378e-01	-2.682704537427572228e-02	-4.117420056392977201e-03
1.231550603292826197e-10	1.576442200629899704e+00	1.230051668957452371e+01	1.892452260382669893e-01	6.981306793273849010e-02	1.762764776084403684e-02	7.821343076230421465e-01	1.671680532340432679e-01	-2.721802766822300351e-02	-4.119657552758389067e-03
1.289890261253308184e-10	1.598561125444035058e+00	1.227729776277831064e+01	1.922634333407024776e-01	6.805684278288444411e-02	1.708569938862812554e-02	7.734120747262266393e-01	1.646173763805616752e-01	-2.759951701487741924e-02	-4.118969661777785451e-03
1.350993521198024986e-10	1.620384937808151404e+00	1.225313246981709625e+01	1.952725977772642729e-01	6.631318302096501915e-02	1.655123985046141541e-02	7.647239332858037919e-01	1.620928383287772723e-01	-2.797115570976816540e-02	-4.115429904775537787e-03
1.414991297434578731e-10	1.641893823192392521e+00	1.222801556272188961e+01	1.982710567430541471e-01	6.458454709629440904e-02	1.602502282426593316e-02	7.560782870098680108e-01	1.595960720088535900e-01	-2.833260589309285343e-02	-4.109118255674145195e-03
1.482020705798860072e-10	1.663068449964787643e+00	1.220194371584971194e+01	2.012571610914351272e-01	6.287310021621857203e-02	1.550769622299751592e-02	7.474827827003019953e-01	1.571285753535096030e-01	-2.868355061856039945e-02	-4.100120582650985251e-03
1.552225357427047968e-10	1.683890173699252646e+00	1.217491523921079377e+01	2.042293011724099494e-01	6.118085054024244990e-02	1.499983840302922429e-02	7.389447056735881647e-01	1.546917422228213934e-01	-2.902369724398645018e-02	-4.088528002885007465e-03
1.625755666443793407e-10	1.704340953206914033e+00	1.214693017002718456e+01	2.071858921930384290e-01	5.950976074534194277e-02	1.450198888972457217e-02	7.304713577884796027e-01	1.522869133962165833e-01	-2.935277549067704522e-02	-4.074436267240715524e-03
1.702769172225897821e-10	1.724403303440003699e+00	1.211799031884932987e+01	2.101253645885286236e-01	5.786155509496060390e-02	1.401459994464304519e-02	7.220694260056652602e-01	1.499153127898595617e-01	-2.967053648991324968e-02	-4.057945238724215177e-03
1.783430876931905687e-10	1.744060344046796107e+00	1.208809923175473955e+01	2.130461674120186777e-01	5.623783765441082300e-02	1.353806901979839883e-02	7.137453564758099445e-01	1.475780887940724706e-01	-2.997675330238123645e-02	-4.039158336583576273e-03
1.867913599020784805e-10	1.763295847972383035e+00	1.205726214808261787e+01	2.159467719793117246e-01	5.464005890283094719e-02	1.307273266663724204e-02	7.055052304650254458e-01	1.452763017122338240e-01	-3.027122144260420769e-02	-4.018181987052879545e-03
1.956398343517064725e-10	1.782094288828379058e+00	1.202548598479709341e+01	2.188256750701690068e-01	5.306953359297673922e-02	1.261887230464898806e-02	6.973548106300578864e-01	1.430109284083033450e-01	-3.055375931327174166e-02	-3.995125088642490462e-03
2.049074689815846066e-10	1.800440883628335209e+00	1.199277928569471818e+01	2.216814023680354628e-01	5.152744440659068337e-02	1.217671586833579851e-02	6.892995400379536841e-01	1.407828610024243754e-01	-3.082420852220435839e-02	-3.970098464904175950e-03
2.146141197858401440e-10	1.818321634370575479e+00	1.195915219550176012e+01	2.245125115153032980e-01	5.001481991302267338e-02	1.174643698887867932e-02	6.813444510159262224e-01	1.385929019431626219e-01	-3.108243414319275186e-02	-3.943214344581023878e-03
2.247805833548729991e-10	1.835723372115972474e+00	1.192461642056589000e+01	2.273175959268349533e-01	4.853256959940614040e-02	1.132816236287892409e-02	6.734942706968721771e-01	1.364417712045333242e-01	-3.132832493201097301e-02	-3.914585842482856855e-03
2.354286414322420067e-10	1.852633912227088508e+00	1.188918488231912463e+01	2.300953085918401864e-01	4.708150049619630462e-02	1.092197798521157143e-02	6.657534481445491759e-01	1.343301018854459739e-01	-3.156179506039745453e-02	-3.884326214647409233e-03
2.465811075822603842e-10	1.869042019907611429e+00	1.185287167712017364e+01	2.328443572658755178e-01	4.566221937463690872e-02	1.052790982754223982e-02	6.581257973274767803e-01	1.322584106817976668e-01	-3.178278281274912742e-02	-3.852548364835286458e-03
2.582618760682674929e-10	1.884937282566701899e+00	1.181569224754519176e+01	2.355634839077864751e-01	4.427524911531324076e-02	1.014595084675448157e-02	6.506149149911710783e-01	1.302271492917030926e-01	-3.199124822023387965e-02	-3.819364607222254689e-03
2.704959730463131364e-10	1.900310126707609459e+00	1.177766333799463538e+01	2.382514661023824309e-01	4.292110803902979971e-02	9.776085069061850319e-03	6.432244635284708467e-01	1.282367423395196493e-01	-3.218717268373205709e-02	-3.784886252135508545e-03
2.833096101839318258e-10	1.915151843996082848e+00	1.173880291451886038e+01	2.409071205840117580e-01	4.159999828167871422e-02	9.418210092613919782e-03	6.359570151667711668e-01	1.262874564752695938e-01	-3.237055903903714865e-02	-3.749223246910671041e-03
2.967302408188872501e-10	1.929454609096059814e+00	1.169913015629477471e+01	2.435293045356018427e-01	4.031221527844391223e-02	9.072241331386027979e-03	6.288155373068776699e-01	1.243795696675404072e-01	-3.254143096579227568e-02	-3.712483791017790261e-03
3.107866187782014063e-10	1.943211497309382585e+00	1.165866535814189220e+01	2.461169189089753295e-01	3.905788334717284066e-02	8.738046989347261415e-03	6.218024094834139204e-01	1.225132611034923658e-01	-3.269983291293252631e-02	-3.674774023801901431e-03
3.255088599835056406e-10	1.956416498898177814e+00	1.161742993948911007e+01	2.486689093771830839e-01	3.783705480170782010e-02	8.415474451873015613e-03	6.149197753799759969e-01	1.206886532314719734e-01	-3.284582948640490940e-02	-3.636197723522167826e-03
3.409285069746807543e-10	1.969064529863171487e+00	1.157544633364893016e+01	2.511842695747152909e-01	3.664968771145983573e-02	8.104345398465648276e-03	6.081694451254133771e-01	1.189058006470156831e-01	-3.297950522402038481e-02	-3.596856026876198154e-03
3.570785964900469852e-10	1.981151502787953156e+00	1.153273773736709629e+01	2.536620554525887417e-01	3.549567997716689127e-02	7.804465710292654568e-03	6.015530015296468580e-01	1.171646993650960200e-01	-3.310096450954626290e-02	-3.556846963023450707e-03
3.739937302478801677e-10	1.992674329009571199e+00	1.148932786161488018e+01	2.561013915586576317e-01	3.437483578872489037e-02	7.515618089488915361e-03	5.950716551938106669e-01	1.154652700551483113e-01	-3.321033065329869610e-02	-3.516265089971485746e-03
3.917101490809260641e-10	2.003630772685414563e+00	1.144524123803402915e+01	2.585014462532247981e-01	3.328690510815435905e-02	7.237572962632931109e-03	5.887264075019051912e-01	1.138073886917895378e-01	-3.330774351610381323e-02	-3.475201678627045428e-03
4.102658105827190344e-10	2.014019431401999238e+00	1.140050317258400092e+01	2.608614305477245376e-01	3.223157147632078889e-02	6.970086615787287818e-03	5.825179944031537715e-01	1.121908829726258605e-01	-3.339335868230752097e-02	-3.433744597358814182e-03
4.297004704320835313e-10	2.023839738190523097e+00	1.135513971204924033e+01	2.631805995753292438e-01	3.120848435857674283e-02	6.712909441634917415e-03	5.764470039828635262e-01	1.106155461881834084e-01	-3.346734683087161655e-02	-3.391978184660349432e-03
4.500557675700488183e-10	2.033091949564564516e+00	1.130917755873845465e+01	2.654582536417406380e-01	3.021722500381339438e-02	6.465778157056996898e-03	5.705137312443909758e-01	1.090811216920221649e-01	-3.352989296726743146e-02	-3.349983141386355702e-03
4.713753134116729086e-10	2.041777142440000858e+00	1.126264403202280207e+01	2.676937395657513763e-01	2.925736211193831135e-02	6.228430420183825311e-03	5.647183923194869504e-01	1.075873294411973796e-01	-3.358119581450109276e-02	-3.307836461252646083e-03
4.937047852839003559e-10	2.049897205312796178e+00	1.121556703683255307e+01	2.698864512804051707e-01	2.832836591222133091e-02	6.000584115345406616e-03	5.590607671017889801e-01	1.061338255913302636e-01	-3.362146708160641123e-02	-3.265611385698077938e-03
5.170920242896755486e-10	2.057454821866921524e+00	1.116797497709051612e+01	2.720358309280541120e-01	2.742974850625941319e-02	5.781971829460037446e-03	5.535407634667579568e-01	1.047202683875940593e-01	-3.365093068890582378e-02	-3.223377355305043126e-03
5.415871378079465267e-10	2.064453493433574760e+00	1.111989651339870200e+01	2.741413791787771781e-01	2.656094491266242086e-02	5.572312284993711194e-03	5.481579164432687223e-01	1.033462581059972213e-01	-3.366982211788967921e-02	-3.181199816283989193e-03
5.672426068491988835e-10	2.070897536914449777e+00	1.107135994306726090e+01	2.762026723305909814e-01	2.572134853350672642e-02	5.371319703170472637e-03	5.429115093835933381e-01	1.020113470887287904e-01	-3.367838686891707484e-02	-3.139139793948789517e-03
5.941133984965039838e-10	2.076791909426648708e+00	1.102239383524699079e+01	2.782193257308054335e-01	2.491035829681895880e-02	5.178715226232287645e-03	5.378007965401856438e-01	1.007150795184394987e-01	-3.367687847746684421e-02	-3.097254581964774788e-03
6.222570836730231313e-10	2.082142155022168595e+00	1.097302706943109563e+01	2.801909872324976347e-01	2.412733999114921937e-02	4.994217709409306052e-03	5.328248417996345188e-01	9.945697587442958731e-02	-3.366555754219938829e-02	-3.055597901654615294e-03
6.517339604882420571e-10	2.086954383323417872e+00	1.092328875521894638e+01	2.821173378714619262e-01	2.337164610753995897e-02	4.817548841701824180e-03	5.279825962814362894e-01	9.823654289389775751e-02	-3.364469090889925934e-02	-3.014219937034399131e-03
6.826071834272379248e-10	2.091235253772042224e+00	1.087320814809894109e+01	2.839980935665806228e-01	2.264262883972213355e-02	4.648436195688963012e-03	5.232729492309904362e-01	9.705327939723502884e-02	-3.361455112513280635e-02	-2.973167388276046815e-03
7.149428986597561750e-10	2.094991961153533921e+00	1.082281466029025196e+01	2.858330046647606371e-01	2.193963320283810053e-02	4.486611393759278379e-03	5.186946961111387200e-01	9.590667299293126336e-02	-3.357541569332565118e-02	-2.932483565474189660e-03
7.488103857590030225e-10	2.098232222658365842e+00	1.077213781630627309e+01	2.876218571892092957e-01	2.126197252338226165e-02	4.331803954750006007e-03	5.142464262119376128e-01	9.479618638952108656e-02	-3.352756658723028693e-02	-2.892208472141925661e-03
7.842822061337681836e-10	2.100964255687690851e+00	1.072120715964909543e+01	2.893644742487514465e-01	2.060901248639510075e-02	4.183762845373663157e-03	5.099268878776637148e-01	9.372130359870749217e-02	-3.347128976578309795e-02	-2.852378891177818204e-03
8.214343584919422200e-10	2.103196755873929735e+00	1.067005224999089030e+01	2.910607151704484585e-01	1.998004787116340955e-02	4.042224626299150206e-03	5.057344439482728271e-01	9.268146167308061179e-02	-3.340687423527208266e-02	-2.813028469969300425e-03
8.603464416684491388e-10	2.104938891100808007e+00	1.061870265952794234e+01	2.927104768806984558e-01	1.937443927837379648e-02	3.906947791751788288e-03	5.016676735407786802e-01	9.167612536522636024e-02	-3.333461224757336416e-02	-2.774187927314333835e-03
9.011018251665036851e-10	2.106200242806345990e+00	1.056718791008489511e+01	2.943136896331980390e-01	1.879152607220310051e-02	3.777691280725565311e-03	4.977249889883615941e-01	9.070474257189256595e-02	-3.325479628446858377e-02	-2.735884844465154113e-03
9.437878277775391497e-10	2.106990842914357120e+00	1.051553739333182413e+01	2.958703265864816578e-01	1.823060975587090585e-02	3.654209719965070477e-03	4.939045471751362104e-01	8.976672921864364829e-02	-3.316772304715399911e-02	-2.698144347445619127e-03
9.884959046625586031e-10	2.107321107253029790e+00	1.046378052176665108e+01	2.973803925764539335e-01	1.769106140342995362e-02	3.536280234549606452e-03	4.902047447093864641e-01	8.886153511143848882e-02	-3.307368858568256187e-02	-2.660988733896968786e-03
1.035321843295661502e-09	2.107201820960737049e+00	1.041194651352968847e+01	2.988439303087921384e-01	1.717223488282160204e-02	3.423680459576227460e-03	4.866238204909716925e-01	8.798859237767577002e-02	-3.297298974884334960e-02	-2.624437789729220684e-03
1.084365968689608688e-09	2.106644114656586186e+00	1.036006443779807462e+01	3.002610180505476678e-01	1.667347815876443415e-02	3.316191386333450924e-03	4.831599061344677426e-01	8.714732294920211897e-02	-3.286592328655338346e-02	-2.588508895654465305e-03
1.135733358343102889e-09	2.105659442494661526e+00	1.030816321471494490e+01	3.016317688036278533e-01	1.619416170728240831e-02	3.213604243662428455e-03	4.798111572567814731e-01	8.633715532255301084e-02	-3.275278537587456018e-02	-2.553217162071798677e-03
1.189534067370320724e-09	2.104259558128312335e+00	1.025627157401870626e+01	3.029563303592444634e-01	1.573366611434520376e-02	3.115716926964473207e-03	4.765756969717309666e-01	8.555751685750191682e-02	-3.263387121931157070e-02	-2.518575546003749919e-03
1.245883364295008068e-09	2.102882067085212192e+00	1.021589245942638868e+01	3.039546837213661923e-01	1.538791863174608643e-02	3.042674667793317158e-03	4.741353942036102831e-01	8.497181306297804659e-02	-3.253737704095927691e-02	-2.492070234014797433e-03
1.304901978014401580e-09	2.101635170806427588e+00	1.018652054034205534e+01	3.046503613134622923e-01	1.514504924818933090e-02	2.991740682633141097e-03	4.724216184411974551e-01	8.456366627412163772e-02	-3.246399002466250627e-02	-2.473154758967670806e-03
1.366716356462010101e-09	2.100132024838346378e+00	1.015773081565271063e+01	3.052953101844453898e-01	1.491562486072169763e-02	2.944049905944045708e-03	4.708094532036836144e-01	8.418418414811508488e-02	-3.238850082117959717e-02	-2.455020984036011562e-03
1.431458937523481393e-09	2.098347009643882544e+00	1.012941420133633308e+01	3.058885460084050933e-01	1.469890878383907709e-02	2.899461202149170545e-03	4.692967109436181894e-01	8.383339565400144133e-02	-3.231042833619463678e-02	-2.437625981587472450e-03
1.499268432786047049e-09	2.096267696888041598e+00	1.010148971479527802e+01	3.064301904009433253e-01	1.449414379628521932e-02	2.857810307789803318e-03	4.678801608505683829e-01	8.351082141650464918e-02	-3.222950369446508923e-02	-2.420929016229751533e-03
1.570290124729377524e-09	2.093889063984885279e+00	1.007389476296414976e+01	3.069209218909336179e-01	1.430062741385888965e-02	2.818936301199722032e-03	4.665563377353117991e-01	8.321576544182011925e-02	-3.214557931123921547e-02	-2.404892233410005353e-03
1.644676177994662829e-09	2.091210859563986446e+00	1.004658032096415177e+01	3.073617355619168712e-01	1.411770580547401510e-02	2.782683709127062397e-03	4.653217143555729018e-01	8.294742004397336055e-02	-3.205858705335339065e-02	-2.389480736586532036e-03
1.722585965398783835e-09	2.088236108006735314e+00	1.001950786650428071e+01	3.077538150871947376e-01	1.394477828728646861e-02	2.748906390114999945e-03	4.641728318716566437e-01	8.270492833183298864e-02	-3.196851421877940774e-02	-2.374662417185085996e-03
1.804186409392068039e-09	2.084970117857075866e+00	9.992647168017271042e+00	3.080984524462540008e-01	1.378128013666278170e-02	2.717464160283891792e-03	4.631062869480083166e-01	8.248740897445494547e-02	-3.187538703776062604e-02	-2.360407687198763736e-03
1.889652339691211477e-09	2.081419850243531489e+00	9.965974798005929003e+00	3.083969984340795278e-01	1.362670546856472285e-02	2.688229811159754262e-03	4.621188852316923112e-01	8.229399365647729891e-02	-3.177926047172038859e-02	-2.346689314595237340e-03
1.979166867853557524e-09	2.077593460991124630e+00	9.939472880951278455e+00	3.086508317548027347e-01	1.348057635913007916e-02	2.661081931223257830e-03	4.612075212980997208e-01	8.212382189327460669e-02	-3.168021059092476083e-02	-2.333482162263126984e-03
2.072921779595369695e-09	2.073499946875961619e+00	9.913128134230339228e+00	3.088613346785890612e-01	1.334246345126867406e-02	2.635910490243242692e-03	4.603692999557221222e-01	8.197606448052015271e-02	-3.157832864322399763e-02	-2.320763007097312747e-03
2.171117945694509622e-09	2.069148921378056283e+00	9.886931228495297930e+00	3.090298781768945902e-01	1.321196550417212331e-02	2.612612335829039758e-03	4.596014520920465585e-01	8.184991814895699325e-02	-3.147371726939957731e-02	-2.308510400205065864e-03
2.273965752357932151e-09	2.064550408325159125e+00	9.860876009929128827e+00	3.091578142141189756e-01	1.308873963468560296e-02	2.591098428399692035e-03	4.589014885066269311e-01	8.174462631295753567e-02	-3.136648732818471397e-02	-2.296704454597623107e-03
2.381685551976160644e-09	2.059714695035263610e+00	9.834959087095564101e+00	3.092464657044843857e-01	1.297235971380000970e-02	2.571259326882915485e-03	4.582665263154993562e-01	8.165939721023939002e-02	-3.125675507407701947e-02	-2.285326717901211852e-03
2.494508135230316413e-09	2.054652224003871375e+00	9.809179334190805122e+00	3.092971249755622765e-01	1.286261926209558877e-02	2.553040318936328212e-03	4.576947531083514487e-01	8.159359056473458605e-02	-3.114464091102076351e-02	-2.274360074008272611e-03
2.612675225563326382e-09	2.049373510590636993e+00	9.783537637427420108e+00	3.093110486272620530e-01	1.275916148112108545e-02	2.536349649984331791e-03	4.571836467402156101e-01	8.154649166815082506e-02	-3.103026743007836555e-02	-2.263788593881464056e-03
2.736439997074666368e-09	2.043889053735818084e+00	9.758036461762825908e+00	3.092894570852750546e-01	1.266172292598902183e-02	2.521118984529479787e-03	4.567311526516598108e-01	8.151746125468016524e-02	-3.091375822552457422e-02	-2.253597423263141528e-03
2.866067616948244470e-09	2.038209319509012740e+00	9.732679742889748908e+00	3.092335349649465992e-01	1.257007817913105042e-02	2.507289806281839256e-03	4.563354173239627665e-01	8.150590130368984276e-02	-3.079523787895242781e-02	-2.243772765819155267e-03
3.001835813575592210e-09	2.032344658481312294e+00	9.707472504951796921e+00	3.091444301896872360e-01	1.248396543825664763e-02	2.494794943201629478e-03	4.559944303960889456e-01	8.151120923708343735e-02	-3.067483036881075639e-02	-2.234301712837170537e-03
3.144035471591500167e-09	2.026305290482101729e+00	9.682420796606459490e+00	3.090232532582535829e-01	1.240317657401666072e-02	2.483580887295475798e-03	4.557064606857426092e-01	8.153283334939545601e-02	-3.055265857870456334e-02	-2.225172201202825755e-03
3.292971255097148186e-09	2.020101290168639707e+00	9.657531478286323079e+00	3.088710814296185547e-01	1.232750618869607809e-02	2.473595091536776296e-03	4.554698072743093018e-01	8.157023930909422516e-02	-3.042884473280885876e-02	-2.216372969225633219e-03
3.448962260405766611e-09	2.013742538763938938e+00	9.632812051395177377e+00	3.086889564636299266e-01	1.225676707861907827e-02	2.464789998316794031e-03	4.552828764808031226e-01	8.162292082589900355e-02	-3.030350903097906237e-02	-2.207893455557558959e-03
3.612342699709437910e-09	2.007238749934832978e+00	9.608270661005679614e+00	3.084778881599578582e-01	1.219077671213173938e-02	2.457119360075630567e-03	4.551441141425452419e-01	8.169038886814340705e-02	-3.017677043206349469e-02	-2.199723799748175886e-03
3.783462617131932968e-09	2.000599418437462251e+00	9.583915862492352389e+00	3.082388536670733759e-01	1.212937552882586111e-02	2.450543066432721642e-03	4.550520946905834974e-01	8.177218366724166299e-02	-3.004874544508386730e-02	-2.191854719743054677e-03
3.962688638701478467e-09	1.993833832360760727e+00	9.559756518192601860e+00	3.079728023969595108e-01	1.207241282448494497e-02	2.445023476873620181e-03	4.550054492491252267e-01	8.186786341507333586e-02	-2.991954907842475642e-02	-2.184277525253536072e-03
4.150404757850472502e-09	1.986951069125608260e+00	9.535801845323819137e+00	3.076806536090518351e-01	1.201973207994593701e-02	2.440521643322137498e-03	4.550027976499965154e-01	8.197699578450746982e-02	-2.978929395238007899e-02	-2.176984054382718244e-03
4.347013158125017173e-09	1.979959986670229988e+00	9.512061273480837187e+00	3.073632993772543176e-01	1.197119420397833173e-02	2.437003238126491701e-03	4.550428579503749682e-01	8.209917116482834398e-02	-2.965809051649292635e-02	-2.169966638459960417e-03
4.552935074866938773e-09	1.972869223830773011e+00	9.488544334860829821e+00	3.070216079488010119e-01	1.192667863729258461e-02	2.434438789727217788e-03	4.551244488154212453e-01	8.223400163824907960e-02	-2.952604729956146215e-02	-2.163218060934260414e-03
4.768611697714474181e-09	1.965687196997617292e+00	9.465260716684898767e+00	3.066564212914292265e-01	1.188605430873779061e-02	2.432796329297754953e-03	4.552463528265247028e-01	8.238110381302110596e-02	-2.939327026670001536e-02	-2.156731528337708925e-03
4.994505115855140358e-09	1.958422111209865868e+00	9.442220148871227181e+00	3.062685602143261909e-01	1.184922788733410413e-02	2.432053629836048326e-03	4.554075428957894411e-01	8.254012649463672580e-02	-2.925986363386792050e-02	-2.150500667849777284e-03
5.231099308056257792e-09	1.951081944427663695e+00	9.419432339087975947e+00	3.058588237892637118e-01	1.181606939869880683e-02	2.432179164895616717e-03	4.556068278374334479e-01	8.271070430027316345e-02	-2.912592915973437335e-02	-2.144519441959821283e-03
5.478901179593956120e-09	1.943674471380538060e+00	9.396907051626902430e+00	3.054279902828276883e-01	1.178648710210016166e-02	2.433151324954605909e-03	4.558432090802356784e-01	8.289250403640734122e-02	-2.899156659333077674e-02	-2.138782191447484698e-03
5.738441648302404521e-09	1.936207248586890861e+00	9.374653941117454536e+00	3.049768199759219089e-01	1.176038633720481036e-02	2.434947769583048136e-03	4.561156819339246549e-01	8.308519741843434225e-02	-2.885687358841457911e-02	-2.133283560098215344e-03
6.010276782070388176e-09	1.928687630434902323e+00	9.352682616878402300e+00	3.045060553623138433e-01	1.173767454054602116e-02	2.437546848736545958e-03	4.564232596352060245e-01	8.328846436493074490e-02	-2.872194584517126503e-02	-2.128018510395059733e-03
6.294988990221888141e-09	1.921122753075624967e+00	9.331002528584289024e+00	3.040164220871305889e-01	1.171825662929630585e-02	2.440925944974689683e-03	4.567649510067229301e-01	8.350198854206580812e-02	-2.858687661691467277e-02	-2.122982240289653447e-03
6.593188271333541710e-09	1.913519570269129888e+00	9.309623064425080585e+00	3.035086311652022695e-01	1.170206246779684038e-02	2.445069562512857710e-03	4.571398883417210901e-01	8.372547577121662588e-02	-2.845175782621148924e-02	-2.118170277025238635e-03
6.905513520162316861e-09	1.905884834064547784e+00	9.288553456645688655e+00	3.029833787646686871e-01	1.168901619948967477e-02	2.449960140386039324e-03	4.575471825289267325e-01	8.395863188065480487e-02	-2.831667904847403119e-02	-2.113578350430744390e-03
7.232633896483518810e-09	1.898225097677601836e+00	9.267802752353601292e+00	3.024413473523926421e-01	1.167903831597503876e-02	2.455579354284846520e-03	4.579859323259284354e-01	8.420116534492189109e-02	-2.818172792401428192e-02	-2.109202427848147227e-03
7.575250258771920716e-09	1.890546740077876153e+00	9.247379872471540807e+00	3.018832074224865880e-01	1.167205899875896173e-02	2.461911369125748851e-03	4.584552857078630361e-01	8.445279424067521357e-02	-2.804699043346390794e-02	-2.105038699102998630e-03
7.934096665797492339e-09	1.882855953888383116e+00	9.227293523691674437e+00	3.013096181873931023e-01	1.166802227504313942e-02	2.468943936313807656e-03	4.589544583722778293e-01	8.471324839087437941e-02	-2.791255087062544452e-02	-2.101083577399662922e-03
8.309941949353386453e-09	1.875158743693244201e+00	9.207552197046839026e+00	3.007212270746160154e-01	1.166685475747176667e-02	2.476660302317389758e-03	4.594825881515184340e-01	8.498225035223115620e-02	-2.777849112175881721e-02	-2.097333596444563280e-03
8.703591361485183753e-09	1.867460956250115212e+00	9.188164215046844774e+00	3.001186727461588322e-01	1.166849761225630111e-02	2.485047324315143961e-03	4.600388819411416752e-01	8.525953329007210368e-02	-2.764489206236755633e-02	-2.093785539867143095e-03
9.115888299750837812e-09	1.859768260124351702e+00	9.169137658031040417e+00	2.995025839642860288e-01	1.167290148551263299e-02	2.494094366638880799e-03	4.606225926002457949e-01	8.554483868208918873e-02	-2.751183244142084428e-02	-2.090436318147533695e-03
9.547716114208065503e-09	1.852086161278683418e+00	9.150480394509569848e+00	2.988735808084766465e-01	1.168000090496583258e-02	2.503786414640025906e-03	4.612328992471853017e-01	8.583789963474512674e-02	-2.737938931220358987e-02	-2.087282993335166058e-03
1.000000000000000021e-08	1.844420007946783402e+00	9.132200036001666632e+00	2.982322766423780025e-01	1.168974470793555237e-02	2.514112226413969808e-03	4.618690467825509183e-01	8.613845906527428653e-02	-2.724763842975503822e-02	-2.084322797508934323e-03
