# Pressure Mass Radius Compactness k2 k3 h2 h3 j2 j3
9.999999999999999799e-13	1.124416285709041174e-01	3.066592846059010569e+01	5.414286637573244992e-03	1.107187996704456310e-03	9.233567518500319265e-05	9.861127248984689064e-01	3.262356078142542581e-01	-1.211283355419720351e-05	-7.076414064026908655e-07
1.047370897959448749e-12	1.152494881851559294e-01	2.920179147104840567e+01	5.827734327086832658e-03	1.374490253971058507e-03	1.115515357304769242e-04	9.854337296828588055e-01	3.257065965778154215e-01	-1.553433442048923987e-05	-9.202294749416725471e-07
1.096985797892381920e-12	1.181205656411890292e-01	2.790805057275213130e+01	6.249801899935156051e-03	1.687104334145562382e-03	1.346727325726666325e-04	9.848232255952202863e-01	3.251702705467535703e-01	-1.965634288038050739e-05	-1.192125915060768976e-06
1.148951000187311009e-12	1.210548939749704206e-01	2.675702006759648555e+01	6.680590357130188409e-03	2.048057314127701978e-03	1.649450172571260672e-04	9.842876892795198174e-01	3.246270972461414717e-01	-2.456331365580005822e-05	-1.535804374997251447e-06
1.203377840777590522e-12	1.240528318369621547e-01	2.572661200373570267e+01	7.120234891484188144e-03	2.460077475492075585e-03	2.008641338246774206e-04	9.838324712073422962e-01	3.240775318505226266e-01	-3.034229979369008833e-05	-1.965223170837794600e-06
1.260382929679727463e-12	1.271151565148487261e-01	2.479897089245776343e+01	7.568919960758803585e-03	2.925618290303711681e-03	2.441823832347052151e-04	9.834625808952396353e-01	3.235220034776437603e-01	-3.708297768547941128e-05	-2.495862031680316236e-06
1.320088400831416649e-12	1.302430096921733949e-01	2.395952848420742143e+01	8.026872995893758952e-03	3.446813691736078100e-03	2.957207531233315692e-04	9.831820377572134673e-01	3.229608994268367561e-01	-4.487755812147284980e-05	-3.144743770895817279e-06
1.382622173764653478e-12	1.334377360458313400e-01	2.319632278900969524e+01	8.494342270307106771e-03	4.025499405349132823e-03	3.562139292172360606e-04	9.829942757056527869e-01	3.223946041087986103e-01	-5.382040230823872782e-05	-3.930420976039295929e-06
1.448118227674535917e-12	1.367008695027644161e-01	2.249944526003600132e+01	8.971595854504434836e-03	4.663180087102655226e-03	4.267448109965267761e-04	9.829022243442666618e-01	3.218234809601180912e-01	-6.400789341695119075e-05	-4.872970065476090872e-06
1.516716888470924089e-12	1.400341307700215809e-01	2.186062118479643246e+01	9.458921830219497659e-03	5.361073440754143306e-03	5.080855640617087162e-04	9.829079894483914170e-01	3.212478797383787610e-01	-7.553837980590907505e-05	-5.993982970816239458e-06
1.588565129428052692e-12	1.434394268964946095e-01	2.127288880361561141e+01	9.956628575658458755e-03	6.120084466727041157e-03	6.018056371955970291e-04	9.830130856584256005e-01	3.206681173166845977e-01	-8.851215992626123501e-05	-7.316556562673187211e-06
1.663816886076127415e-12	1.469188528872709676e-01	2.073035109539634746e+01	1.046504514891426728e-02	6.940846585926702637e-03	7.079732449345494012e-04	9.832185228279199940e-01	3.200844856291025220e-01	-1.030315158116592645e-04	-8.865281889837145011e-06
1.742633386009647278e-12	1.504746981198624711e-01	2.022798127961543457e+01	1.098452224567770912e-02	7.823725460814480448e-03	8.274587025531963827e-04	9.835246443908569614e-01	3.194972358297749060e-01	-1.192008087892696989e-04	-1.066623475767306786e-05
1.825183494319046040e-12	1.541096237968409277e-01	1.976144882600083719e+01	1.151545793558649000e-02	8.768888152565762831e-03	9.620301807482267188e-04	9.839313447346828001e-01	3.189065544124291551e-01	-1.371274912110043165e-04	-1.274707306979969220e-05
1.911644075385703708e-12	1.578267963697211618e-01	1.932699353706981782e+01	1.205831638706449799e-02	9.776346885009981960e-03	1.111621974977017010e-03	9.844379840395368619e-01	3.183125309348661669e-01	-1.569233087222116692e-04	-1.513718062365962882e-05
2.002200371815584363e-12	1.616297098509302255e-01	1.892135978052554890e+01	1.261360087233732996e-02	1.084597392476243857e-02	1.276776248769798464e-03	9.850436352803179085e-01	3.177152026945208041e-01	-1.787040144600989325e-04	-1.786764644174421336e-05
2.097046401323230665e-12	1.655221870414655960e-01	1.854171871412767914e+01	1.318185295399325850e-02	1.197748347768366230e-02	1.459439414355410101e-03	9.857469534676130962e-01	3.171145414372859572e-01	-2.025898134430702616e-04	-2.097132629486363241e-05
2.196385372416542332e-12	1.695083994100015923e-01	1.818560273216535705e+01	1.376365437944405273e-02	1.317048572518650720e-02	1.659119838413535778e-03	9.865462821742237987e-01	3.165104625819518680e-01	-2.287059489248849582e-04	-2.448292747672483656e-05
2.300430119772921506e-12	1.735928896776856023e-01	1.785085169277583006e+01	1.435962920937041039e-02	1.442446996638275386e-02	1.877187014159728291e-03	9.874396966975561574e-01	3.159028089093810499e-01	-2.571833564450512304e-04	-2.843910984506306180e-05
2.409403560239526876e-12	1.777805961139238555e-01	1.753556852809658650e+01	1.497044610972604606e-02	1.573887066537799431e-02	2.113903830656104540e-03	9.884250297497531035e-01	3.152913656409048748e-01	-2.881593820510425664e-04	-3.287860359333605819e-05
2.523539170434765862e-12	1.820768792791301049e-01	1.723808242453516471e+01	1.559682083102479321e-02	1.711305101443212281e-02	2.370144132161332903e-03	9.894999386090630455e-01	3.146758456136186100e-01	-3.217785751497420632e-04	-3.784234552303152683e-05
2.643081486974102692e-12	1.864875808047330163e-01	1.695691624469934666e+01	1.623952324132481653e-02	1.854634041240127082e-02	2.646322490873716238e-03	9.906618810799981967e-01	3.140558873132898721e-01	-3.581938064555651737e-04	-4.337367332866577224e-05
2.768286630392061017e-12	1.910190869350992804e-01	1.669075851308692648e+01	1.689938601375366029e-02	2.003807214488831367e-02	2.943033819699670400e-03	9.919082221537699473e-01	3.134310514434860973e-01	-3.975676038246290611e-04	-4.951856943382367102e-05
2.899422853882880921e-12	1.956780964561916913e-01	1.643845444892552976e+01	1.757727176194811072e-02	2.158749310818974809e-02	3.260609126218705443e-03	9.932361321942339005e-01	3.128008470813934960e-01	-4.400709371143620547e-04	-5.632550880976486968e-05
3.036771118035460378e-12	2.004715601207147369e-01	1.619898666357489603e+01	1.827406466348731329e-02	2.319375270275490786e-02	3.599520536817731042e-03	9.946426020208032348e-01	3.121647442612645040e-01	-4.858830457312031631e-04	-6.384543447774788342e-05
3.180625692794118977e-12	2.054066878253795747e-01	1.597145551837434319e+01	1.899067136831302655e-02	2.485587933156946372e-02	3.960330103805658267e-03	9.961243744672125811e-01	3.115221622743198915e-01	-5.351917538705432131e-04	-7.213179542334545338e-05
3.331294787934670055e-12	2.104909569821219462e-01	1.575506275779890686e+01	1.972802184650087817e-02	2.657278973686059628e-02	4.343182156745065831e-03	9.976779811444884682e-01	3.108724744948335172e-01	-5.881937816027636148e-04	-8.124057478034925350e-05
3.489101213406766494e-12	2.157321212838977376e-01	1.554909777183074482e+01	2.048707015109881707e-02	2.834328625866547671e-02	4.748340591225515793e-03	9.992997278358308755e-01	3.102150023952728874e-01	-6.450950473582748972e-04	-9.123030594966816662e-05
3.654383070957261569e-12	2.211382198182476888e-01	1.535292600266929064e+01	2.126879510532795128e-02	3.016602893819796474e-02	5.175945582995420541e-03	1.000985646854602562e+00	3.095490091259667786e-01	-7.061109611769241044e-04	-1.021620766403678551e-04
3.827494478516314936e-12	2.267175861877954723e-01	1.516597910421197071e+01	2.207420090227418807e-02	3.203954976082046269e-02	5.626044969196455046e-03	1.002731516920694732e+00	3.088737016394214607e-01	-7.714667045992534573e-04	-1.140995173304115885e-04
4.008806328898464320e-12	2.324788316722068704e-01	1.498774731006607652e+01	2.290431390331067532e-02	3.396223564063516331e-02	6.098721424528736473e-03	1.004532859656436461e+00	3.081882307485100947e-01	-8.413971750064670220e-04	-1.271087140316145864e-04
4.198707084443905621e-12	2.384305855862621781e-01	1.481777915598427953e+01	2.376014478120181544e-02	3.593221894073566486e-02	6.593745474679823908e-03	1.006384785548292138e+00	3.074917148674907175e-01	-9.161437599194973509e-04	-1.412574955720027794e-04
4.397603609302712498e-12	2.445815197258156271e-01	1.465567128923379236e+01	2.464269254243463617e-02	3.794740463255011353e-02	7.110964541347864973e-03	1.008282060971131822e+00	3.067832397427230906e-01	-9.959542009402352208e-04	-1.566152418952627219e-04
4.605922041145112927e-12	2.509404681174775553e-01	1.450105791377959541e+01	2.555296215945543695e-02	4.000545027328788333e-02	7.649953296140878448e-03	1.010219004877922266e+00	3.060618245250379399e-01	-1.081083796028232090e-03	-1.732529426755495593e-04
4.824108704165373984e-12	2.575164163041775423e-01	1.435360567648992536e+01	2.649196324660705107e-02	4.210385832827443636e-02	8.210304639568280147e-03	1.012189690634198946e+00	3.053264503858059697e-01	-1.171795023669973531e-03	-1.912429432973434444e-04
5.052631065335679604e-12	2.643184874663819794e-01	1.421300931853612148e+01	2.746070828761191726e-02	4.423986219792622188e-02	8.791344976468891403e-03	1.014187706757736063e+00	3.045760288395109594e-01	-1.268357085140732476e-03	-2.106586614619606322e-04
5.291978735958436557e-12	2.713559259844075533e-01	1.407898790773549536e+01	2.846021059859619312e-02	4.641045423244814783e-02	9.392380654001107262e-03	1.016206219895694263e+00	3.038094088670159620e-01	-1.371045336159083415e-03	-2.315742567040589587e-04
5.542664520663095602e-12	2.786380782532663636e-01	1.395128155659253899e+01	2.949148203635666363e-02	4.861243249167540581e-02	1.001257190699810298e-02	1.018238076792309821e+00	3.030253979598830361e-01	-1.480140602084781785e-03	-2.540642537627059699e-04
5.805225516094907684e-12	2.861743710600854196e-01	1.382964855595027132e+01	3.055553049880084526e-02	5.084232777282099436e-02	1.065092190830849855e-02	1.020275648598566676e+00	3.022227386766126456e-01	-1.595928408599359138e-03	-2.782031348349825678e-04
6.080224261649427052e-12	2.939742863353420055e-01	1.371386285969751739e+01	3.165335712135646656e-02	5.309642790433839743e-02	1.130631171329026831e-02	1.022310888767869574e+00	3.014001194511840565e-01	-1.718698063326453080e-03	-3.040648762097455417e-04
6.368249944718585906e-12	3.020473282467782683e-01	1.360371192951374475e+01	3.278595260841072473e-02	5.537076793786023521e-02	1.197745950149073368e-02	1.024335307668924333e+00	3.005561763017889909e-01	-1.848741545481540462e-03	-3.317224291791214474e-04
6.669919663030115058e-12	3.104026554308201846e-01	1.349899884111903958e+01	3.395424694307958707e-02	5.766105392152605369e-02	1.266296845912333324e-02	1.026339933093464607e+00	2.996895341541062630e-01	-1.986346726085618224e-03	-3.612459611521950530e-04
6.985879746785234820e-12	3.190488471340878762e-01	1.339954150352929751e+01	3.515907789578980730e-02	5.996260772098526565e-02	1.336122913001121931e-02	1.028315245137106260e+00	2.987988255624400846e-01	-2.131792036214393872e-03	-3.927013404111370700e-04
7.316807143427207274e-12	3.279944436986754752e-01	1.330516359702794915e+01	3.640126722493866596e-02	6.227056857322226663e-02	1.407053354505993434e-02	1.030251408247695455e+00	2.978826415221817459e-01	-2.285354101884202755e-03	-4.261514202414802793e-04
7.663410868007462274e-12	3.372479813643605717e-01	1.321569351036820450e+01	3.768162607585082147e-02	6.457990976701635799e-02	1.478904446077049760e-02	1.032138278369632456e+00	2.969395301475938886e-01	-2.447307613158906589e-03	-4.616557024649479697e-04
8.026433522257174683e-12	3.468179636852360415e-01	1.313096404641201609e+01	3.900095188082415565e-02	6.688544604544216510e-02	1.551483540375764476e-02	1.033965418998484598e+00	2.959679989508697817e-01	-2.617924136240038554e-03	-4.992697735002933233e-04
8.406652885618316356e-12	3.567128369986674596e-01	1.305081202975273769e+01	4.036002615286794770e-02	6.918171406590491179e-02	1.624583867074294238e-02	1.035721831449911035e+00	2.949664949918029411e-01	-2.797471180217452232e-03	-5.390448316740723000e-04
8.804883581643446547e-12	3.669409185110955041e-01	1.297507832103335623e+01	4.175960583220374167e-02	7.146376859616695998e-02	1.698006276162519756e-02	1.037397695645255524e+00	2.939335842688991507e-01	-2.986209038799231275e-03	-5.810265306683303540e-04
9.221978823334340144e-12	3.775104305922311609e-01	1.290360678569557606e+01	4.320043008223919262e-02	7.372558393960175482e-02	1.771518640805062189e-02	1.038980863731495674e+00	2.928676015284313872e-01	-3.184392789755488302e-03	-6.252554497329508749e-04
9.658832241158709141e-12	3.884293854765215603e-01	1.283624465727689135e+01	4.468320606957923435e-02	7.596173594054579647e-02	1.844900174646782465e-02	1.040460537231245430e+00	2.917670278359689728e-01	-3.392267170459155063e-03	-6.717653591569776534e-04
1.011637979766206976e-11	3.997055759242820749e-01	1.277284186444079950e+01	4.620861017907964413e-02	7.816653089366801255e-02	1.917918424272460620e-02	1.041825352595435072e+00	2.906303025914099281e-01	-3.610066601326809409e-03	-7.205831145336770395e-04
1.059560179277614774e-11	4.113465183158709348e-01	1.271325078366436045e+01	4.777728278964134961e-02	8.033425449234313231e-02	1.990337498614237755e-02	1.043063920536561051e+00	2.894558831409350108e-01	-3.838012996551970740e-03	-7.717278870937012772e-04
1.109752496412069864e-11	4.233592899848929725e-01	1.265732641989484897e+01	4.938980925605020167e-02	8.245913751768384203e-02	2.061917157071626108e-02	1.044164774819904329e+00	2.882422568062996127e-01	-4.076311640647775278e-03	-8.252100120931136693e-04
1.162322468679854125e-11	4.357499009815294366e-01	1.260492838685933670e+01	5.104663862784873662e-02	8.453533479484209856e-02	2.132410989690388184e-02	1.045116482528684054e+00	2.869880202006589442e-01	-4.325137451688100716e-03	-8.810277088589335125e-04
1.217382727739662020e-11	4.485237738007319397e-01	1.255591790746876057e+01	5.274815030735328231e-02	8.655701239799744318e-02	2.201572803933892625e-02	1.045907661166020741e+00	2.856918259868718168e-01	-4.584643085601546909e-03	-9.391687550554584686e-04
1.275051240713012859e-11	4.616860183984013433e-01	1.251015677164816964e+01	5.449469240962924454e-02	8.851848452425017943e-02	2.269158623762308410e-02	1.046527179235126281e+00	2.843523722093045936e-01	-4.854963635233712320e-03	-9.996114392718381640e-04
1.335451562929897339e-11	4.752413927778029734e-01	1.246750773434704840e+01	5.628657833989359621e-02	9.041422695205611482e-02	2.334928784671793864e-02	1.046964180912927755e+00	2.829684103616227353e-01	-5.136215269881834293e-03	-1.062324195930554240e-03
1.398713102647241439e-11	4.891942596252010778e-01	1.242783478508119543e+01	5.812408324940129128e-02	9.223889681139407770e-02	2.398649912005358653e-02	1.047208124848688415e+00	2.815387570147285801e-01	-5.428493818556212776e-03	-1.127265264138355844e-03
1.464971398307287854e-11	5.035485428564570043e-01	1.239100339388820693e+01	6.000744042910929194e-02	9.398736473370331024e-02	2.460095164516647864e-02	1.047248851378850931e+00	2.800623021802003954e-01	-5.731873373179584633e-03	-1.194382398555600324e-03
1.534368408930013065e-11	5.183076785240992024e-01	1.235688059510250270e+01	6.193683767815031521e-02	9.565472218897178025e-02	2.519045887133762596e-02	1.047076594506441971e+00	2.785380197288829240e-01	-6.046404838937495009e-03	-1.263612612523257921e-03
1.607052818261638620e-11	5.334745666309549383e-01	1.232533509617677581e+01	6.391241362302628459e-02	9.723634079753962212e-02	2.575293545057866229e-02	1.046682112673806841e+00	2.769649823715690240e-01	-6.372114523467095962e-03	-1.334881983211438049e-03
1.683180353330955093e-11	5.490515205898202078e-01	1.229623732726393825e+01	6.593425401017855014e-02	9.872783923862657463e-02	2.628639882772252148e-02	1.046056610648970153e+00	2.753423620459512500e-01	-6.709002728587591668e-03	-1.408105511363294147e-03
1.762914118095944293e-11	5.650402147383343232e-01	1.226945944179917092e+01	6.800238802221765522e-02	1.001251461175686891e-01	2.678898889491413554e-02	1.045191880146199903e+00	2.736694482448860377e-01	-7.057042365685700820e-03	-1.483187043880567759e-03
1.846424942895546448e-11	5.814416313055736918e-01	1.224487531227510217e+01	7.011678458408814041e-02	1.014244914238308370e-01	2.725896984370856230e-02	1.044080279056872618e+00	2.719456481410916782e-01	-7.416177609036156068e-03	-1.560019265599018636e-03
1.933891750455232057e-11	5.982559420551540885e-01	1.222236058321101382e+01	7.227734046615771901e-02	1.026224463486177657e-01	2.769475190896681163e-02	1.042714838387883258e+00	2.701705122140102833e-01	-7.786321174740548981e-03	-1.638483463307105611e-03
2.025501939230666486e-11	6.154821054843491179e-01	1.220179308557225717e+01	7.448383163282153163e-02	1.037158818909192787e-01	2.809487620484738685e-02	1.041089249515046999e+00	2.683437669232118794e-01	-8.167345341011874454e-03	-1.718448073376431040e-03
2.121451784910627571e-11	6.331181894886276362e-01	1.218305245406512327e+01	7.673595668695525063e-02	1.047020680280013605e-01	2.845805558293010643e-02	1.039198002206885407e+00	2.664652990313080005e-01	-8.559089011116500709e-03	-1.799770722577011262e-03
2.221946860939528424e-11	6.511615578265358417e-01	1.216602009864103096e+01	7.903336239082488224e-02	1.055786981673076802e-01	2.878318044304246232e-02	1.037036393271291157e+00	2.645351351822430863e-01	-8.961362107941399369e-03	-1.882299699629796192e-03
2.327202478960412005e-11	6.696088352782392228e-01	1.215057940503518452e+01	8.137564099207353352e-02	1.063438404721882419e-01	2.906931023333879371e-02	1.034600419696631635e+00	2.625534350877765655e-01	-9.373945217664481772e-03	-1.965874456412548647e-03
2.437444150122221807e-11	6.884558714776918276e-01	1.213661592714307602e+01	8.376232712626020815e-02	1.069960295013654139e-01	2.931570097490216603e-02	1.031887005655331535e+00	2.605205172632924504e-01	-9.796589225780779134e-03	-2.050326165224135907e-03
2.552908068239516723e-11	7.076977068618587330e-01	1.212401738050533240e+01	8.619289605532268195e-02	1.075341804838700482e-01	2.952178339396822893e-02	1.028893808835766643e+00	2.584368416565019921e-01	-1.022901522351430531e-02	-2.135478367374956093e-03
2.673841615839943880e-11	7.273285382352139283e-01	1.211267380662602910e+01	8.866676050051129632e-02	1.079576739890083792e-01	2.968718713971016387e-02	1.025619436484923597e+00	2.563030330687887104e-01	-1.067091428600024788e-02	-2.221147660008763493e-03
2.800503894183625342e-11	7.473416872581308823e-01	1.210247756070070757e+01	9.118326882267725753e-02	1.082662815748707680e-01	2.981171921352785206e-02	1.022063280411428687e+00	2.541198649214590488e-01	-1.112194754112269188e-02	-2.307144473092476340e-03
2.933166278390048099e-11	7.677295704357066652e-01	1.209332335184652507e+01	9.374170284743889303e-02	1.084601799950210832e-01	2.989537034831737938e-02	1.018225565219486040e+00	2.518882665075648508e-01	-1.158174626905585612e-02	-2.393273894585864169e-03
3.072112998861759207e-11	7.884836712810053827e-01	1.208510824568127617e+01	9.634127604425465896e-02	1.085399834189907514e-01	2.993832055610562773e-02	1.014107443524970620e+00	2.496093311834822748e-01	-1.204991214245963380e-02	-2.479336555513269886e-03
3.217641750250735458e-11	8.095945153873880251e-01	1.207773165728329445e+01	9.898113196411849335e-02	1.085066604581619992e-01	2.994091627359014504e-02	1.009710809841985801e+00	2.472842982547162338e-01	-1.252601761317057201e-02	-2.565129572738995313e-03
3.370064329271925032e-11	8.310516479150331648e-01	1.207109537339649386e+01	1.016603425516372367e-01	1.083615841169476152e-01	2.990368135767265331e-02	1.005038441345276645e+00	2.449145659829345401e-01	-1.300960637060998189e-02	-2.650447527386610297e-03
3.529707302730657668e-11	8.528436447601229764e-01	1.206510355975028403e+01	1.043779104817353504e-01	1.081064512938259836e-01	2.982729153553888637e-02	1.000093811124461496e+00	2.425016678433193629e-01	-1.350019468769335373e-02	-2.735083614376524180e-03
3.696912707195032437e-11	8.749582037455827521e-01	1.205966289103059452e+01	1.071327799961340893e-01	1.077434751001528496e-01	2.971262616457037015e-02	9.948815741311216598e-01	2.400473146021865067e-01	-1.399727460525878805e-02	-2.818831104736920900e-03
3.872038781812557004e-11	8.973821697204659165e-01	1.205468267349783318e+01	1.099238393375663453e-01	1.072749820397998488e-01	2.956064875575039122e-02	9.894065724710655596e-01	2.375532832577233466e-01	-1.450031566578677093e-02	-2.901484519342928219e-03
4.055460735840827506e-11	9.201015359607496169e-01	1.205007486981649478e+01	1.127499207859481295e-01	1.067037456437601450e-01	2.937249918946853791e-02	9.836746961417387469e-01	2.350215071799889310e-01	-1.500876625574830946e-02	-2.982840704429227247e-03
4.247571552536894126e-11	9.431014400307179413e-01	1.204575422257966721e+01	1.156097987775428215e-01	1.060328338221626782e-01	2.914944362593620969e-02	9.776925268926942580e-01	2.324540345838372046e-01	-1.552205452053586655e-02	-3.062699823278552426e-03
4.448782831127576069e-11	9.663661753110677211e-01	1.204163820113111250e+01	1.185021912403947109e-01	1.052655742083657142e-01	2.889286035767095820e-02	9.714672707919629335e-01	2.298530175095745420e-01	-1.603959009474046141e-02	-3.140866445705342829e-03
4.659525668664686662e-11	9.898791965990139108e-01	1.203764705893942910e+01	1.214257588966048823e-01	1.044055521982834162e-01	2.860423587951536548e-02	9.650067782335353117e-01	2.272207126479786898e-01	-1.656076535532859800e-02	-3.217150526124013931e-03
4.880251583654433574e-11	1.013623134300109196e+00	1.203370383452440429e+01	1.243791058437849761e-01	1.034565811211567571e-01	2.828514929506548842e-02	9.583194905723352308e-01	2.245594696704483195e-01	-1.708495702895053772e-02	-3.291368395596606499e-03
5.111433483440165318e-11	1.037579811629145921e+00	1.202973435886657860e+01	1.273607801596930156e-01	1.024226867966482740e-01	2.793726407268515982e-02	9.514144240085059545e-01	2.218717267940527593e-01	-1.761152782066956884e-02	-3.363343705545611493e-03
5.353566677410718816e-11	1.061730266190879179e+00	1.202566725443500850e+01	1.303692748467735196e-01	1.013080541778019483e-01	2.756230625636017437e-02	9.443010517981238472e-01	2.191599921751518631e-01	-1.813982814625987594e-02	-3.432908330106939319e-03
5.607169938205469661e-11	1.086054775871702294e+00	1.202143394248773411e+01	1.334030289383675572e-01	1.001170620821469348e-01	2.716207169147659070e-02	9.369894201957095214e-01	2.164268547666284570e-01	-1.866919791627188671e-02	-3.499903212234881534e-03
5.872786613189488850e-11	1.110532954745630629e+00	1.201696863167640927e+01	1.364604371330866983e-01	9.885415385171041069e-02	2.673837930835379351e-02	9.294898124957459151e-01	2.136749327812955679e-01	-1.919896984020331640e-02	-3.564179327084156419e-03
6.150985788580503926e-11	1.135144058114989418e+00	1.201220826719354839e+01	1.395398853593787514e-01	9.752398760885300222e-02	2.629311492808711001e-02	9.218131340847998123e-01	2.109068977183199134e-01	-1.972847713527980940e-02	-3.625599022716511580e-03
6.442363508721370414e-11	1.159866832268752868e+00	1.200709259897474013e+01	1.426397288354639692e-01	9.613111144258798535e-02	2.582812609609194329e-02	9.139700808971680246e-01	2.081253845209832531e-01	-2.025705124717834885e-02	-3.684036026195138414e-03
6.747544053110686101e-11	1.184679463684693346e+00	1.200156418851297779e+01	1.457582826980641511e-01	9.468025176476056737e-02	2.534530613835441273e-02	9.059719597306137295e-01	2.053330916243127080e-01	-2.078402183720202620e-02	-3.739375731422987792e-03
7.067181273927477085e-11	1.209559623211496016e+00	1.199556842288072289e+01	1.488938239467219871e-01	9.317613954300171808e-02	2.484653792594479493e-02	8.978302323353347658e-01	2.025327233839554486e-01	-2.130871870769258936e-02	-3.791515653240761039e-03
7.401959996915652408e-11	1.234484513816012985e+00	1.198905350605987685e+01	1.520445938534920605e-01	9.162350209074517082e-02	2.433368794483189296e-02	8.895565067378742308e-01	1.997269847850172697e-01	-2.183047379670322377e-02	-3.840365805949996509e-03
7.752597488629464062e-11	1.259430922591388669e+00	1.198197046176549030e+01	1.552088005341655808e-01	9.002706156067324939e-02	2.380860197945621620e-02	8.811625475802716823e-01	1.969185778574209789e-01	-2.234862319218865537e-02	-3.885849002699584727e-03
8.119844993184008328e-11	1.284375273818257446e+00	1.197427312477143424e+01	1.583846215805019275e-01	8.839150043210484975e-02	2.327309261267100637e-02	8.726601919261646190e-01	1.941101885698276186e-01	-2.286250907267598290e-02	-3.927901053291818143e-03
8.504489341802668113e-11	1.309293689499973601e+00	1.196591812805760391e+01	1.615702074813085698e-01	8.672146193001947778e-02	2.272893615965463840e-02	8.640613618328265577e-01	1.913044835217308781e-01	-2.337148186151857820e-02	-3.966470912390472787e-03
8.907354638610458163e-11	1.334162044141129266e+00	1.195686491690915609e+01	1.647636837953762312e-01	8.502150308875230933e-02	2.217785550271055006e-02	8.553779400527775634e-01	1.885040907938472232e-01	-2.387490188335271435e-02	-4.001520669626430424e-03
9.329304026284695888e-11	1.358956032915225709e+00	1.194707572013280128e+01	1.679631553827096724e-01	8.329612201365281521e-02	2.162152824283462491e-02	8.466218568610218709e-01	1.857116085061507327e-01	-2.437214162419072683e-02	-4.033025548093182797e-03
9.771241535346501225e-11	1.383651236768115300e+00	1.193651555038859868e+01	1.711667097345525024e-01	8.154967794108050616e-02	2.106156056946827115e-02	8.378048618451265916e-01	1.829295732229558880e-01	-2.486258753319008433e-02	-4.060973751439023692e-03
1.023411402105452712e-10	1.408223261843939644e+00	1.192515213114653072e+01	1.743724304414253079e-01	7.978643157713846690e-02	2.049949689160135771e-02	8.289386353615476599e-01	1.801604636333616616e-01	-2.534564323566444732e-02	-4.085366296898237763e-03
1.071891319205126445e-10	1.432647690824014219e+00	1.191295570618848565e+01	1.775783891595683062e-01	7.801050223359975999e-02	1.993680980949845069e-02	8.200346772819806507e-01	1.774066948203239236e-01	-2.582072908478545703e-02	-4.106216533480880337e-03
1.122667773510811312e-10	1.456899938575970443e+00	1.189989897558878340e+01	1.807826239259086309e-01	7.622590914623447733e-02	1.937490806168156582e-02	8.111044612200460913e-01	1.746706424273987701e-01	-2.628727901207913650e-02	-4.123549435383963915e-03
1.175849554052158201e-10	1.480955331902141348e+00	1.188595695012641684e+01	1.839831464208932510e-01	7.443639374561546174e-02	1.881508926613258831e-02	8.021588825274753587e-01	1.719545774501159141e-01	-2.674474301721592104e-02	-4.137401357338102437e-03
1.231550603292826197e-10	1.504789186909826215e+00	1.187110692629968511e+01	1.871779472055005722e-01	7.264576703341771302e-02	1.825863732525788430e-02	7.932093238478846731e-01	1.692607863093424925e-01	-2.719258872707088978e-02	-4.147819582104922929e-03
1.289890261253308184e-10	1.528376892719013114e+00	1.185532844897533344e+01	1.903650019292144335e-01	7.085741078428166306e-02	1.770668022890205598e-02	7.842661027561208531e-01	1.665913836567660955e-01	-2.763030322531171562e-02	-4.154861848415586194e-03
1.350993521198024986e-10	1.551694004366658719e+00	1.183860327702867110e+01	1.935422786677096496e-01	6.907477573710191221e-02	1.716033238017157167e-02	7.753400143095318109e-01	1.639484910069052281e-01	-2.805739520367461770e-02	-4.158595865426457233e-03
1.414991297434578731e-10	1.574716323740773749e+00	1.182091539270323821e+01	1.967077430969477458e-01	6.730097726500007538e-02	1.662058161102989567e-02	7.664410544013977589e-01	1.613340848451599030e-01	-2.847339634302649761e-02	-4.159098689898999869e-03
1.482020705798860072e-10	1.597419991149057417e+00	1.180225097054883143e+01	1.998593656757158554e-01	6.553900019097848306e-02	1.608834716435940740e-02	7.575790502173249674e-01	1.587500668365341983e-01	-2.887786324707195332e-02	-4.156456129344960303e-03
1.552225357427047968e-10	1.619781570702693463e+00	1.178259839791332553e+01	2.029951272653550687e-01	6.379166717820253241e-02	1.556447036983146098e-02	7.487635519545251528e-01	1.561982472138006006e-01	-2.927037885913006190e-02	-4.150762063759447056e-03
1.625755666443793407e-10	1.641778135604547106e+00	1.176194825215721806e+01	2.061130255232371811e-01	6.206156076261765131e-02	1.504969801595843273e-02	7.400035634186992173e-01	1.536803161296714237e-01	-2.965055396956822742e-02	-4.142117748436343998e-03
1.702769172225897821e-10	1.663387348219530049e+00	1.174029327790446509e+01	2.092110807680598039e-01	6.035111911036494109e-02	1.454470655902628286e-02	7.313078393663009491e-01	1.511978720068809789e-01	-3.001802827552232239e-02	-4.130631039705142879e-03
1.783430876931905687e-10	1.684587412322744227e+00	1.171762829668755579e+01	2.122873271091695047e-01	5.866231186991432978e-02	1.405002580203826637e-02	7.226837938059775812e-01	1.487523138044024029e-01	-3.037246921056304186e-02	-4.116415607614139563e-03
1.867913599020784805e-10	1.705356973196171966e+00	1.169395008949965842e+01	2.153397975867697434e-01	5.699801651460003477e-02	1.356638255105904051e-02	7.141421558053413499e-01	1.463453493526071791e-01	-3.071356992590759324e-02	-4.099590253724477371e-03
1.956398343517064725e-10	1.725675175965531549e+00	1.166925725946809322e+01	2.183665297641002589e-01	5.535932097205024244e-02	1.309402875360560908e-02	7.056878288727237436e-01	1.439780067740878688e-01	-3.104104924787908643e-02	-4.080277954322981092e-03
2.049074689815846066e-10	1.745521769690359992e+00	1.164355018095308303e+01	2.213655758162584863e-01	5.374821018353886926e-02	1.263341783318534632e-02	6.973289544415495200e-01	1.416516156027889106e-01	-3.135465388861075064e-02	-4.058605380286756797e-03
2.146141197858401440e-10	1.764877187031894223e+00	1.161683096414362737e+01	2.243350094975536391e-01	5.216622658974192500e-02	1.218486852007217083e-02	6.890723603196257097e-01	1.393673086894026136e-01	-3.165415879282695855e-02	-4.034702039391958699e-03
2.247805833548729991e-10	1.783722644523191736e+00	1.158910342462544563e+01	2.272729358770950725e-01	5.061475194982448245e-02	1.174863851106659578e-02	6.809244918045094241e-01	1.371261226214288420e-01	-3.193936878715835509e-02	-4.008699654770708255e-03
2.354286414322420067e-10	1.802040214376686267e+00	1.156037307486146659e+01	2.301774972984173273e-01	4.909498786947488758e-02	1.132492213610162418e-02	6.728913223101017360e-01	1.349289885707261882e-01	-3.221011879853442894e-02	-3.980731401296390588e-03
2.465811075822603842e-10	1.819812912818300932e+00	1.153064713333739810e+01	2.330468813295067387e-01	4.760799393229465937e-02	1.091385986418499411e-02	6.649784654285454399e-01	1.327767406909365622e-01	-3.246627485780190225e-02	-3.950931266680306718e-03
2.582618760682674929e-10	1.837024772679793472e+00	1.149993450258097738e+01	2.358793275867234474e-01	4.615465457018900347e-02	1.051553549829449020e-02	6.571910345462045333e-01	1.306701060232864642e-01	-3.270773460091253720e-02	-3.919433388633545429e-03
2.704959730463131364e-10	1.853660912549813133e+00	1.146824577809482015e+01	2.386731337800105379e-01	4.473571600415331834e-02	1.012998342361209718e-02	6.495337534573015770e-01	1.286097109062349642e-01	-3.293442747865033687e-02	-3.886371414912249099e-03
2.833096101839318258e-10	1.869707771893141413e+00	1.143559287279908965e+01	2.414266915751684395e-01	4.335177507111809270e-02	9.757190367888156357e-03	6.420108686073127124e-01	1.265960639197198090e-01	-3.314631707940144528e-02	-3.851877500874085775e-03
2.967302408188872501e-10	1.885153221344197938e+00	1.140198874780887728e+01	2.441385053777996583e-01	4.200327514775189369e-02	9.397095611744416682e-03	6.346261003982544002e-01	1.246295455443151429e-01	-3.334340145515127252e-02	-3.816081473400404194e-03
3.107866187782014063e-10	1.899986318344466962e+00	1.136744790129939986e+01	2.468071495337745003e-01	4.069050088985119717e-02	9.049591604383830368e-03	6.273826410705921619e-01	1.227104289549444671e-01	-3.352570866578181985e-02	-3.779110833097958262e-03
3.255088599835056406e-10	1.914197319846545398e+00	1.133198639866645863e+01	2.494312678747697132e-01	3.941364557701366317e-02	8.714543563836633575e-03	6.202833903480357014e-01	1.208389119323286243e-01	-3.369329606808890015e-02	-3.741090352466347642e-03
3.409285069746807543e-10	1.927777711387811843e+00	1.129562187226928849e+01	2.520095762448411048e-01	3.817279942650493585e-02	8.391786696476881413e-03	6.133308965081795128e-01	1.190151099132821522e-01	-3.384624965658519780e-02	-3.702141673387223525e-03
3.570785964900469852e-10	1.940720233589224630e+00	1.125837349561671807e+01	2.545408655352088823e-01	3.696794215331637018e-02	8.081127201375847002e-03	6.065273102161266028e-01	1.172390549823765366e-01	-3.398468349820946144e-02	-3.662382952000896134e-03
3.739937302478801677e-10	1.953018899001450537e+00	1.122026196697329858e+01	2.570240035527791567e-01	3.579896627751146670e-02	7.782349110947081421e-03	5.998744577715031667e-01	1.155107060102870398e-01	-3.410873885835351282e-02	-3.621928540931792367e-03
3.917101490809260641e-10	1.964669004249688378e+00	1.118130949147400166e+01	2.594579365907137558e-01	3.466566020323377101e-02	7.495210794829957474e-03	5.933737592261992821e-01	1.138299405376356488e-01	-3.421858324548195107e-02	-3.580888715900865885e-03
4.102658105827190344e-10	1.975667124448320155e+00	1.114153974750038856e+01	2.618416893058385653e-01	3.356776987505796089e-02	7.219461921033607822e-03	5.870264578660384647e-01	1.121965851141365489e-01	-3.431440879135758126e-02	-3.539369382162528728e-03
4.297004704320835313e-10	1.986011158383300668e+00	1.110097781236079051e+01	2.641743725883909377e-01	3.250490886200844282e-02	6.954823361909213270e-03	5.808332439687166060e-01	1.106103737209751525e-01	-3.439643392071264905e-02	-3.497472187133132075e-03
4.500557675700488183e-10	1.995700332580438330e+00	1.105964980202768189e+01	2.664551933282356400e-01	3.147668216471651015e-02	6.701015279233070096e-03	5.747947272385209860e-01	1.090709950996091027e-01	-3.446489727661895125e-02	-3.455293357854852428e-03
4.713753134116729086e-10	2.004735487672386185e+00	1.101758150161321304e+01	2.686835275192539507e-01	3.048256202820946378e-02	6.457731487398619269e-03	5.689108656068891934e-01	1.075780105212811727e-01	-3.452006253938084968e-02	-3.412922954870347379e-03
4.937047852839003559e-10	2.013118679468903771e+00	1.097479949138542921e+01	2.708588431177216260e-01	2.952195650784390432e-02	6.224654595026044533e-03	5.631812887848558491e-01	1.061309177070696025e-01	-3.456221122217678632e-02	-3.370445741872907849e-03
5.170920242896755486e-10	2.020853076952962901e+00	1.093133144999452178e+01	2.729806805782052370e-01	2.859429145983042111e-02	6.001477658957289629e-03	5.576056430899846150e-01	1.047292021483779145e-01	-3.459164118664322107e-02	-3.327941588831996242e-03
5.415871378079465267e-10	2.027942933492245192e+00	1.088720611367341640e+01	2.750486513644907483e-01	2.769886492370185471e-02	5.787869252174440357e-03	5.521829814749028564e-01	1.033722687052123501e-01	-3.460866536367512847e-02	-3.285485525865143412e-03
5.672426068491988835e-10	2.034393556390021285e+00	1.084245323551082940e+01	2.770624364130915285e-01	2.683502503978967696e-02	5.583516255544751332e-03	5.469124940995198081e-01	1.020595269122203802e-01	-3.461361042808683980e-02	-3.243147796999121257e-03
5.941133984965039838e-10	2.040211264283293691e+00	1.079710354800384842e+01	2.790217830186268455e-01	2.600205291705559238e-02	5.388096677282318975e-03	5.417930165840718626e-01	1.007903383589849877e-01	-3.460681492328788328e-02	-3.200993891409084635e-03
6.222570836730231313e-10	2.045403365833925236e+00	1.075118868764395863e+01	2.809265057493536277e-01	2.519924112180184708e-02	5.201298116825084361e-03	5.368233526630709074e-01	9.956405370854180814e-02	-3.458862906426154321e-02	-3.159084762865363698e-03
6.517339604882420571e-10	2.049978101505465666e+00	1.070474115786375258e+01	2.827764815023117162e-01	2.442583285879965094e-02	5.022803220253426772e-03	5.320020136683503154e-01	9.837998510570288013e-02	-3.455941219148533916e-02	-3.117476819369528925e-03
6.826071834272379248e-10	2.053944612487002441e+00	1.065779426037112998e+01	2.845716492025579525e-01	2.368107781955223340e-02	4.852303718219209451e-03	5.273274513284692544e-01	9.723743543919538546e-02	-3.451953213633807832e-02	-3.076222122341003631e-03
7.149428986597561750e-10	2.057312979581319645e+00	1.061038083574999824e+01	2.863120515492896812e-01	2.296419994396672534e-02	4.689492542890897134e-03	5.227978807780584436e-01	9.613566408542716102e-02	-3.446936249647063188e-02	-3.035367476379885378e-03
7.488103857590030225e-10	2.060094262874500703e+00	1.056253135597106407e+01	2.879978969905515607e-01	2.227437218807474043e-02	4.534058014395123647e-03	5.184111127518873374e-01	9.507384797837921397e-02	-3.440927852198370079e-02	-2.994953039909654859e-03
7.842822061337681836e-10	2.062300286592118503e+00	1.051427614038362179e+01	2.896294758350150267e-01	2.161080311500610668e-02	4.385704384205759906e-03	5.141649956394815923e-01	9.405116286681340643e-02	-3.433965851584486195e-02	-2.955014540758952538e-03
8.214343584919422200e-10	2.063943556464146845e+00	1.046564584215493454e+01	2.912071387437728531e-01	2.097254447990623896e-02	4.244105139503072041e-03	5.100565738764857304e-01	9.306669032426588550e-02	-3.426088237756193255e-02	-2.915583784274704878e-03
8.603464416684491388e-10	2.065037224304836716e+00	1.041667143104318249e+01	2.927312950521512858e-01	2.035889692379034763e-02	4.109000139218006720e-03	5.060838915946137551e-01	9.211963231358355486e-02	-3.417333193197379104e-02	-2.876689022344283090e-03
9.011018251665036851e-10	2.065595017806781009e+00	1.036738423256361052e+01	2.942024045395928988e-01	1.976900440243814852e-02	3.980098332945027073e-03	5.022441939587705129e-01	9.120910123687787918e-02	-3.407738901329794567e-02	-2.838355133153596527e-03
9.437878277775391497e-10	2.065631184119314234e+00	1.031781587423005497e+01	2.956209735926454418e-01	1.920208140488345594e-02	3.857131670792208426e-03	4.985349418945919098e-01	9.033424072601536903e-02	-3.397343485719234862e-02	-2.800603878583372321e-03
9.884959046625586031e-10	2.065160432628370124e+00	1.026799825585674419e+01	2.969875505092668955e-01	1.865733661115213937e-02	3.739836890293351049e-03	4.949534733992069224e-01	8.949418749796345107e-02	-3.386184935870757001e-02	-2.763454160667118756e-03
1.035321843295661502e-09	2.064197865893654615e+00	1.021796351824172966e+01	2.983027190334949230e-01	1.813401152012904596e-02	3.627964180413094635e-03	4.914971841044139533e-01	8.868809402739015468e-02	-3.374300947531169020e-02	-2.726922168392353560e-03
1.084365968689608688e-09	2.062758933360281155e+00	1.016774395126154928e+01	2.995670968148441138e-01	1.763134139402428371e-02	3.521268312051978582e-03	4.881633501039769341e-01	8.791510917354421195e-02	-3.361728933396971458e-02	-2.691021659638817998e-03
1.135733358343102889e-09	2.060859362766541469e+00	1.011737197545247469e+01	3.007813284393346942e-01	1.714861181401461723e-02	3.419520617983574581e-03	4.849493947036908059e-01	8.717440912001493680e-02	-3.348505845228336858e-02	-2.655764072215236089e-03
1.189534067370320724e-09	2.058515117459267518e+00	1.006688005566048538e+01	3.019460840810881397e-01	1.668510292092595382e-02	3.322496522979236176e-03	4.818526333901190783e-01	8.646516929603906276e-02	-3.334668183950195708e-02	-2.621158769505704117e-03
1.245883364295008068e-09	2.055742341432018616e+00	1.001630064634503725e+01	3.030620553763901937e-01	1.624013494690756954e-02	3.229985861280772717e-03	4.788704895454857779e-01	8.578659051282952475e-02	-3.320251905238039147e-02	-2.587213182601730277e-03
1.304901978014401580e-09	2.052557311283110586e+00	9.965666131579954623e+00	3.041299523576828645e-01	1.581302260026685308e-02	3.141781232779786940e-03	4.760002851663592272e-01	8.513787293414490365e-02	-3.305292363790397064e-02	-2.553932974058286797e-03
1.366716356462010101e-09	2.048976388743050769e+00	9.915008762869351955e+00	3.051505004387711772e-01	1.540311962390773261e-02	3.057689013176423214e-03	4.732394534629887906e-01	8.451824366007433531e-02	-3.289824249496406394e-02	-2.521322171293061652e-03
1.431458937523481393e-09	2.045015989694823233e+00	9.864360592444320730e+00	3.061244399023274609e-01	1.500979425159872614e-02	2.977522973625593584e-03	4.705854260543231860e-01	8.392694202341836884e-02	-3.273881621598842551e-02	-2.489383381506362052e-03
1.499268432786047049e-09	2.040692525929933332e+00	9.813753422567849327e+00	3.070525207490726327e-01	1.463243601849884695e-02	2.901105319987591722e-03	4.680356708970403457e-01	8.336322434165065187e-02	-3.257497747178919600e-02	-2.458117800553291741e-03
1.570290124729377524e-09	2.036022382970436251e+00	9.763218747158877164e+00	3.079355030480950273e-01	1.427045171623014981e-02	2.828266002315451503e-03	4.655876745873489542e-01	8.282636226136924629e-02	-3.240705172295679087e-02	-2.427525442582437101e-03
1.644676177994662829e-09	2.031021880978730820e+00	9.712787690785498640e+00	3.087741547732588132e-01	1.392327211320593637e-02	2.758844020041287520e-03	4.632389781833866071e-01	8.231564701446250631e-02	-3.223535664386967953e-02	-2.397605211668318425e-03
1.722585965398783835e-09	2.027519854115853004e+00	9.679496451654717504e+00	3.093018985064207582e-01	1.370189895227328508e-02	2.714841572790718024e-03	4.617431941532115780e-01	8.199335846252062132e-02	-3.211961372817717653e-02	-2.378208662692420181e-03
1.804186409392068039e-09	2.024109131678915929e+00	9.649104376906210589e+00	3.097541651646434913e-01	1.350670684107120947e-02	2.676349282721997465e-03	4.604324141147797533e-01	8.171512939905252459e-02	-3.201143700311716300e-02	-2.360853605024225595e-03
1.889652339691211477e-09	2.020522195233159568e+00	9.619259165961981495e+00	3.101646040646258706e-01	1.332212896930773209e-02	2.640300179840020852e-03	4.592047777148547949e-01	8.145976375013988524e-02	-3.190243516570993171e-02	-2.344193456004893192e-03
1.979166867853557524e-09	2.016741156927438272e+00	9.589889032063663166e+00	3.105323246941084081e-01	1.314770308737574049e-02	2.606612769812155332e-03	4.580591718226144637e-01	8.122741710018480110e-02	-3.179225659651523789e-02	-2.328198193770834087e-03
2.072921779595369695e-09	2.012756695639037918e+00	9.560938876779255580e+00	3.108572304032765632e-01	1.298291724376567265e-02	2.575182764447380476e-03	4.569935713266955468e-01	8.101786934547201835e-02	-3.168068431742031288e-02	-2.312837795539939359e-03
2.171117945694509622e-09	2.008564720748281296e+00	9.532365399473210488e+00	3.111396678387977621e-01	1.282729075993128617e-02	2.545906787923795343e-03	4.560057163072476771e-01	8.083072621059618490e-02	-3.156758582606692537e-02	-2.298083428766545949e-03
2.273965752357932151e-09	2.004164656697013491e+00	9.504134286296658019e+00	3.113802551724469958e-01	1.268036938001622718e-02	2.518683894373352581e-03	4.550932298863792358e-01	8.066549287185947881e-02	-3.145288652135599938e-02	-2.283907798740708074e-03
2.381685551976160644e-09	1.999558413374461052e+00	9.476218364097336533e+00	3.115797833572294118e-01	1.254171174698178945e-02	2.493412995931670872e-03	4.542536344121562153e-01	8.052160750004291878e-02	-3.133655371111850746e-02	-2.270285282725308801e-03
2.494508135230316413e-09	1.994749704608201890e+00	9.448596249771114230e+00	3.117391543876525950e-01	1.241091952546503549e-02	2.470001695349119310e-03	4.534845502828120933e-01	8.039848841240061772e-02	-3.121858572552805092e-02	-2.257191898139345853e-03
2.612675225563326382e-09	1.989743562545203348e+00	9.421251351268326246e+00	3.118593380726730757e-01	1.228761300171728361e-02	2.448360182980209229e-03	4.527836140754732952e-01	8.029553608518662233e-02	-3.109900344317585372e-02	-2.244605167080076548e-03
2.736439997074666368e-09	1.984546030440970554e+00	9.394171034987456537e+00	3.119413509873534829e-01	1.217144538457768169e-02	2.428406438914040670e-03	4.521485669779811145e-01	8.021215462645235605e-02	-3.097784753482103054e-02	-2.232504283914018336e-03
2.866067616948244470e-09	1.979163855026926377e+00	9.367346032307962034e+00	3.119862273561112009e-01	1.206208348246304816e-02	2.410060220192768859e-03	4.515771857070861039e-01	8.014774815783524964e-02	-3.085517032865874726e-02	-2.220869651374816379e-03
3.001835813575592210e-09	1.973604329313105810e+00	9.340769887484835721e+00	3.119950120883628331e-01	1.195923158887544045e-02	2.393250503442073598e-03	4.510674060613279468e-01	8.010174221999538657e-02	-3.073103550893720864e-02	-2.209683054034759786e-03
3.144035471591500167e-09	1.967875131494471574e+00	9.314438534462370356e+00	3.119687489620038834e-01	1.186260827228145451e-02	2.377909346798001873e-03	4.506172203214819372e-01	8.007357281663252113e-02	-3.060551481878667768e-02	-2.198927486729099993e-03
3.292971255097148186e-09	1.961984206281960352e+00	9.288349932695751932e+00	3.119084735253104257e-01	1.177193975717599761e-02	2.363970363366870841e-03	4.502246516836836965e-01	8.006268519488693447e-02	-3.047868605750950893e-02	-2.188587058117484867e-03
3.448962260405766611e-09	1.955939671183879014e+00	9.262503784713212340e+00	3.118152072264022689e-01	1.168698986129465718e-02	2.351376503311839762e-03	4.498879061860418527e-01	8.006855564751237664e-02	-3.035063137500905797e-02	-2.178646901742466516e-03
3.612342699709437910e-09	1.949749749215913264e+00	9.236901203611965983e+00	3.116899574538952722e-01	1.160752872521344202e-02	2.340072278645922207e-03	4.496052205893409925e-01	8.009067162925698202e-02	-3.022143680160303478e-02	-2.169093130457442568e-03
3.783462617131932968e-09	1.943422704048621830e+00	9.211544625720872403e+00	3.115337097415852852e-01	1.153334444771688186e-02	2.330006397860042138e-03	4.493749263493038715e-01	8.012854134147176510e-02	-3.009119025368784534e-02	-2.159912737194382738e-03
3.962688638701478467e-09	1.936966796670003710e+00	9.186437494373738133e+00	3.113474311258671579e-01	1.146423180493117908e-02	2.321129474486910167e-03	4.491953923372501434e-01	8.018168639230770223e-02	-2.995998154237988070e-02	-2.151093538730609791e-03
4.150404757850472502e-09	1.930390247928023495e+00	9.161584153675214282e+00	3.111320673988653973e-01	1.140001823691772290e-02	2.313400178638733758e-03	4.490651542566733712e-01	8.024965818199475409e-02	-2.982790148467318742e-02	-2.142624117515325687e-03
4.347013158125017173e-09	1.923701209156852387e+00	9.136989716315140342e+00	3.108885425386049839e-01	1.134052139797044750e-02	2.306774761747084831e-03	4.489827086813683032e-01	8.033201157225533517e-02	-2.969504140353134217e-02	-2.134493771176548729e-03
4.552935074866938773e-09	1.916907737770195075e+00	9.112659900961327608e+00	3.106177599905112774e-01	1.128557395605046809e-02	2.301213532916413125e-03	4.489466333163666389e-01	8.042832049741714673e-02	-2.956149278183317283e-02	-2.126692444309036950e-03
4.768611697714474181e-09	1.910017777640028225e+00	9.088600958513996630e+00	3.103206017147898121e-01	1.123503497115334836e-02	2.296683094991212697e-03	4.489556432386795914e-01	8.053818373711760237e-02	-2.942734694544771323e-02	-2.119210710377733911e-03
4.994505115855140358e-09	1.903039138230302907e+00	9.064819592629630662e+00	3.099979272206996317e-01	1.118875438933828251e-02	2.293147928977809329e-03	4.490084195399512978e-01	8.066120406081678240e-02	-2.929269386313882242e-02	-2.112039614159646767e-03
5.231099308056257792e-09	1.895979522142341667e+00	9.041322813310717521e+00	3.096505827868154537e-01	1.114660216420628770e-02	2.290578107317851365e-03	4.491037431027230520e-01	8.079700360277636273e-02	-2.915762566208351253e-02	-2.105171003608010891e-03
5.478901179593956120e-09	1.888846441534717480e+00	9.018117954225067123e+00	3.092793869932062290e-01	1.110843174746353051e-02	2.288938488152062519e-03	4.492403305936036872e-01	8.094520270365476722e-02	-2.902223002834356663e-02	-2.098596869871503269e-03
5.738441648302404521e-09	1.881647279906030867e+00	8.995212532833361863e+00	3.088851453027259275e-01	1.107417017107389240e-02	2.288213799422278687e-03	4.494172572886949713e-01	8.110547613193590244e-02	-2.888659580081005124e-02	-2.092309856140595579e-03
6.010276782070388176e-09	1.874389263138050987e+00	8.972614250648510037e+00	3.084686450860623097e-01	1.104367024367775701e-02	2.288369090861526369e-03	4.496332476502979958e-01	8.127745673558121886e-02	-2.875081056755731529e-02	-2.086303018147823811e-03
6.294988990221888141e-09	1.867079446456147318e+00	8.950330911771349207e+00	3.080306560112465730e-01	1.101683432024752433e-02	2.289382262802999377e-03	4.498872729904739853e-01	8.146081595708609679e-02	-2.861496040161880944e-02	-2.080569780099504086e-03
6.593188271333541710e-09	1.859724730850484953e+00	8.928370377057085250e+00	3.075719340613869979e-01	1.099355978095935965e-02	2.291229975342267983e-03	4.501782849108052487e-01	8.165522707225236765e-02	-2.847913068311652696e-02	-2.075103963106274003e-03
6.905513520162316861e-09	1.852331842303884146e+00	8.906740562156761243e+00	3.070932179169069132e-01	1.097376109585722175e-02	2.293893401863436599e-03	4.505053246240465215e-01	8.186038074205075066e-02	-2.834340468112286904e-02	-2.069899660194627310e-03
7.232633896483518810e-09	1.844907367213320493e+00	8.885449362595997158e+00	3.065952371373752428e-01	1.095734339173404584e-02	2.297351021018319023e-03	4.508673891318957239e-01	8.207596379443243828e-02	-2.820786647047984069e-02	-2.064951496019852128e-03
7.575250258771920716e-09	1.837457695328435392e+00	8.864504656575606489e+00	3.060787023423969244e-01	1.094422521307733369e-02	2.301584829184463461e-03	4.512635490933932236e-01	8.230167844943685196e-02	-2.807259602424487521e-02	-2.060254102569609135e-03
7.934096665797492339e-09	1.829989077249921436e+00	8.843914257888974007e+00	3.055443160989006479e-01	1.093433132818368014e-02	2.306578354122549961e-03	4.516929046593506358e-01	8.253723277909498501e-02	-2.793767393522977871e-02	-2.055802594777805369e-03
8.309941949353386453e-09	1.822507595832928651e+00	8.823685898225633650e+00	3.049927685150722878e-01	1.092758436553021781e-02	2.312314587108381652e-03	4.521545496759833971e-01	8.278233741653115429e-02	-2.780317889466142958e-02	-2.051592288540779897e-03
8.703591361485183753e-09	1.815019178791753562e+00	8.803827202590305490e+00	3.044247399069164306e-01	1.092391051227489460e-02	2.318777468054109524e-03	4.526475966547793273e-01	8.303670797885820409e-02	-2.766918848360282873e-02	-2.047618757938836874e-03
9.115888299750837812e-09	1.807529595471160322e+00	8.784345682120672905e+00	3.038409002204676690e-01	1.092323982871068987e-02	2.325951415793186053e-03	4.531711788370056393e-01	8.330006408422246933e-02	-2.753577882388679246e-02	-2.043877805634679995e-03
9.547716114208065503e-09	1.800044463342320489e+00	8.765248698593349985e+00	3.032419110527357908e-01	1.092552126413212123e-02	2.333826295283249457e-03	4.537245190387229066e-01	8.357214028991537258e-02	-2.740302481123926825e-02	-2.040365444211988087e-03
1.000000000000000021e-08	1.792569248166301366e+00	8.746543462537381686e+00	3.026284254440516075e-01	1.093067982509515930e-02	2.342385302524362545e-03	4.543067279423219085e-01	8.385265704488722993e-02	-2.727099994079040801e-02	-2.037077880470137322e-03
