# Pressure Mass Radius Compactness k2 k3 h2 h3 j2 j3
9.999999999999999799e-13	1.122970903160796508e-01	3.138820711739895941e+01	5.282898040762182973e-03	9.842129712870249184e-04	7.933107548361103710e-05	9.862521398307594334e-01	3.263987414107486495e-01	-1.076274491908301292e-05	-6.020241368173649914e-07
1.047370897959448749e-12	1.150994533069202297e-01	2.983884451469214127e+01	5.695888700491999988e-03	1.231792913724051065e-03	9.699400638941583835e-05	9.855336747644282136e-01	3.258688854834375648e-01	-1.391717333182934039e-05	-7.914712595760804418e-07
1.096985797892381920e-12	1.179658397032301853e-01	2.847372424062310614e+01	6.117616151065926461e-03	1.522988738778011716e-03	1.176049501693090176e-04	9.848799907162373302e-01	3.253312834533861331e-01	-1.774045809295286954e-05	-1.035417480645279606e-06
1.148951000187311009e-12	1.208964365933939272e-01	2.726226822145041595e+01	6.548197188077771631e-03	1.861003408648652857e-03	1.448569338240244381e-04	9.842976688630363791e-01	3.247863717981762099e-01	-2.231707290852614356e-05	-1.345803212346620386e-06
1.203377840777590522e-12	1.238916166042218353e-01	2.618025670352220047e+01	6.987764407639213658e-03	2.248745288202250170e-03	1.770470602328256182e-04	9.837924253156952181e-01	3.242346035057372955e-01	-2.773426890239356264e-05	-1.736065870392267795e-06
1.260382929679727463e-12	1.269519174268464723e-01	2.520826378100212040e+01	7.436465458090463741e-03	2.688808079592342696e-03	2.172221536351039758e-04	9.833696757354667417e-01	3.236764435011446062e-01	-3.408166828302982020e-05	-2.221150475336871815e-06
1.320088400831416649e-12	1.300780435730102547e-01	2.433052786633537679e+01	7.894464934489033373e-03	3.183443096824464889e-03	2.652424535248927226e-04	9.830337686951159393e-01	3.231123555017324511e-01	-4.145094066357629968e-05	-2.817508861274546227e-06
1.382622173764653478e-12	1.332710105072179574e-01	2.353409534672431391e+01	8.361966380027927720e-03	3.734569500953521803e-03	3.214979630958229428e-04	9.827886221391258781e-01	3.225427657566583006e-01	-4.993593122754611327e-05	-3.543123176355510540e-06
1.448118227674535917e-12	1.365321312723218605e-01	2.280823303282134518e+01	8.839210228761920987e-03	4.343822990787777130e-03	3.869922948674396667e-04	9.826372612939363593e-01	3.219680752416435032e-01	-5.963262514231749728e-05	-4.417510506821556153e-06
1.516716888470924089e-12	1.398629619811706248e-01	2.214398941177756086e+01	9.326465569652015591e-03	5.012523635077053077e-03	4.635331986129172591e-04	9.825821988205382107e-01	3.213886517684350630e-01	-7.063902019501009202e-05	-5.461713221063502212e-06
1.588565129428052692e-12	1.432653077083785587e-01	2.153384380939970555e+01	9.824030751987598148e-03	5.741700540340696421e-03	5.512643975263530755e-04	9.826252135703905655e-01	3.208048289567034805e-01	-8.305518499330585413e-05	-6.698298623119622731e-06
1.663816886076127415e-12	1.467412307926451165e-01	2.097143497392490730e+01	1.033223426051661960e-02	6.532086552046866001e-03	6.509076072311033388e-04	9.827674266103706424e-01	3.202168912472743156e-01	-9.698339481006387655e-05	-8.151362688187310926e-06
1.742633386009647278e-12	1.502930604815781446e-01	2.045134919215380975e+01	1.085143564745574135e-02	7.384195971034407911e-03	7.644049250979736976e-04	9.830095210164426778e-01	3.196250911276611317e-01	-1.125283279567700350e-04	-9.846538943151251288e-06
1.825183494319046040e-12	1.539234274609435071e-01	1.996895019908522073e+01	1.138203001460446825e-02	8.298305619407315981e-03	8.912564224543866780e-04	9.833515723454480106e-01	3.190296232197578075e-01	-1.297974596552382604e-04	-1.181103239505780488e-05
1.911644075385703708e-12	1.576354837686415600e-01	1.952022349965041315e+01	1.192447954827927960e-02	9.274543218989305532e-03	1.033573249060633749e-03	9.837932273557742358e-01	3.184305888994486966e-01	-1.489025398236646833e-04	-1.407378390496479074e-05
2.002200371815584363e-12	1.614328153480470429e-01	1.910169122153205379e+01	1.247930029396195246e-02	1.031290192284882098e-02	1.191559300860436845e-03	9.843337043702551359e-01	3.178280174235229016e-01	-1.699598963762647622e-04	-1.666553009875041492e-05
2.097046401323230665e-12	1.653193195717406472e-01	1.871034206380033282e+01	1.304704369281922509e-02	1.141322575932132190e-02	1.365558099781744071e-03	9.849719153794943560e-01	3.172218834069039928e-01	-1.930903339357215324e-04	-1.961880505059665551e-05
2.196385372416542332e-12	1.692992195911919295e-01	1.834355783337548118e+01	1.362829789048621704e-02	1.257524281856511883e-02	1.556896329859386004e-03	9.857064110157262027e-01	3.166121100918913300e-01	-2.184196506486375854e-04	-2.296801691290841201e-05
2.300430119772921506e-12	1.733770849769558642e-01	1.799905309537763287e+01	1.422368984599549184e-02	1.379854382593586476e-02	1.766175675500370086e-03	9.865354608256982072e-01	3.159985510006729226e-01	-2.460792416732159580e-04	-2.674954137330313479e-05
2.409403560239526876e-12	1.775578530636713614e-01	1.767482581887308157e+01	1.483388738139983752e-02	1.508265712341789327e-02	1.993710939976450075e-03	9.874570844377499323e-01	3.153810092160223011e-01	-2.762067455327037462e-04	-3.100182655455231776e-05
2.523539170434765862e-12	1.818468549355272412e-01	1.736911646579650892e+01	1.545960175142976553e-02	1.642702666762871355e-02	2.240693631874096214e-03	9.884691012997441906e-01	3.147592203984604375e-01	-3.089467770838215995e-04	-3.576551768090098873e-05
2.643081486974102692e-12	1.862499173324422275e-01	1.708036920469360354e+01	1.610160133670025112e-02	1.783105363947811925e-02	2.507223677268308974e-03	9.895691193654894136e-01	3.141328405630190446e-01	-3.444523505424717060e-04	-4.108369287943794683e-05
2.768286630392061017e-12	1.907733203326595350e-01	1.680720815498224496e+01	1.676070548142026551e-02	1.929412206756342049e-02	2.794070604395034949e-03	9.907546519579575328e-01	3.135014648817552874e-01	-3.828853367624531195e-04	-4.700197123884435377e-05
2.899422853882880921e-12	1.954236272824096399e-01	1.654842271308804413e+01	1.743776012003737941e-02	2.081549059655531803e-02	3.101751179253484699e-03	9.920229147829562333e-01	3.128646322896005971e-01	-4.244156555794891135e-04	-5.356841530824612608e-05
3.036771118035460378e-12	2.002076817523820440e-01	1.630294453869941762e+01	1.813363712668791122e-02	2.239434588786928110e-02	3.430658750752090327e-03	9.933709997059132490e-01	3.122218418109043991e-01	-4.692215763310819514e-04	-6.083357916031838231e-05
3.180625692794118977e-12	2.051326215436954370e-01	1.606982753194690972e+01	1.884923589135484648e-02	2.402975172971449219e-02	3.781286049538991854e-03	9.947957398058290268e-01	3.115725399950378116e-01	-5.174901700503380759e-04	-6.885057425525362596e-05
3.331294787934670055e-12	2.102058891938409779e-01	1.584823136649704978e+01	1.958548413765878390e-02	2.572066706934164962e-02	4.153723830704088640e-03	9.962937416969476212e-01	3.109161171094266818e-01	-5.694176918197771517e-04	-7.767511535072009596e-05
3.489101213406766494e-12	2.154352467886849476e-01	1.563740742756363211e+01	2.034333926462332867e-02	2.746596199543873892e-02	4.548551862369751633e-03	9.978614418551533527e-01	3.102519144575058840e-01	-6.252100313572889027e-04	-8.736557141747720650e-05
3.654383070957261569e-12	2.208287863290904485e-01	1.543668712880560001e+01	2.112378889668781179e-02	2.926435714099428348e-02	4.965742618154261705e-03	9.994949578637036813e-01	3.095792030824011665e-01	-6.850831031628586403e-04	-9.798299665317535174e-05
3.827494478516314936e-12	2.263948094612053263e-01	1.524547612125638452e+01	2.192783267399827513e-02	3.111445431641201090e-02	5.405501874428784645e-03	1.001190224038523979e+00	3.088972239136736353e-01	-7.492616976584614728e-04	-1.095908683978712709e-04
4.008806328898464320e-12	2.321417158431776373e-01	1.506324702792543313e+01	2.275646643622246390e-02	3.301461110854270881e-02	5.867892379927209905e-03	1.002942761567235053e+00	3.082051695106736156e-01	-8.179781395241339124e-04	-1.222547491473873523e-04
4.198707084443905621e-12	2.380780800129684571e-01	1.488952678872221114e+01	2.361069391302126480e-02	3.496299878446537668e-02	6.352655321746988881e-03	1.004747775031185286e+00	3.075021876824109435e-01	-8.914730123234235800e-04	-1.360422945654002661e-04
4.397603609302712498e-12	2.442126487212686048e-01	1.472388892969613217e+01	2.449152660249506036e-02	3.695759786300433641e-02	6.859738757318806397e-03	1.006600146517467209e+00	3.067873746374164545e-01	-9.699950040910949476e-04	-1.510230915765866126e-04
4.605922041145112927e-12	2.505543308661223323e-01	1.456594723181188655e+01	2.539998245993692685e-02	3.899617922277959225e-02	7.388813156908444722e-03	1.008494385154792727e+00	3.060597749362649611e-01	-1.053800608697404899e-03	-1.672684484070240346e-04
4.824108704165373984e-12	2.571121855297042180e-01	1.441535029519403466e+01	2.633708435599086198e-02	4.107625444028258077e-02	7.939399036663437673e-03	1.010424544907615463e+00	3.053183623337852315e-01	-1.143153742375014161e-03	-1.848511470676085619e-04
5.052631065335679604e-12	2.638954079256181084e-01	1.427177686754120955e+01	2.730385827561675194e-02	4.319514829395911665e-02	8.510984644427786391e-03	1.012384363742762527e+00	3.045620715106868714e-01	-1.238325275892427583e-03	-2.038451590166834174e-04
5.291978735958436557e-12	2.709133124551741378e-01	1.413493175062108165e+01	2.830133131855278039e-02	4.534993740912113963e-02	9.102867428252213802e-03	1.014367145952867366e+00	3.037897726057709469e-01	-1.339592451706516502e-03	-2.243253132889350414e-04
5.542664520663095602e-12	2.781752811180229767e-01	1.400454287122269115e+01	2.933052476894550467e-02	4.753742784941071553e-02	9.714246871182247167e-03	1.016365728348741282e+00	3.030002792430754321e-01	-1.447237722044617978e-03	-2.463668276747406263e-04
5.805225516094907684e-12	2.856903684446860381e-01	1.388036394973710053e+01	3.039239888629444511e-02	4.975406372222213047e-02	1.034416550609339527e-02	1.018372419926585337e+00	3.021923931990835310e-01	-1.561542138456089007e-03	-2.700436752335394681e-04
6.080224261649427052e-12	2.934674323039389576e-01	1.376216741423943191e+01	3.148787194651470750e-02	5.199601033006433920e-02	1.099144255841074183e-02	1.020379113495550882e+00	3.013648913048674327e-01	-1.682786073775311732e-03	-2.954283978887113768e-04
6.368249944718585906e-12	3.015154018509653699e-01	1.364973728272257425e+01	3.261785846502569114e-02	5.425915968995128486e-02	1.165483765376530180e-02	1.022377196825915879e+00	3.005164850887737105e-01	-1.811252522979389353e-03	-3.225924866680470252e-04
6.669919663030115058e-12	3.098432592468048363e-01	1.354286786706578205e+01	3.378326704521392165e-02	5.653919864690461206e-02	1.233291653962001987e-02	1.024357691412528526e+00	2.996458246079700127e-01	-1.947226228454743656e-03	-3.516059059605451957e-04
6.985879746785234820e-12	3.184600149877812592e-01	1.344136263986720436e+01	3.498499756204061922e-02	5.883166570954659336e-02	1.302419870778977543e-02	1.026311375150703809e+00	2.987515299866017604e-01	-2.090992677559411640e-03	-3.825365793323625709e-04
7.316807143427207274e-12	3.273746792167184783e-01	1.334503316423846542e+01	3.622393813873298757e-02	6.113184755630594186e-02	1.372701249748164987e-02	1.028228557151479539e+00	2.978321577178940083e-01	-2.242836985264275336e-03	-4.154498455096888735e-04
7.663410868007462274e-12	3.365962295244400715e-01	1.325369814217984121e+01	3.750096182651958820e-02	6.343486546251052294e-02	1.443960813340161402e-02	1.030099263920911001e+00	2.968862309932373544e-01	-2.403042632812040381e-03	-4.504078712416509258e-04
8.026433522257174683e-12	3.461335751485936640e-01	1.316718254180740288e+01	3.881692306119158276e-02	6.573565263953801141e-02	1.516010286233192977e-02	1.031913183999784378e+00	2.959122341248902055e-01	-2.571890086744005495e-03	-4.874690351111959376e-04
8.406652885618316356e-12	3.559955185203980688e-01	1.308531677467519749e+01	4.017265408601550236e-02	6.802900173340385714e-02	1.588653122481071059e-02	1.033659770457898475e+00	2.949086306348647768e-01	-2.749655328282863721e-03	-5.266872897145420370e-04
8.804883581643446547e-12	3.661905537289238399e-01	1.300793714907736742e+01	4.156893923216162245e-02	7.030945036646517321e-02	1.661679388971588900e-02	1.035328035458144225e+00	2.938738701462475511e-01	-2.936605147743639056e-03	-5.681107932587646991e-04
9.221978823334340144e-12	3.767263641423038156e-01	1.293488789941639538e+01	4.300644852202224755e-02	7.257131047811428426e-02	1.734865346724865851e-02	1.036906749496262492e+00	2.928064417511329065e-01	-3.132986829832308268e-03	-6.117793197302501002e-04
9.658832241158709141e-12	3.876103161788903018e-01	1.286601611931691025e+01	4.448580676573233444e-02	7.480884742676371935e-02	1.807984460525371290e-02	1.038384645737753686e+00	2.917048718730116952e-01	-3.339035434505136044e-03	-6.577255317306147887e-04
1.011637979766206976e-11	3.988496172643988258e-01	1.280117046030922801e+01	4.600761644494474889e-02	7.701623541868540812e-02	1.880800843627858376e-02	1.039750251860794172e+00	2.905676580915777518e-01	-3.554975972468877275e-03	-7.059752157425019502e-04
1.059560179277614774e-11	4.104512772599552828e-01	1.274020132852678167e+01	4.757245406558130441e-02	7.918769166282707550e-02	1.953077600927509774e-02	1.040992178029082282e+00	2.893933198905126458e-01	-3.781021895978490047e-03	-7.565467071236370734e-04
1.109752496412069864e-11	4.224220681282858658e-01	1.268296101072254167e+01	4.918086649964982515e-02	8.131731227126386130e-02	2.024569386640881832e-02	1.042098748224703497e+00	2.881803486092740507e-01	-4.017373573356068650e-03	-8.094503400742976851e-04
1.162322468679854125e-11	4.347684796926304940e-01	1.262930370302735561e+01	5.083336723219712694e-02	8.339947061100896897e-02	2.095039630983517795e-02	1.043058873513354357e+00	2.869273344438223461e-01	-4.264216639860516495e-03	-8.646878799255005698e-04
1.217382727739662020e-11	4.474966731797649366e-01	1.257908549435679291e+01	5.253043258262986293e-02	8.542841522661247244e-02	2.164243031026601843e-02	1.043861155615765091e+00	2.856328432213751101e-01	-4.521720370385218929e-03	-9.222520092279672729e-04
1.275051240713012859e-11	4.606124323258439790e-01	1.253216436352886376e+01	5.427249766578819828e-02	8.739856897773513877e-02	2.231940261517318877e-02	1.044494542844888629e+00	2.842955152882774561e-01	-4.790035930075305613e-03	-9.821258049398091765e-04
1.335451562929897339e-11	4.741211092686843931e-01	1.248840005340264625e+01	5.605995236326205555e-02	8.930445655126112436e-02	2.297893623179156353e-02	1.044948162336662323e+00	2.829140425970086969e-01	-5.069294576841346621e-03	-1.044282245703826752e-03
1.398713102647241439e-11	4.880275204580719617e-01	1.244765417103309346e+01	5.789313050169277858e-02	9.114071408925468465e-02	2.361868676588207289e-02	1.045211347883565622e+00	2.814871834836461528e-01	-5.359604794128569778e-03	-1.108683528134726988e-03
1.464971398307287854e-11	5.023354425878732155e-01	1.240979120658027668e+01	5.977224688226278476e-02	9.290211230628613037e-02	2.423635623995224267e-02	1.045273804874185863e+00	2.800138348905186203e-01	-5.661040944753658113e-03	-1.175278563057532543e-03
1.534368408930013065e-11	5.170478706972858607e-01	1.237467746543011415e+01	6.169743380790296966e-02	9.458361427935671473e-02	2.482971207216900372e-02	1.045125640924158938e+00	2.784930030855437555e-01	-5.973647726066962094e-03	-1.244004060673594998e-03
1.607052818261638620e-11	5.321673183871404866e-01	1.234218042049409370e+01	6.366878237220750802e-02	9.618043755691352281e-02	2.539661588108227397e-02	1.044757405480091439e+00	2.769237773180072137e-01	-6.297445995967141698e-03	-1.314785952916404377e-03
1.683180353330955093e-11	5.476957801410148319e-01	1.231216896242506031e+01	6.568633986830051119e-02	9.768812163832581164e-02	2.593505136842702216e-02	1.044160240074220480e+00	2.753053506190447086e-01	-6.632431764449489217e-03	-1.387539339367914329e-03
1.762914118095944293e-11	5.636346860238271583e-01	1.228451371576096385e+01	6.775010571170733686e-02	9.910251301147803005e-02	2.644312346740705644e-02	1.043325844765260246e+00	2.736370222820933007e-01	-6.978574953625445512e-03	-1.462168442107208500e-03
1.846424942895546448e-11	5.799848583084042941e-01	1.225908710786463374e+01	6.986002868549573419e-02	1.004197597346320470e-01	2.691905864500420895e-02	1.042246463537412238e+00	2.719181963761703180e-01	-7.335818446367999880e-03	-1.538566676582314155e-03
1.933891750455232057e-11	5.967464643884343722e-01	1.223576349460982193e+01	7.201600333389561459e-02	1.016364130267718990e-01	2.736124841372126332e-02	1.040915120489270373e+00	2.701484176882049115e-01	-7.704076983711231202e-03	-1.616616746413639203e-03
2.025501939230666486e-11	6.139189703399152709e-01	1.221441922131376145e+01	7.421786667464258525e-02	1.027493326902708531e-01	2.776821680966469474e-02	1.039325403137685511e+00	2.683273466942719954e-01	-8.083236205519758050e-03	-1.696190835634693800e-03
2.121451784910627571e-11	6.315010929538208417e-01	1.219493268064306335e+01	7.646539465036773786e-02	1.037558190087509852e-01	2.813867061446898021e-02	1.037471773298023647e+00	2.664548009310674925e-01	-8.473151659504293137e-03	-1.777150846730827724e-03
2.221946860939528424e-11	6.494907550445488953e-01	1.217718419823024156e+01	7.875829998439148882e-02	1.046534873636711244e-01	2.847146131525884333e-02	1.035349276619606407e+00	2.645307237969863889e-01	-8.873648168407367517e-03	-1.859348779832716448e-03
2.327202478960412005e-11	6.678849078891246904e-01	1.216105635410691299e+01	8.109621108613333795e-02	1.054403619981601065e-01	2.876561840039570939e-02	1.032953799610627499e+00	2.625552301228981089e-01	-9.284515909206576476e-03	-1.942626516779796288e-03
2.437444150122221807e-11	6.866793690560522023e-01	1.214643390503291798e+01	8.347865500487000601e-02	1.061148938648611012e-01	2.902035617892229427e-02	1.030282142974284998e+00	2.605286261747209453e-01	-9.705507339459818264e-03	-2.026815870777395022e-03
2.552908068239516723e-11	7.058691200423704570e-01	1.213320376376468701e+01	8.590509588563979837e-02	1.066759132223513706e-01	2.923506063003207534e-02	1.027331840897010240e+00	2.584513588779234206e-01	-1.013634418247396501e-02	-2.111740742019302744e-03
2.673841615839943880e-11	7.254483312128762185e-01	1.212125500994407012e+01	8.837494019755438857e-02	1.071227069875374110e-01	2.940931681964891950e-02	1.024101343878491610e+00	2.563240352843812464e-01	-1.057671878064820464e-02	-2.197218105499610264e-03
2.800503894183625342e-11	7.454103299674776917e-01	1.211047910611531542e+01	9.088753340105931722e-02	1.074549553179045269e-01	2.954288842146204214e-02	1.020589882734090903e+00	2.541474076269296112e-01	-1.102629396547520450e-02	-2.283058752944963892e-03
2.933166278390048099e-11	7.657475713811442430e-01	1.210076985879298839e+01	9.344215845816680743e-02	1.076728144917115243e-01	2.963573904324685870e-02	1.016797684152948023e+00	2.519223946013026683e-01	-1.148470327668026439e-02	-2.369068119265456233e-03
3.072112998861759207e-11	7.864516163681071204e-01	1.209202353518393913e+01	9.603803390990314770e-02	1.077767672592238601e-01	2.968799670707428576e-02	1.012725623146474518e+00	2.496500522478873607e-01	-1.195155136814566275e-02	-2.455047206868880231e-03
3.217641750250735458e-11	8.075131053999705655e-01	1.208413885185931314e+01	9.867431212633115400e-02	1.077677494585405765e-01	2.969998028420264835e-02	1.008375549135055227e+00	2.473316007552140705e-01	-1.242641431411161887e-02	-2.540793490263437877e-03
3.370064329271925032e-11	8.289217422411778724e-01	1.207701695439493683e+01	1.013500786790815233e-01	1.076470617881828823e-01	2.967217513043095625e-02	1.003750087612855113e+00	2.449684048204369691e-01	-1.290884039263442452e-02	-2.626101947952191179e-03
3.529707302730657668e-11	8.506662570617370411e-01	1.207056158376102850e+01	1.040643474085372056e-01	1.074164222532141139e-01	2.960524283194492304e-02	9.988527963204059112e-01	2.425619888366739307e-01	-1.339834962612391524e-02	-2.710765848053781676e-03
3.696912707195032437e-11	8.727344363131408489e-01	1.206467880679656979e+01	1.068160670705017717e-01	1.070778456289312730e-01	2.949999559134359323e-02	9.936878727759477226e-01	2.401140099586893950e-01	-1.389443690583131753e-02	-2.794578286176511994e-03
3.872038781812557004e-11	8.951131410585606574e-01	1.205927726855435367e+01	1.096041219921427834e-01	1.066336932391111214e-01	2.935739132618587349e-02	9.882602962812676584e-01	2.376262557061702141e-01	-1.439657225922740848e-02	-2.877333038714419405e-03
4.055460735840827506e-11	9.177883937470896480e-01	1.205426819798082683e+01	1.124273428311708956e-01	1.060866785680799201e-01	2.917853855677417577e-02	9.825758491083773638e-01	2.351006426510479086e-01	-1.490420465678741514e-02	-2.958826126333820479e-03
4.247571552536894126e-11	9.407453777788690186e-01	1.204956552754171639e+01	1.152845053254185348e-01	1.054397920489635182e-01	2.896467024848838751e-02	9.766409514736521524e-01	2.325391969026257832e-01	-1.541676310782191459e-02	-3.038856824221911578e-03
4.448782831127576069e-11	9.639684428696854157e-01	1.204508597084792854e+01	1.181743297299513024e-01	1.046963208272451984e-01	2.871714278971441298e-02	9.704627369260532266e-01	2.299440574105046375e-01	-1.593365797884573401e-02	-3.117228689833986908e-03
4.659525668664686662e-11	9.874411190493471713e-01	1.204074899009415667e+01	1.210954820376432400e-01	1.038597685135213278e-01	2.843740923583164271e-02	9.640488676002454405e-01	2.273174529819745882e-01	-1.645428279642806302e-02	-3.193750636602021506e-03
4.880251583654433574e-11	1.011146115917960442e+00	1.203647694302949489e+01	1.240465713159612376e-01	1.029339891612133656e-01	2.812705111955482104e-02	9.574079140601107207e-01	2.246617405118108424e-01	-1.697801488825237057e-02	-3.268237743299690252e-03
5.111433483440165318e-11	1.035065361711864362e+00	1.203219493169036269e+01	1.270261545771754763e-01	1.019228675258149475e-01	2.778768493600633840e-02	9.505485353622279421e-01	2.219793119994305231e-01	-1.750421842904966926e-02	-3.340512483357721812e-03
5.353566677410718816e-11	1.059180006267811391e+00	1.202783093314788943e+01	1.300327341219498778e-01	1.008305971495784131e-01	2.742103324754545379e-02	9.434802368374229919e-01	2.192726720123729378e-01	-1.803224500304469180e-02	-3.410405391255366247e-03
5.607169938205469661e-11	1.083470450716707667e+00	1.202331576300510996e+01	1.330647595351689694e-01	9.966146608556411546e-02	2.702885782988078550e-02	9.362128268225637928e-01	2.165443728051206218e-01	-1.856143567449606083e-02	-3.477755972509914088e-03
5.872786613189488850e-11	1.107916389829287862e+00	1.201858307335838205e+01	1.361206306248665399e-01	9.842003518570476006e-02	2.661300816056185597e-02	9.287569170328677792e-01	2.137970667586771567e-01	-1.909112332869867049e-02	-3.542413584021734084e-03
6.150985788580503926e-11	1.132497033023447175e+00	1.201356932533458632e+01	1.391987223482607228e-01	9.711072639394700834e-02	2.617529944359984345e-02	9.211227997933453260e-01	2.110333642878417515e-01	-1.962063839246402583e-02	-3.604238562606308389e-03
6.442363508721370414e-11	1.157191186905304647e+00	1.200821376220027936e+01	1.422973925397436057e-01	9.573822360324309166e-02	2.571761433209383482e-02	9.133215469966936562e-01	2.082559394687064080e-01	-2.014931171113415118e-02	-3.663102862747858509e-03
6.747544053110686101e-11	1.181977102055886686e+00	1.200245847608403338e+01	1.454149593085368730e-01	9.430718170608473616e-02	2.524182581055515323e-02	9.053642725842347971e-01	2.054674701112131907e-01	-2.067647232287446804e-02	-3.718890094062441733e-03
7.067181273927477085e-11	1.206832501911941469e+00	1.199624839404825494e+01	1.485497014320724951e-01	9.282231019906612979e-02	2.474980993593604850e-02	8.972623796088280423e-01	2.026706542761597674e-01	-2.120144891749591032e-02	-3.771495893761190633e-03
7.401959996915652408e-11	1.231734635797704591e+00	1.198953127274180197e+01	1.516998613910857108e-01	9.128833356981480573e-02	2.424343262453278539e-02	8.890274670824926950e-01	1.998681971955054981e-01	-2.172357213313286586e-02	-3.820828384039900213e-03
7.752597488629464062e-11	1.256660327987254355e+00	1.198225769120774054e+01	1.548636477197922190e-01	8.970995498158094994e-02	2.372453525334553698e-02	8.806712429588575697e-01	1.970627966668470898e-01	-2.224217647380810972e-02	-3.866808462915276648e-03
8.119844993184008328e-11	1.281586024098656296e+00	1.197438107620880210e+01	1.580392363902600184e-01	8.809186364222720833e-02	2.319493322660401771e-02	8.722055602396450169e-01	1.942571432838326451e-01	-2.275660179548575843e-02	-3.909369937077408069e-03
8.504489341802668113e-11	1.306487869592080076e+00	1.196585760306301616e+01	1.612247775844333209e-01	8.643867630930399115e-02	2.265640035721748144e-02	8.636422569208704880e-01	1.914539005526846305e-01	-2.326619667714051320e-02	-3.948459888418093082e-03
8.907354638610458163e-11	1.331341743651788256e+00	1.195664632977042530e+01	1.644183937326631206e-01	8.475497243962896998e-02	2.211066724135190772e-02	8.549932735733790645e-01	1.886557066008243966e-01	-2.377031864905679304e-02	-3.984038440244017099e-03
9.329304026284695888e-11	1.356123345705338989e+00	1.194670906125824494e+01	1.676181874319051801e-01	8.304521830437840146e-02	2.155940728670106485e-02	8.462704361053701163e-01	1.858651543491024738e-01	-2.426833759547833425e-02	-4.016078938888056893e-03
9.771241535346501225e-11	1.380808343301648033e+00	1.193601033904387343e+01	1.708222552427159091e-01	8.131377784725225821e-02	2.100423209160094673e-02	8.374854804488045534e-01	1.830847783734231016e-01	-2.475963879569664100e-02	-4.044567814262668357e-03
1.023411402105452712e-10	1.405372348512517577e+00	1.192451728508739528e+01	1.740286823194020227e-01	7.956491393590243988e-02	2.044669173579048704e-02	8.286500724306867793e-01	1.803170604189970050e-01	-2.524362290860072619e-02	-4.069504175137725333e-03
1.071891319205126445e-10	1.429790797157719950e+00	1.191219953031690615e+01	1.772355238237563191e-01	7.780280061946596992e-02	1.988827773301708041e-02	8.197758751323823700e-01	1.775644463780682025e-01	-2.571970394861657766e-02	-4.090899292779984556e-03
1.122667773510811312e-10	1.454039014313688316e+00	1.189902912793743184e+01	1.804408095577018922e-01	7.603128633570739592e-02	1.933035989577889732e-02	8.108738258604991644e-01	1.748292641743790232e-01	-2.618731105597751560e-02	-4.108776300583573404e-03
1.175849554052158201e-10	1.478092290872505377e+00	1.188498052063286714e+01	1.836425491806469301e-01	7.425434121548325772e-02	1.877430503336893416e-02	8.019554946144897833e-01	1.721138686088201919e-01	-2.664589029575162998e-02	-4.123169833171718562e-03
1.231550603292826197e-10	1.501925967404975637e+00	1.187003050836521467e+01	1.868387383066676677e-01	7.247561630357234053e-02	1.822135501846388131e-02	7.930317372259646502e-01	1.694204845332991372e-01	-2.709490670880546764e-02	-4.134125635864696613e-03
1.289890261253308184e-10	1.525515508269892573e+00	1.185415824284411990e+01	1.900273629662897479e-01	7.069861616067402155e-02	1.767268082871300411e-02	7.841132127991382594e-01	1.667512707576060960e-01	-2.753384559542462057e-02	-4.141699996352256330e-03
1.350993521198024986e-10	1.548836595505161728e+00	1.183734519358887738e+01	1.932064069722531918e-01	6.892671581316278662e-02	1.712937715798429697e-02	7.752104309871936660e-01	1.641083082858169895e-01	-2.796221493399413810e-02	-4.145959310100782134e-03
1.414991297434578731e-10	1.571865215139642835e+00	1.181957513174070762e+01	1.963738581086863777e-01	6.716291306064556266e-02	1.659240908358720901e-02	7.663329508391695244e-01	1.614935235147951786e-01	-2.837954721240320069e-02	-4.146979509313538682e-03
1.482020705798860072e-10	1.594577729674108157e+00	1.180083415119480428e+01	1.995277120097582180e-01	6.541074966800572432e-02	1.606284311780537336e-02	7.574923371480988266e-01	1.589089988420454014e-01	-2.878540038995613254e-02	-4.144845354494676969e-03
1.552225357427047968e-10	1.616950898522619307e+00	1.178111063446987039e+01	2.026659704589647004e-01	6.367229042991560950e-02	1.554132842252900146e-02	7.486956328987596221e-01	1.563562642386682744e-01	-2.917935768088710663e-02	-4.139649591603529639e-03
1.625755666443793407e-10	1.638961800663837787e+00	1.176039507799533723e+01	2.057866299129167409e-01	6.195062805959135332e-02	1.502875073543904864e-02	7.399534634808487832e-01	1.538371968289375669e-01	-2.956102734587330583e-02	-4.131492497372372084e-03
1.702769172225897821e-10	1.660587814689559183e+00	1.173867999424936492e+01	2.088876760449232539e-01	6.024809996694974190e-02	1.452576761258386057e-02	7.312742545977573005e-01	1.513533840171017164e-01	-2.993004056801133045e-02	-4.120480820957062897e-03
1.783430876931905687e-10	1.681806732205447519e+00	1.171595979768236440e+01	2.119670954918165817e-01	5.856699778970141795e-02	1.403299473968428086e-02	7.226665163559243821e-01	1.489063709992763940e-01	-3.028605422231247374e-02	-4.106727280014736345e-03
1.867913599020784805e-10	1.702596839654873406e+00	1.169223076615344326e+01	2.150228825606593230e-01	5.690940637210121361e-02	1.355096840009994974e-02	7.141382974378424064e-01	1.464976023056055732e-01	-3.062875154794437310e-02	-4.090349736760941386e-03
1.956398343517064725e-10	1.722937007982270341e+00	1.166749101203300043e+01	2.180530469305123620e-01	5.527724377134888428e-02	1.308015475101223686e-02	7.056972987090202043e-01	1.441284283393263199e-01	-3.095784333084199147e-02	-4.071470468832254046e-03
2.049074689815846066e-10	1.742806842282732749e+00	1.164174038727953508e+01	2.210556304205266165e-01	5.367213973467722943e-02	1.262092194659180343e-02	6.973504235740047852e-01	1.418000514052573380e-01	-3.127307262827042078e-02	-4.050215900983237041e-03
2.146141197858401440e-10	1.762186644781726708e+00	1.161498067943863788e+01	2.240286948702037706e-01	5.209597536419607877e-02	1.217367876923194404e-02	6.891056514933705524e-01	1.395137412045698300e-01	-3.157420800127051785e-02	-4.026714846211061974e-03
2.247805833548729991e-10	1.781057624246195070e+00	1.158721539215777696e+01	2.269703491960379516e-01	5.054982068591049038e-02	1.173860880737766059e-02	6.809683032195048558e-01	1.372704125663575248e-01	-3.186105226046023753e-02	-4.001098804459983678e-03
2.354286414322420067e-10	1.799401958923821709e+00	1.155844978491577457e+01	2.298787534254876919e-01	4.903499992281811631e-02	1.131593898575759989e-02	6.729447265834854752e-01	1.350710305904125885e-01	-3.213343999133265461e-02	-3.973500695567660362e-03
2.465811075822603842e-10	1.817202935777450845e+00	1.152869063320988552e+01	2.327521382955160256e-01	4.755255699754280807e-02	1.090581000012270756e-02	6.650404031763580415e-01	1.329164008436454769e-01	-3.239123947600279496e-02	-3.944054072007653101e-03
2.582618760682674929e-10	1.834444809681416544e+00	1.149794639379310546e+01	2.355887814193965146e-01	4.610339858156482090e-02	1.050831192228494568e-02	6.572604552707430603e-01	1.308072349118226396e-01	-3.263434928670113505e-02	-3.912892577520411114e-03
2.704959730463131364e-10	1.851112839557909284e+00	1.146622718935488905e+01	2.383870095402251255e-01	4.468826766302926023e-02	1.012348207728505471e-02	6.496095325608447490e-01	1.287441436902237724e-01	-3.286269872542408460e-02	-3.880149473978115274e-03
2.833096101839318258e-10	1.867193334862020437e+00	1.143354480776034521e+01	2.411452020438677180e-01	4.330777657365363770e-02	9.751313952328342222e-03	6.420919121011897657e-01	1.267276479774473996e-01	-3.307624699698030052e-02	-3.845956930752397664e-03
2.967302408188872501e-10	1.882673719103537202e+00	1.139991265906031259e+01	2.438617978241014173e-01	4.196240979006651828e-02	9.391760435294218071e-03	6.347114876758304103e-01	1.247581786756499639e-01	-3.327498373834333195e-02	-3.810445535341056185e-03
3.107866187782014063e-10	1.897542592373576031e+00	1.136534575349707943e+01	2.465353019391790801e-01	4.065252430735728090e-02	9.044734612875190288e-03	6.274717497944161115e-01	1.228360731533936351e-01	-3.345892955398793028e-02	-3.773743856309125146e-03
3.255088599835056406e-10	1.911789755304861282e+00	1.132986073281819550e+01	2.491642864278727221e-01	3.937835013331338063e-02	8.710113369386016796e-03	6.203757702807889407e-01	1.209615793120994431e-01	-3.362813435817810226e-02	-3.735977826037904445e-03
3.409285069746807543e-10	1.925406249667817260e+00	1.129347581302127779e+01	2.517473954623042909e-01	3.814001295184407669e-02	8.387743114117447718e-03	6.134262677033697209e-01	1.191348615200847616e-01	-3.378267725302050439e-02	-3.697270327886944489e-03
3.570785964900469852e-10	1.938384476131396639e+00	1.125621056855387003e+01	2.542833646066972597e-01	3.693750326941806078e-02	8.077434853266042547e-03	6.066254565723446790e-01	1.173559811995522478e-01	-3.392266759403513715e-02	-3.657740718525308733e-03
3.739937302478801677e-10	1.950718490265794580e+00	1.121808497099309498e+01	2.567710815099055188e-01	3.577075018520273209e-02	7.778982487697766110e-03	5.999752656965204878e-01	1.156248995540035684e-01	-3.404824592971405356e-02	-3.617503334322357770e-03
3.917101490809260641e-10	1.962403751290761056e+00	1.117912002957466555e+01	2.592095399355583418e-01	3.463950844737639229e-02	7.492136348906310896e-03	5.934769220433039338e-01	1.139414516238701908e-01	-3.415958032290438567e-02	-3.576667999589814521e-03
4.102658105827190344e-10	1.973436973370818581e+00	1.113933816419698530e+01	2.615978120987367816e-01	3.354347372708740838e-02	7.216634805341440653e-03	5.871314054440801566e-01	1.123054153010961675e-01	-3.425686211478201626e-02	-3.535339969574475584e-03
4.297004704320835313e-10	1.983816214287302149e+00	1.109876308570384396e+01	2.639350634496184234e-01	3.248231151511622034e-02	6.952212585718686375e-03	5.809395427669933332e-01	1.107165200777037312e-01	-3.434031072051318967e-02	-3.493620411148971004e-03
4.500557675700488183e-10	1.993540690407194393e+00	1.105742001354407122e+01	2.662205234837313750e-01	3.145557012593187124e-02	6.698576247036141899e-03	5.749016730109464124e-01	1.091744142372654963e-01	-3.441016100232587721e-02	-3.451605066900486837e-03
4.713753134116729086e-10	2.002610971670094386e+00	1.101533536860884510e+01	2.684535195759035764e-01	3.046276431474009144e-02	6.455430777420374452e-03	5.690179408624219670e-01	1.076786983581921597e-01	-3.446667580228542083e-02	-3.409385665421510447e-03
4.937047852839003559e-10	2.011028763715235979e+00	1.097253697254043736e+01	2.706334441286461501e-01	2.950337211845152977e-02	6.222475986125121546e-03	5.632883035773865732e-01	1.062289339619839901e-01	-3.451013146572248780e-02	-3.367048409710207257e-03
5.170920242896755486e-10	2.018797064961384891e+00	1.092905379900762775e+01	2.727597827620548143e-01	2.857679897463075505e-02	5.999399927268170979e-03	5.577123503080166911e-01	1.048246173855964941e-01	-3.454082880463327926e-02	-3.324675366207591621e-03
5.415871378079465267e-10	2.025920059790953243e+00	1.088491549261608782e+01	2.748321137374988288e-01	2.768242396617105749e-02	5.785890583340787263e-03	5.522894824745373521e-01	1.034652028493793230e-01	-3.455908019860713665e-02	-3.282342564696957756e-03
5.672426068491988835e-10	2.032403309879914577e+00	1.084015111953643640e+01	2.768501683377619926e-01	2.681954579816498915e-02	5.581622708332567573e-03	5.470186296745572774e-01	1.021500492390365611e-01	-3.456521580428983248e-02	-3.240120037147427908e-03
5.941133984965039838e-10	2.038253390817864386e+00	1.079479041930181005e+01	2.788137538078603317e-01	2.598745084278658579e-02	5.386275047702789032e-03	5.418985867761482167e-01	1.008784893902326951e-01	-3.455957666141191986e-02	-3.198072725561175965e-03
6.222570836730231313e-10	2.043477816713052952e+00	1.074886399306005735e+01	2.807227404245835611e-01	2.518539326146282051e-02	5.199526077471187772e-03	5.369279340356265529e-01	9.964982732258724496e-02	-3.454251389105984782e-02	-3.156260930856036491e-03
6.517339604882420571e-10	2.048085011177576575e+00	1.070240325077791432e+01	2.825770609206124662e-01	2.441262614633058631e-02	5.021060590117963109e-03	5.321051639676599443e-01	9.846335208866914546e-02	-3.451438812051497301e-02	-3.114740517711265307e-03
6.826071834272379248e-10	2.052084229296481599e+00	1.065544038421963613e+01	2.843767025884728072e-01	2.366838641724830494e-02	4.850567404497502406e-03	5.274286185959794482e-01	9.731833674203332896e-02	-3.447556592254388125e-02	-3.073562819914580409e-03
7.149428986597561750e-10	2.055485562693179169e+00	1.060800826219236370e+01	2.861217129746940202e-01	2.295187894428783390e-02	4.687735061103189514e-03	5.228964096009671714e-01	9.621402664482320288e-02	-3.442642201568924670e-02	-3.032775171321817117e-03
7.488103857590030225e-10	2.058299853687960645e+00	1.056014040602847537e+01	2.878121910297799513e-01	2.226239361430252389e-02	4.532278635170178434e-03	5.185069344111353784e-01	9.514970118052565318e-02	-3.436733523928359180e-02	-2.992420750014287197e-03
7.842822061337681836e-10	2.060538672720830355e+00	1.051187071142452290e+01	2.894482939964475032e-01	2.159909060767711830e-02	4.383890417387250292e-03	5.142579260035171629e-01	9.412456493689545789e-02	-3.429868828419628535e-02	-2.952538726367618174e-03
8.214343584919422200e-10	2.062214346120571307e+00	1.046323121825553670e+01	2.910303062171581967e-01	2.096119553184256148e-02	4.242284600468938273e-03	5.101472488308272935e-01	9.313781466669926457e-02	-3.422086256005783811e-02	-2.913162602114294578e-03
8.603464416684491388e-10	2.063339883041101608e+00	1.041425257977666163e+01	2.925586217690495650e-01	2.034787771964898656e-02	4.107170490240036331e-03	5.061723719498230079e-01	9.218858933968143710e-02	-3.413423875359170717e-02	-2.874320994003841563e-03
9.011018251665036851e-10	2.063928853683355769e+00	1.036496555070458037e+01	2.940336902613094328e-01	1.975833411461961134e-02	3.978269079320518459e-03	5.023307819106180849e-01	9.127602994944485071e-02	-3.403919602209445894e-02	-2.836038822034255263e-03
9.437878277775391497e-10	2.063995389014968040e+00	1.031540102240683510e+01	2.954560187648455072e-01	1.919174778190198966e-02	3.855305363109205307e-03	4.986197938103806293e-01	9.039926192106213787e-02	-3.393611438689053683e-02	-2.798337891267739866e-03
9.884959046625586031e-10	2.063554081913996363e+00	1.026559007339670693e+01	2.968261591522754483e-01	1.864736472429990091e-02	3.738024586429622691e-03	4.950369093626227346e-01	8.955743765853330096e-02	-3.382537091186361283e-02	-2.761236840292420093e-03
1.035321843295661502e-09	2.062619967993892356e+00	1.021556394596930240e+01	2.981447087015855479e-01	1.812437938319966940e-02	3.626166058316917379e-03	4.915792954173159868e-01	8.874967710656185560e-02	-3.370734143865915244e-02	-2.724751650810716599e-03
1.084365968689608688e-09	2.061208442159259580e+00	1.016535402190721271e+01	2.994123014222533907e-01	1.762204721458732193e-02	3.519488946035406133e-03	4.882443039339553481e-01	8.797513046182992014e-02	-3.358239822563208882e-02	-2.688895710410923404e-03
1.135733358343102889e-09	2.059335210770574243e+00	1.011499178778058727e+01	3.006296046359991370e-01	1.713962739223486367e-02	3.417758472246183472e-03	4.850292142536112294e-01	8.723294843992281111e-02	-3.345090980023480293e-02	-2.653680089188958143e-03
1.189534067370320724e-09	2.057016230784607380e+00	1.006450877991535720e+01	3.017973141574651907e-01	1.667639810230406305e-02	3.320749367791338627e-03	4.819313076998573142e-01	8.652229244494218097e-02	-3.331323997437628248e-02	-2.619113701315157593e-03
1.245883364295008068e-09	2.054267654299412271e+00	1.001393654165391212e+01	3.029161497632636424e-01	1.623168431421364785e-02	3.228252364175200444e-03	4.789480029078504453e-01	8.584235221017857964e-02	-3.316974713288878968e-02	-2.585203497990845069e-03
1.304901978014401580e-09	2.051105787102195599e+00	9.963306564429146306e+00	3.039868530835218019e-01	1.580478198923336575e-02	3.140055484197005944e-03	4.760765041813584952e-01	8.519230256826856862e-02	-3.302078428442221242e-02	-2.551954696917347991e-03
1.366716356462010101e-09	2.047547029136267405e+00	9.912650225892008393e+00	3.050101828197188114e-01	1.539504229345108402e-02	3.055964233773634121e-03	4.733142008296682968e-01	8.457135347481301024e-02	-3.286669783846227211e-02	-2.519370866936411057e-03
1.431458937523481393e-09	2.043607832048437878e+00	9.861998743702484305e+00	3.059869118734682703e-01	1.500182953460732146e-02	2.975791233442120869e-03	4.706584746536283670e-01	8.397872687207916242e-02	-3.270782732084582395e-02	-2.487454102035899315e-03
1.499268432786047049e-09	2.039304657230449180e+00	9.811383102007299684e+00	3.069178252849614763e-01	1.462452767812644217e-02	2.899357216278347638e-03	4.681067338138055756e-01	8.341366003873297574e-02	-3.254450510368958605e-02	-2.456205161371258303e-03
1.570290124729377524e-09	2.034653938086512959e+00	9.760834014131457792e+00	3.078037175834046346e-01	1.426253919018944001e-02	2.826490972220577994e-03	4.656564112572877390e-01	8.287540668336568217e-02	-3.237705619192782214e-02	-2.425623629086401476e-03
1.644676177994662829e-09	2.029672041474844146e+00	9.710381850653508451e+00	3.086453909814462770e-01	1.391528927826326915e-02	2.757029883266982374e-03	4.633049884180841516e-01	8.236323915206116009e-02	-3.220579779167705853e-02	-2.395707992768560460e-03
1.722585965398783835e-09	2.026184190825437437e+00	9.677094722191057485e+00	3.091748547561309346e-01	1.369397812784813387e-02	2.713023612013343820e-03	4.618081559186520413e-01	8.204016539333787439e-02	-3.209039717116499851e-02	-2.376323639397375821e-03
1.804186409392068039e-09	2.022786899542468930e+00	9.646711066322252393e+00	3.096286194548744652e-01	1.349885287587158748e-02	2.674529765482089316e-03	4.604965401235933120e-01	8.176126163056457452e-02	-3.198254033239313759e-02	-2.358981025638123580e-03
1.889652339691211477e-09	2.019213141957155511e+00	9.616874495702640857e+00	3.100405158727936872e-01	1.331434501171946914e-02	2.638480890117175619e-03	4.592681311895328577e-01	8.150525210368203544e-02	-3.187384451751157366e-02	-2.342331970312754204e-03
1.979166867853557524e-09	2.015445009349855710e+00	9.587513124993511937e+00	3.104096517928822685e-01	1.313996366900626808e-02	2.604788510394132582e-03	4.581216797081338332e-01	8.127227565396782927e-02	-3.176395747195777386e-02	-2.326346407526213265e-03
2.072921779595369695e-09	2.011473179267219802e+00	9.558571791721265143e+00	3.107359312216250169e-01	1.297520945561794412e-02	2.573351244697127775e-03	4.570552209730091020e-01	8.106211891974042516e-02	-3.165266241421459126e-02	-2.310994347276142547e-03
2.171117945694509622e-09	2.007293560891470374e+00	9.530007125820093350e+00	3.110197021341114532e-01	1.281961279859980193e-02	2.544068509276355486e-03	4.560665478046565524e-01	8.087439377237146121e-02	-3.153982712173684921e-02	-2.296246981542207372e-03
2.273965752357932151e-09	2.002905581904808940e+00	9.501784777067607379e+00	3.112615837190794155e-01	1.267270110904624748e-02	2.516834747410576917e-03	4.551531929704141777e-01	8.070859304229303921e-02	-3.142537734820444184e-02	-2.282077062862443526e-03
2.381685551976160644e-09	1.998311153957835096e+00	9.473877519762275767e+00	3.114623684192009967e-01	1.253404712831235161e-02	2.491552102907971383e-03	4.543127457048216078e-01	8.056416202571409224e-02	-3.130928071598417656e-02	-2.268458993740678827e-03
2.494508135230316413e-09	1.993514001651770506e+00	9.446263950158016343e+00	3.116229602128397502e-01	1.240324603620294140e-02	2.468126625276022539e-03	4.535427926252730835e-01	8.044051393729341470e-02	-3.119153632738746670e-02	-2.255368875490864049e-03
2.612675225563326382e-09	1.988519158030157108e+00	9.418927443757928231e+00	3.117443298468694501e-01	1.227991911665163825e-02	2.446468862850476652e-03	4.528409738111867644e-01	8.033704938729024914e-02	-3.107216527450173960e-02	-2.242784252437714232e-03
2.736439997074666368e-09	1.983332667117199133e+00	9.391855348498774347e+00	3.118274944296182127e-01	1.216372587218303436e-02	2.426497938361965936e-03	4.522050601418908244e-01	8.025317477085924800e-02	-3.095120831706155151e-02	-2.230684329695351454e-03
2.866067616948244470e-09	1.977961282100627605e+00	9.365038383749801909e+00	3.118734894569000771e-01	1.205432629589425764e-02	2.408132137695825556e-03	4.516327934871919303e-01	8.018828962941720873e-02	-3.082871832684759908e-02	-2.219049574689338066e-03
3.001835813575592210e-09	1.972412313241291404e+00	9.338470035914305356e+00	3.118833644006067662e-01	1.195142651241980561e-02	2.391300893446878829e-03	4.511221142469239442e-01	8.014181846731775749e-02	-3.070476036176131990e-02	-2.207861863993012316e-03
3.144035471591500167e-09	1.966693430808140297e+00	9.312146265821727553e+00	3.118581608506262315e-01	1.185474268844295166e-02	2.375935387751949065e-03	4.506710042959911067e-01	8.011319563346624983e-02	-3.057940564012152918e-02	-2.197104186518144750e-03
3.292971255097148186e-09	1.960812584325862140e+00	9.286065004382571431e+00	3.117989160496619783e-01	1.176399575422500988e-02	2.361967986723710524e-03	4.502774591713843977e-01	8.010186224903445562e-02	-3.045273238815209699e-02	-2.186760673218998176e-03
3.448962260405766611e-09	1.954777901309928900e+00	9.260225929658126631e+00	3.117066538635510087e-01	1.167898924956416520e-02	2.349351568643636042e-03	4.499398763480769725e-01	8.010731838941261007e-02	-3.032482366003309143e-02	-2.176816543590310172e-03
3.612342699709437910e-09	1.948597601729677997e+00	9.234630181729881926e+00	3.115823803101163136e-01	1.159944766722834607e-02	2.338019040295614710e-03	4.496562705448196584e-01	8.012902251504348816e-02	-3.019576515043752643e-02	-2.167257889784782003e-03
3.783462617131932968e-09	1.942279953091563538e+00	9.209280154856982037e+00	3.114270829828381104e-01	1.152517743667617368e-02	2.327923602540556049e-03	4.494250606251417035e-01	8.016649308004987484e-02	-3.006564530886179226e-02	-2.158071742326175043e-03
3.962688638701478467e-09	1.935833233858426317e+00	9.184179278472699437e+00	3.112417322379098517e-01	1.145597177893788177e-02	2.319015781111018540e-03	4.492446047826613165e-01	8.021924989426609809e-02	-2.993455537393793775e-02	-2.149246052437288074e-03
4.150404757850472502e-09	1.929265647087683666e+00	9.159331915571884863e+00	3.110272704227969309e-01	1.139165481000302058e-02	2.311253060638668658e-03	4.491134251702295632e-01	8.028684255536344683e-02	-2.980258477561543301e-02	-2.140769274388888612e-03
4.347013158125017173e-09	1.922585357210095269e+00	9.134743145872171510e+00	3.107846247903426340e-01	1.133204556472505037e-02	2.304592293259739248e-03	4.490300221485428733e-01	8.036882591820142252e-02	-2.966982605163861683e-02	-2.132630814420781624e-03
4.552935074866938773e-09	1.915800423852664247e+00	9.110418698500323487e+00	3.105146988443204248e-01	1.127698910596258014e-02	2.298996388845024955e-03	4.489930333991449807e-01	8.046478022404630892e-02	-2.953637090493399509e-02	-2.124820645270315833e-03
4.768611697714474181e-09	1.908918791811003102e+00	9.086364816862040783e+00	3.102183750033343235e-01	1.122632650461238141e-02	2.294427858138170691e-03	4.490010860376165702e-01	8.057429364125949511e-02	-2.940231070993598247e-02	-2.117329333170579492e-03
4.994505115855140358e-09	1.901948279901901628e+00	9.062588193997385133e+00	3.098965147129605358e-01	1.117992205935527776e-02	2.290854573076410699e-03	4.490529290182516120e-01	8.069697647411448738e-02	-2.926773640734191620e-02	-2.110148025704430396e-03
5.231099308056257792e-09	1.894896574443001747e+00	9.039095838357377843e+00	3.095499617028986683e-01	1.113763285303889621e-02	2.288243278746322166e-03	4.491472829603807559e-01	8.083244345377407769e-02	-2.913273886091822043e-02	-2.103268432488534720e-03
5.478901179593956120e-09	1.887771205813932429e+00	9.015895075866978914e+00	3.091795378325069010e-01	1.109933872454757497e-02	2.286565781361371823e-03	4.492829891722212587e-01	8.098033072497554108e-02	-2.899740729308350126e-02	-2.096682698410764871e-03
5.738441648302404521e-09	1.880579555236980172e+00	8.992993427777639326e+00	3.087860481083847808e-01	1.106492169024413455e-02	2.285794935760711820e-03	4.494589058267846049e-01	8.114028362613430467e-02	-2.886183038639048709e-02	-2.090383451176359205e-03
6.010276782070388176e-09	1.873328844361318302e+00	8.970398586743028702e+00	3.083702795463501567e-01	1.103426709654948233e-02	2.285904292281364970e-03	4.496739148600857883e-01	8.131195616428799067e-02	-2.872609563512721481e-02	-2.084363736955032690e-03
6.294988990221888141e-09	1.866026139739625389e+00	8.948118340816387573e+00	3.079330042615767149e-01	1.100727377679024122e-02	2.286870800338419545e-03	4.499269683434206080e-01	8.149501629409196257e-02	-2.859029000328627487e-02	-2.078617053216397486e-03
6.593188271333541710e-09	1.858678335018346006e+00	8.926160566796093931e+00	3.074749765075173724e-01	1.098383923503773278e-02	2.288671176051672307e-03	4.502170199065383405e-01	8.168913803476904323e-02	-2.845449833362744332e-02	-2.073137173795180574e-03
6.905513520162316861e-09	1.851292165826157410e+00	8.904533170254065766e+00	3.069969369279129112e-01	1.096387318121601166e-02	2.291285151723422564e-03	4.505430861900370787e-01	8.189400760215588548e-02	-2.831880480033898903e-02	-2.067918281630682937e-03
7.232633896483518810e-09	1.843874202931057305e+00	8.883244047787403730e+00	3.064996124702530356e-01	1.094728601876212432e-02	2.294692702970673077e-03	4.509041917659069587e-01	8.210931649900375662e-02	-2.818329224690574106e-02	-2.062954867363536119e-03
7.575250258771920716e-09	1.836430850746140209e+00	8.862301079022593342e+00	3.059837161442367504e-01	1.093399421572164090e-02	2.298875299549726307e-03	4.512993952318093416e-01	8.233476458195038150e-02	-2.804804191891430501e-02	-2.058241698353458979e-03
7.934096665797492339e-09	1.828968360387360770e+00	8.841712056730109737e+00	3.054499513370191321e-01	1.092391405932389807e-02	2.303814252754862561e-03	4.517277557259145038e-01	8.257005413549296791e-02	-2.791313461343050695e-02	-2.053773896640120715e-03
8.309941949353386453e-09	1.821492811303198067e+00	8.821484727972308093e+00	3.048990070582998091e-01	1.091697816395912138e-02	2.309495075419255427e-03	4.521884156862678861e-01	8.281490232820543085e-02	-2.777864872246551056e-02	-2.049546752510008046e-03
8.703591361485183753e-09	1.814010129244572722e+00	8.801626718042610875e+00	3.043315632772163881e-01	1.091311366921005749e-02	2.315901781037241810e-03	4.526804924270196318e-01	8.306902503418786554e-02	-2.764466178436831081e-02	-2.045555839347187790e-03
9.115888299750837812e-09	1.806526097617155324e+00	8.782145520675756600e+00	3.037482928907073720e-01	1.091224818535684385e-02	2.323018690585968663e-03	4.532031049338527406e-01	8.333214032949987082e-02	-2.751125112735786429e-02	-2.041797066615760794e-03
9.547716114208065503e-09	1.799046318580879600e+00	8.763048511423361830e+00	3.031498544349388591e-01	1.091432431094754504e-02	2.330833304199999428e-03	4.537554489341959485e-01	8.360397835101558706e-02	-2.737849047989498671e-02	-2.038266338294029457e-03
1.000000000000000021e-08	1.791576261274682613e+00	8.744342899797826973e+00	3.025369015294454567e-01	1.091927821072784070e-02	2.339332039725706188e-03	4.543366872348402197e-01	8.388426698326389985e-02	-2.724645363801905459e-02	-2.034959885973233826e-03
