# Pressure Mass Radius Compactness k2 k3 h2 h3 j2 j3
9.999999999999999799e-13	9.118246759748122043e-02	1.694460067016659011e+01	7.946030681750756303e-03	2.249526206702608458e-02	5.781776505303857540e-03	1.022129370216954491e+00	3.268235023760476810e-01	-2.212789699642506473e-04	-4.285984766209647738e-05
1.047370897959448749e-12	9.260044782624324289e-02	1.661403553305261838e+01	8.230158271029106715e-03	2.318787412169950532e-02	5.960884616691630548e-03	1.022730140648837160e+00	3.265603732227971290e-01	-2.342126832894987935e-04	-4.540288543477997648e-05
1.096985797892381920e-12	9.415218258780876093e-02	1.629192512762547551e+01	8.533520213603382545e-03	2.396168332485497723e-02	6.134560043152229893e-03	1.023443759697858058e+00	3.262854955803746182e-01	-2.486042612341995083e-04	-4.824227195963182662e-05
1.148951000187311009e-12	9.584123198177048331e-02	1.597932344169883301e+01	8.856542992982517626e-03	2.482082286288238987e-02	6.299411291513805702e-03	1.024278034180188257e+00	3.259992040635548149e-01	-2.645825085545413288e-04	-5.140646822476178734e-05
1.203377840777590522e-12	9.767087857006460927e-02	1.567709730463546691e+01	9.199615481325308999e-03	2.576925553419326734e-02	6.509768253996087162e-03	1.025241056653699356e+00	3.257019144151883094e-01	-2.822846002065067792e-04	-5.492632069159483673e-05
1.260382929679727463e-12	9.964415558119769922e-02	1.538593156342481549e+01	9.563090590073356281e-03	2.681072084393108790e-02	6.757381484273288809e-03	1.026340050634337642e+00	3.253941188447160293e-01	-3.018560583097384714e-04	-5.883517049016742949e-05
1.320088400831416649e-12	1.017638720830429805e-01	1.510633860187467548e+01	9.947286885569365730e-03	2.794866887089394319e-02	7.001903958345621903e-03	1.027581849555183169e+00	3.250763819238035590e-01	-3.234505582509847473e-04	-6.316894060099584307e-05
1.382622173764653478e-12	1.040326184639357998e-01	1.483867281531191118e+01	1.035248728369287177e-02	2.918618029620485138e-02	7.274788077271516357e-03	1.028973150727802155e+00	3.247493297581305338e-01	-3.472294062287199388e-04	-6.796615945633041589e-05
1.448118227674535917e-12	1.064526934890610149e-01	1.458315424570924534e+01	1.077892425818816058e-02	3.052583663505876663e-02	7.583395476147896871e-03	1.030519665161842680e+00	3.244136573244032484e-01	-3.733599778166448477e-04	-7.326776971228371232e-05
1.516716888470924089e-12	1.090262666180456946e-01	1.433986794275450372e+01	1.122680615207026326e-02	3.196972735072970556e-02	7.912089751118263695e-03	1.032226020202179351e+00	3.240700917912356926e-01	-4.020164465892440953e-04	-7.911737906467246817e-05
1.588565129428052692e-12	1.117555045157118815e-01	1.410877520635097326e+01	1.169633623785695624e-02	3.351944937541864733e-02	8.264242045284487734e-03	1.034096226616823877e+00	3.237193693894715452e-01	-4.333802631897320265e-04	-8.556147164395230343e-05
1.663816886076127415e-12	1.146426128179427184e-01	1.388973431669800895e+01	1.218771729768606919e-02	3.517607259951431586e-02	8.650256950654806876e-03	1.036133299106765104e+00	3.233622191796487466e-01	-4.676397989807209933e-04	-9.264943324824915268e-05
1.742633386009647278e-12	1.176898711464331032e-01	1.368251978185078066e+01	1.270115563354223126e-02	3.694009385920365984e-02	9.065805860431841792e-03	1.038339065299517694e+00	3.229993476501064054e-01	-5.049898962214977981e-04	-1.004335363023056032e-04
1.825183494319046040e-12	1.208996620809845018e-01	1.348683981219676120e+01	1.323686448642240505e-02	3.881141899343883150e-02	9.509655543264010705e-03	1.040714173468462622e+00	3.226314227326818052e-01	-5.456313699441925564e-04	-1.089689009412855825e-04
1.911644075385703708e-12	1.242744948950900569e-01	1.330235181902827613e+01	1.379506692891687043e-02	4.078933660501287556e-02	9.984305463643757678e-03	1.043258184692623436e+00	3.222590585829966381e-01	-5.897704509201877852e-04	-1.183134140189851961e-04
2.002200371815584363e-12	1.278170244948825252e-01	1.312867590552803421e+01	1.437599823481395221e-02	4.287250837716137519e-02	1.049525045662097304e-02	1.045969387022128938e+00	3.218827998711312754e-01	-6.376181945545062466e-04	-1.285276126071424748e-04
2.097046401323230665e-12	1.315300661241643465e-01	1.296540639038390452e+01	1.497990777297964100e-02	4.505895862260610174e-02	1.103409110712891619e-02	1.048844685580965885e+00	3.215031061078988950e-01	-6.893898567223201435e-04	-1.396745400132841754e-04
2.196385372416542332e-12	1.354166062742063747e-01	1.281212148972658404e+01	1.560706044781085162e-02	4.734607781119034436e-02	1.160756612872187316e-02	1.051879879248914351e+00	3.211203391442359334e-01	-7.453042410243726794e-04	-1.518195507465269745e-04
2.300430119772921506e-12	1.394798102394611827e-01	1.266839130875427166e+01	1.625773773006431930e-02	4.973064213399251698e-02	1.221394041841375976e-02	1.055069422167211002e+00	3.207347493126593285e-01	-8.055830343089948964e-04	-1.650300989209452034e-04
2.409403560239526876e-12	1.437230268671074729e-01	1.253378431247012870e+01	1.693223834734075214e-02	5.220880735154867502e-02	1.285387434442327587e-02	1.058406525980922108e+00	3.203464643715234206e-01	-8.704501276572195823e-04	-1.793754643605047563e-04
2.523539170434765862e-12	1.481497905448732610e-01	1.240787248362493322e+01	1.763087860945672034e-02	5.477615352804515725e-02	1.352770835797219122e-02	1.061883240731071210e+00	3.199554778921923637e-01	-9.401309329977135514e-04	-1.949264747027597093e-04
2.643081486974102692e-12	1.527638066312403675e-01	1.229023567460566113e+01	1.835399021788904420e-02	5.742769394531839489e-02	1.423395475437673301e-02	1.065490412721504576e+00	3.195616443153713737e-01	-1.014851465944910250e-03	-2.117551227293123844e-04
2.768286630392061017e-12	1.575688194838263112e-01	1.218046727968122411e+01	1.910189998489552135e-02	6.015783269081817486e-02	1.497283599930888075e-02	1.069217710597521798e+00	3.191646799965514036e-01	-1.094835430903288043e-03	-2.299337008495232009e-04
2.899422853882880921e-12	1.625686595285350533e-01	1.207817391351424163e+01	1.987493793165206329e-02	6.296044935902407602e-02	1.574295339633494453e-02	1.073053711436021018e+00	3.187641547575506551e-01	-1.180304109629846943e-03	-2.495345283228491058e-04
3.036771118035460378e-12	1.677673143281879775e-01	1.198297506034697157e+01	2.067344875324981027e-02	6.582896134765027496e-02	1.654413803400676952e-02	1.076986042161954815e+00	3.183594799652720853e-01	-1.271476845160570768e-03	-2.706297958518101131e-04
3.180625692794118977e-12	1.731689233483690582e-01	1.189450437108895997e+01	2.149779125679132652e-02	6.875640221101758653e-02	1.737474159105180382e-02	1.081001477006387601e+00	3.179499092953973483e-01	-1.368570383935525893e-03	-2.932911326745740667e-04
3.331294787934670055e-12	1.787777707867069521e-01	1.181241047478802741e+01	2.234833756659177981e-02	7.173544378571254654e-02	1.823346142548102483e-02	1.085086015824177075e+00	3.175345389793828854e-01	-1.471798234124587195e-03	-3.175891631986284508e-04
3.489101213406766494e-12	1.845982767339456321e-01	1.173635740392540860e+01	2.322547212359819813e-02	7.475846120158537167e-02	1.911872890603512690e-02	1.089224997961817376e+00	3.171123100054641930e-01	-1.581370022808925016e-03	-3.435930396395013727e-04
3.654383070957261569e-12	1.906349870847090511e-01	1.166602470254663970e+01	2.412959055781732295e-02	7.781757439137762522e-02	2.002846083811502670e-02	1.093403181904380572e+00	3.166820129930900118e-01	-1.697490872307028326e-03	-3.713699808645418523e-04
3.827494478516314936e-12	1.968925621565192630e-01	1.160110728818494152e+01	2.506109843330104822e-02	8.090470495302168330e-02	2.096064080650745717e-02	1.097604855692428938e+00	3.162422957721981454e-01	-1.820360781344849098e-03	-4.009847870374587593e-04
4.008806328898464320e-12	2.033757641081355982e-01	1.154131512415883876e+01	2.602040988689151638e-02	8.401159616440173616e-02	2.191283950878793879e-02	1.101813873730502769e+00	3.157916645566475888e-01	-1.950174020024933582e-03	-4.324993643984117618e-04
4.198707084443905621e-12	2.100894425484658434e-01	1.148637276040950184e+01	2.700794606569403497e-02	8.712991347394999364e-02	2.288273448080264255e-02	1.106013869832614516e+00	3.153285042963561158e-01	-2.087118504080652439e-03	-4.659722428648506161e-04
4.397603609302712498e-12	2.170385198394179926e-01	1.143601875085413155e+01	2.802413363139322558e-02	9.025123245025709617e-02	2.386777791224494252e-02	1.110188211027729688e+00	3.148510760194430103e-01	-2.231375212729836636e-03	-5.014580923584669933e-04
4.605922041145112927e-12	2.242279739045443532e-01	1.139000502282818061e+01	2.906940296091497372e-02	9.336710882030517522e-02	2.486522265636824380e-02	1.114320153698848515e+00	3.143575358377528883e-01	-2.383117555166698771e-03	-5.390072520206555225e-04
4.824108704165373984e-12	2.316628202473651199e-01	1.134809618572507439e+01	3.014418635288320519e-02	9.646912932205362057e-02	2.587192535754099035e-02	1.118392930543880670e+00	3.138459459980195709e-01	-2.542510755038678710e-03	-5.786652559482114268e-04
5.052631065335679604e-12	2.393480864327022228e-01	1.131006884547166358e+01	3.124891525017373106e-02	9.954892359553096925e-02	2.688517591631157944e-02	1.122389792784437956e+00	3.133142851314943411e-01	-2.709711090673264100e-03	-6.204723402246116720e-04
5.291978735958436557e-12	2.472887455312710592e-01	1.127571111128023951e+01	3.238401156708355100e-02	1.025981889323989427e-01	2.790156134273587968e-02	1.126294052634608134e+00	3.127604659261724040e-01	-2.884864232596376192e-03	-6.644627351686088193e-04
5.542664520663095602e-12	2.554897791832596576e-01	1.124482167759106233e+01	3.354989716080235274e-02	1.056087977895338870e-01	2.891811335719042184e-02	1.130089299810551617e+00	3.121823496597933567e-01	-3.068106427110503347e-03	-7.106646862381659673e-04
5.805225516094907684e-12	2.639562253327453201e-01	1.121720919436378949e+01	3.474700085257800830e-02	1.085728100900633097e-01	2.993140129651543357e-02	1.133759388350826791e+00	3.115777487572387594e-01	-3.259565517546067492e-03	-7.591004660001019703e-04
6.080224261649427052e-12	2.726931656009012883e-01	1.119269187838271051e+01	3.597575692919390694e-02	1.114825363160301397e-01	3.093834548033772350e-02	1.137288586408389923e+00	3.109444469814569567e-01	-3.459360698330490522e-03	-8.097860921321366114e-04
6.368249944718585906e-12	2.817057109766458178e-01	1.117109707167613486e+01	3.723660354036441300e-02	1.143305518621495764e-01	3.193561383521745234e-02	1.140661592638930966e+00	3.102802125188835469e-01	-3.667602255779110407e-03	-8.627310643215523609e-04
6.669919663030115058e-12	2.909989864252365277e-01	1.115226077424004103e+01	3.852998104127786788e-02	1.171097278521132656e-01	3.292000172606061870e-02	1.143863610315352553e+00	3.095828115004241043e-01	-3.884391295866954693e-03	-9.179381209312518618e-04
6.985879746785234820e-12	3.005781145668928178e-01	1.113602716299958217e+01	3.985633030367712742e-02	1.198132377555726907e-01	3.388827104822136199e-02	1.146880357433404551e+00	3.088500211491128078e-01	-4.109819469331065997e-03	-9.754030203416520946e-04
7.316807143427207274e-12	3.104481980936144581e-01	1.112224811070537633e+01	4.121609093863968371e-02	1.224345961961564588e-01	3.483729941431099042e-02	1.149698155262548038e+00	3.080796457408160882e-01	-4.343968670587921264e-03	-1.035114340015653393e-03
7.663410868007462274e-12	3.206143014264487001e-01	1.111078271008709528e+01	4.260969950399898232e-02	1.249676440911078601e-01	3.576402492571335162e-02	1.152303896321042131e+00	3.072695246658029289e-01	-4.586910739553418971e-03	-1.097053303563282761e-03
8.026433522257174683e-12	3.310814310115052228e-01	1.110149680939019312e+01	4.403758761465225574e-02	1.274065875013998539e-01	3.666546258752449022e-02	1.154685129526125786e+00	3.064175494499450370e-01	-4.838707132203838406e-03	-1.161193627228868271e-03
8.406652885618316356e-12	3.418545145164385568e-01	1.109426256118322840e+01	4.550017999893591486e-02	1.297459970792128880e-01	3.753872897161367184e-02	1.156830064302639904e+00	3.055216737659899318e-01	-5.099408578925293707e-03	-1.227501390913919924e-03
8.804883581643446547e-12	3.529383792299085054e-01	1.108895799437512864e+01	4.699789251314489408e-02	1.319808136877939908e-01	3.838106632718220335e-02	1.158727584607587735e+00	3.045799235841005759e-01	-5.369054729387769641e-03	-1.295934935308793627e-03
9.221978823334340144e-12	3.643377288335187814e-01	1.108546659336509421e+01	4.853113007735954804e-02	1.341063375511027944e-01	3.918982485413745331e-02	1.160367228836417519e+00	3.035904056743348733e-01	-5.647673775701174056e-03	-1.366444782871837531e-03
9.658832241158709141e-12	3.760571171096915299e-01	1.108367691821194256e+01	5.010028420544541949e-02	1.361182896483453253e-01	3.996252319124671964e-02	1.161739331120847263e+00	3.025513277129746048e-01	-5.935281980938427425e-03	-1.438973564120982207e-03
1.011637979766206976e-11	3.881008981834432325e-01	1.108348222183287923e+01	5.170572759907906407e-02	1.380127397360212949e-01	4.069680322370630016e-02	1.162834872478313519e+00	3.014609971302449898e-01	-6.231882699533648241e-03	-1.513455854170161390e-03
1.059560179277614774e-11	4.004732139350241082e-01	1.108478010764333277e+01	5.334781370267933226e-02	1.397861503181735410e-01	4.139047637767218762e-02	1.163645580087889542e+00	3.003178354452487042e-01	-6.537466242005897550e-03	-1.589818246318636932e-03
1.109752496412069864e-11	4.131779915968173955e-01	1.108747221436669506e+01	5.502687767029042221e-02	1.414353839212919850e-01	4.204152977235035143e-02	1.164163943202860763e+00	2.991203846401738198e-01	-6.852010078058494956e-03	-1.667979550564075222e-03
1.162322468679854125e-11	4.262189178672449175e-01	1.109146392625681088e+01	5.674323425221150519e-02	1.429576763302708720e-01	4.264811746196472964e-02	1.164383159448223237e+00	2.978673113478025325e-01	-7.175478450604485907e-03	-1.747850870453461925e-03
1.217382727739662020e-11	4.395994119398520250e-01	1.109666410132821923e+01	5.849717561257303244e-02	1.443506625665262055e-01	4.320857484203831367e-02	1.164297199977068153e+00	2.965574157415705736e-01	-7.507821979786185804e-03	-1.829335710224766877e-03
1.275051240713012859e-11	4.533225977758095215e-01	1.110298481497745371e+01	6.028896913142173242e-02	1.456123538967926678e-01	4.372142730298946012e-02	1.163900765304354490e+00	2.951896359695946881e-01	-7.848977264966831499e-03	-1.912330114462442842e-03
1.335451562929897339e-11	4.673912757349633629e-01	1.111034112129876661e+01	6.211885519060100780e-02	1.467411475893375394e-01	4.418538681998639139e-02	1.163189315077396424e+00	2.937630547367907630e-01	-8.198866489139467612e-03	-1.996722841480030007e-03
1.398713102647241439e-11	4.818078935646639138e-01	1.111865083328424575e+01	6.398704492908492691e-02	1.477358096875866778e-01	4.459936123311558642e-02	1.162159037790438942e+00	2.922769021421428581e-01	-8.557397017034500120e-03	-2.082395567201605902e-03
1.464971398307287854e-11	4.965745170327577895e-01	1.112783431891575248e+01	6.589371801295161590e-02	1.485954698599362689e-01	4.496244684090891508e-02	1.160806847107222817e+00	2.907305587178025119e-01	-8.924461010769291561e-03	-2.169223126503588492e-03
1.534368408930013065e-11	5.116927996873106288e-01	1.113781431259061705e+01	6.783902034571154260e-02	1.493196284905007609e-01	4.527393758434079124e-02	1.159130407997892576e+00	2.891235625924813979e-01	-9.299935024441451092e-03	-2.257073779427799277e-03
1.607052818261638620e-11	5.271639532319258858e-01	1.114851574324431915e+01	6.982306189800312202e-02	1.499081349906207783e-01	4.553331988437388234e-02	1.157128096375565462e+00	2.874556077508240715e-01	-9.683679672449669457e-03	-2.345809532980064945e-03
1.683180353330955093e-11	5.429887166228829498e-01	1.115986556748914182e+01	7.184591446702266737e-02	1.503611807268543377e-01	4.574026994175323102e-02	1.154798992969631399e+00	2.857265472832520303e-01	-1.007553924751159076e-02	-2.435286472673038344e-03
1.762914118095944293e-11	5.591673260146673430e-01	1.117179264988582865e+01	7.390760936834250838e-02	1.506793007710059140e-01	4.589465538975369407e-02	1.152142898111214953e+00	2.839363957241081149e-01	-1.047534138891036484e-02	-2.525355145895994465e-03
1.846424942895546448e-11	5.756994901285169552e-01	1.118422761413803990e+01	7.600813612618548265e-02	1.508633546151952054e-01	4.599653027797839799e-02	1.149160296623015443e+00	2.820853278851807033e-01	-1.088289693475158644e-02	-2.615861008307910924e-03
1.933891750455232057e-11	5.925844665953601265e-01	1.119710284015071622e+01	7.814745357487822008e-02	1.509145190494813882e-01	4.604612977808354018e-02	1.145852331460959217e+00	2.801736671663450085e-01	-1.129800225347999364e-02	-2.706645438220212432e-03
2.025501939230666486e-11	6.098210783518679401e-01	1.121035247625782816e+01	8.032549281338639824e-02	1.508342893876322699e-01	4.604386988377880130e-02	1.142220812483334846e+00	2.782018826239433529e-01	-1.172044012779797049e-02	-2.797546417693826722e-03
2.121451784910627571e-11	6.274076355401497773e-01	1.122391238495289301e+01	8.254214810133764235e-02	1.506244444594670995e-01	4.599033345767029185e-02	1.138268158905375360e+00	2.761705896832450380e-01	-1.214997832461604116e-02	-2.888398725488442679e-03
2.221946860939528424e-11	6.453419095385144466e-01	1.123772009612300238e+01	8.479727459380852206e-02	1.502870659622198568e-01	4.588627121320303093e-02	1.133997459559347387e+00	2.740805546100927303e-01	-1.258636947305252773e-02	-2.979034445317690905e-03
2.327202478960412005e-11	6.636211098685766974e-01	1.125171475648253150e+01	8.709068647021472875e-02	1.498244881129772443e-01	4.573258752598390736e-02	1.129412366909038568e+00	2.719326858299119243e-01	-1.302935102992853512e-02	-3.069283508403222640e-03
2.437444150122221807e-11	6.822418614235756795e-01	1.126583708743091883e+01	8.942215502489060663e-02	1.492393343867222943e-01	4.553034135543116562e-02	1.124517199614369467e+00	2.697280395888110305e-01	-1.347864524870243108e-02	-3.158974251636520805e-03
2.552908068239516723e-11	7.012001831086351888e-01	1.128002933200255598e+01	9.179140700478324866e-02	1.485344576188682708e-01	4.528072990795826980e-02	1.119316813096620011e+00	2.674678091738381114e-01	-1.393395922559392125e-02	-3.247934002523998002e-03
2.673841615839943880e-11	7.204914673086171284e-01	1.129423521592940638e+01	9.419812291987619823e-02	1.477129542307060728e-01	4.498508434420111363e-02	1.113816648417205846e+00	2.651533254572273623e-01	-1.439498496049835576e-02	-3.335989677324077175e-03
2.800503894183625342e-11	7.401104607380855072e-01	1.130839990969823639e+01	9.664193548694209601e-02	1.467781276438059057e-01	4.464485888742193015e-02	1.108022657979132575e+00	2.627860505358858290e-01	-1.486139947433978009e-02	-3.422968397138586531e-03
2.933166278390048099e-11	7.600512469393216897e-01	1.132246999125051801e+01	9.912242823780731404e-02	1.457335029346437383e-01	4.426162352566869601e-02	1.101941356287489127e+00	2.603675757573785110e-01	-1.533286498523230706e-02	-3.508698117208922020e-03
3.072112998861759207e-11	7.803072295081946441e-01	1.133639343023711277e+01	1.016391339783388054e-01	1.445827900742608918e-01	4.383705350131131967e-02	1.095579745123919757e+00	2.578996154877851166e-01	-1.580902907736322222e-02	-3.593008259424272394e-03
3.217641750250735458e-11	8.008711190106712063e-01	1.135011954618804886e+01	1.041915338841973432e-01	1.433298691855853513e-01	4.337291832496026345e-02	1.088945291089070899e+00	2.553840007304752358e-01	-1.628952505430518102e-02	-3.675730371922431537e-03
3.370064329271925032e-11	8.217349196214035478e-01	1.136359900725656580e+01	1.067790561220481743e-01	1.419787875006406908e-01	4.287107350391979044e-02	1.082045933388980252e+00	2.528226752292205837e-01	-1.677397219380233687e-02	-3.756698767379350757e-03
3.529707302730657668e-11	8.428899330976170612e-01	1.137678381651717352e+01	1.094010767270301165e-01	1.405337383502977266e-01	4.233345134143384758e-02	1.074890043822570140e+00	2.502176885763919278e-01	-1.726197648902603327e-02	-3.835751231931768587e-03
3.696912707195032437e-11	8.643269621915766754e-01	1.138962744375497493e+01	1.120569447879201236e-01	1.389990258581858817e-01	4.176204093325021349e-02	1.067486317922508476e+00	2.475711604574847569e-01	-1.775313591020478282e-02	-3.912730408028447515e-03
3.872038781812557004e-11	8.860363106086168727e-01	1.140208484492536201e+01	1.147459819281639593e-01	1.373790526139406498e-01	4.115888166436369733e-02	1.059843759012353281e+00	2.448852777433375982e-01	-1.824704090137576826e-02	-3.987484308938111545e-03
4.055460735840827506e-11	9.080076404234251886e-01	1.141411238811119411e+01	1.174674641536453540e-01	1.356782989035846820e-01	4.052605163263235666e-02	1.051971662345067227e+00	2.421623009555979866e-01	-1.874327171337486497e-02	-4.059866355136835386e-03
4.247571552536894126e-11	9.302299654511139160e-01	1.142566789472789957e+01	1.202206201432225313e-01	1.339013559181736757e-01	3.986566785420275760e-02	1.043879716891479958e+00	2.394045680805601262e-01	-1.924139873746923829e-02	-4.129735900007833714e-03
4.448782831127576069e-11	9.526916548637213156e-01	1.143671061687179424e+01	1.230046313568108202e-01	1.320528510317150184e-01	3.917986521711934456e-02	1.035577825171870137e+00	2.366144763378572324e-01	-1.974098330015488026e-02	-4.196958800526077484e-03
4.659525668664686662e-11	9.753804357242525924e-01	1.144720126631336221e+01	1.258186313219306074e-01	1.301374752209667196e-01	3.847079612393902032e-02	1.027076187988418710e+00	2.337944844634377850e-01	-2.024157822870154000e-02	-4.261407922137790648e-03
4.880251583654433574e-11	9.982833997546219917e-01	1.145710201724173416e+01	1.286617055729764869e-01	1.281599460602575458e-01	3.774061508862066455e-02	1.018385220276529335e+00	2.309470993733146182e-01	-2.074272860312857333e-02	-4.322963638479243413e-03
5.111433483440165318e-11	1.021387011865463545e+00	1.146637651092770049e+01	1.315328916398654235e-01	1.261250050231612352e-01	3.699147384003120820e-02	1.009515556002520853e+00	2.280748729811844788e-01	-2.124397251025689562e-02	-4.381514291643431175e-03
5.353566677410718816e-11	1.044677122474716890e+00	1.147498987217266198e+01	1.344311792259724192e-01	1.240373967281618167e-01	3.622551161347153242e-02	1.000478004489275818e+00	2.251803938370041669e-01	-2.174484189854553051e-02	-4.436956639171848842e-03
5.607169938205469661e-11	1.068138981101866003e+00	1.148290871429025550e+01	1.373555105071415650e-01	1.219018562215954948e-01	3.544484613085332331e-02	9.912835269786844927e-01	2.222662789554717688e-01	-2.224486340286887034e-02	-4.489196237946650216e-03
5.872786613189488850e-11	1.091757253722949406e+00	1.149010115372110619e+01	1.403047806324605740e-01	1.197231056195815629e-01	3.465156936619025879e-02	9.819432379814699852e-01	2.193351702936246483e-01	-2.274355927122868534e-02	-4.538147810538391801e-03
6.150985788580503926e-11	1.115516042571670585e+00	1.149653682104091246e+01	1.432778384048288556e-01	1.175058101524045912e-01	3.384773181866309461e-02	9.724682941601712205e-01	2.163897185163982384e-01	-2.324044831491094143e-02	-4.583735560969544494e-03
6.442363508721370414e-11	1.139398908978795255e+00	1.150218687312464994e+01	1.462734871632415667e-01	1.152546024102680117e-01	3.303534530477200692e-02	9.628699687502451088e-01	2.134325860594247781e-01	-2.373504691677179312e-02	-4.625893452599442145e-03
6.747544053110686101e-11	1.163388871798222146e+00	1.150702400306349737e+01	1.492904823870346009e-01	1.129740647672125148e-01	3.221637557151305759e-02	9.531596154458931158e-01	2.104664414528234773e-01	-2.422686949915704019e-02	-4.664565391515664364e-03
7.067181273927477085e-11	1.187468006299640555e+00	1.151102228742996303e+01	1.523274800391122008e-01	1.106687225429084931e-01	3.139274120476558128e-02	9.433487137512375220e-01	2.074939932540491028e-01	-2.471542083349291888e-02	-4.699704773901721214e-03
7.401959996915652408e-11	1.211617251363115377e+00	1.151415683377157428e+01	1.553830144944234048e-01	1.083430670396603457e-01	3.056632005474844982e-02	9.334489638201656225e-01	2.045180106164300182e-01	-2.520019256885513287e-02	-4.731274414851903420e-03
7.752597488629464062e-11	1.235816591343935400e+00	1.151640358491933291e+01	1.584555227352172635e-01	1.060015197689103267e-01	2.973893427996688460e-02	9.234721651564434808e-01	2.015412885138771204e-01	-2.568066743167979338e-02	-4.759247026142036756e-03
8.119844993184008328e-11	1.260045113384822280e+00	1.151773921205531437e+01	1.615433514050253760e-01	1.036483916528811028e-01	2.891233899824351486e-02	9.134300960222250243e-01	1.985666283255487496e-01	-2.615632107193946454e-02	-4.783605462246207259e-03
8.504489341802668113e-11	1.284281069165116751e+00	1.151814110106039379e+01	1.646447630722444322e-01	1.012878901407156529e-01	2.808822010417524537e-02	9.033345295256114404e-01	1.955968292340397041e-01	-2.662662389824207651e-02	-4.804342889074183706e-03
8.907354638610458163e-11	1.308501945127832800e+00	1.151758737115089914e+01	1.677579429449048420e-01	9.892409747377717277e-02	2.726818649952762741e-02	8.931971655088384310e-01	1.926346727499571865e-01	-2.709104313285444487e-02	-4.821462906268968174e-03
9.329304026284695888e-11	1.332684541447244575e+00	1.151605690518367453e+01	1.708810063244627642e-01	9.656093901504159138e-02	2.645376274656869447e-02	8.830295293078598284e-01	1.896829068855894751e-01	-2.754904516084787439e-02	-4.834979625128829443e-03
9.771241535346501225e-11	1.356805049003203090e+00	1.151352940828345517e+01	1.740120051595188955e-01	9.420224625177553435e-02	2.564639784491467428e-02	8.728431526200406410e-01	1.867442503584893776e-01	-2.800009751636662117e-02	-4.844917599587023928e-03
1.023411402105452712e-10	1.380839140627262207e+00	1.150998548779225317e+01	1.771489358506371514e-01	9.185166436790413724e-02	2.484744714780922833e-02	8.626492902590395806e-01	1.838213634977168554e-01	-2.844367141118483988e-02	-4.851311766658385725e-03
1.071891319205126445e-10	1.404762057245432905e+00	1.150540671649726576e+01	1.802897463906835140e-01	8.951270394265342656e-02	2.405817988766015270e-02	8.524590657420720863e-01	1.809168504320404214e-01	-2.887924389118538479e-02	-4.854207237995069972e-03
1.122667773510811312e-10	1.428548705474653069e+00	1.149977568244526083e+01	1.834323449596629019e-01	8.718866480172088318e-02	2.327976498506445849e-02	8.422832276007385932e-01	1.780332333870810746e-01	-2.930630052445340819e-02	-4.853659094223510689e-03
1.175849554052158201e-10	1.452173746191493642e+00	1.149307614635397812e+01	1.865746054262843456e-01	8.488275037947622115e-02	2.251329262069271669e-02	8.321324918868927556e-01	1.751729740379101841e-01	-2.972433702935294367e-02	-4.849731974016576082e-03
1.231550603292826197e-10	1.475611699448878378e+00	1.148529304653001937e+01	1.897143771152120795e-01	8.259794450860301340e-02	2.175975074642419113e-02	8.220171496829214997e-01	1.723384351326446851e-01	-3.013286225441841326e-02	-4.842499769487956969e-03
1.289890261253308184e-10	1.498837064237721117e+00	1.147641260583584710e+01	1.928494947009964933e-01	8.033706651508026875e-02	2.102003593160367556e-02	8.119472214045190261e-01	1.695318855802394054e-01	-3.053140046008870345e-02	-4.832045107199567889e-03
1.350993521198024986e-10	1.521824746904964165e+00	1.146642232772175340e+01	1.959778295373622026e-01	7.810272272231870427e-02	2.029494238512475832e-02	8.019322493740820290e-01	1.667554534435910230e-01	-3.091949915801209259e-02	-4.818458677474162129e-03
1.414991297434578731e-10	1.544550234757579021e+00	1.145531123782817851e+01	1.990973041142685973e-01	7.589731775478156250e-02	1.958516399416680015e-02	7.919813109158351239e-01	1.640111180263642554e-01	-3.129673243168834551e-02	-4.801838605204551517e-03
1.482020705798860072e-10	1.566989549424846029e+00	1.144307016271291033e+01	2.022058771586995873e-01	7.372306759424895883e-02	1.889130332873260529e-02	7.821030646768620809e-01	1.613007283564676375e-01	-3.166270041649660999e-02	-4.782289906406028690e-03
1.552225357427047968e-10	1.589119320148579151e+00	1.142969186442737062e+01	2.053015463169944599e-01	7.158199839695675304e-02	1.821387288587922662e-02	7.723057344083585907e-01	1.586260009188761866e-01	-3.201703063089416518e-02	-4.759923829010596387e-03
1.625755666443793407e-10	1.610916850717341253e+00	1.141517112350328489e+01	2.083823508094949650e-01	6.947597945088988813e-02	1.755330559685426908e-02	7.625972053163629916e-01	1.559885304509310289e-01	-3.235937900390883915e-02	-4.734857144795323602e-03
1.702769172225897821e-10	1.632360184784093393e+00	1.139950478487757657e+01	2.114463745204878120e-01	6.740666752126096839e-02	1.690994639079263298e-02	7.529848260859318687e-01	1.533897737674114470e-01	-3.268943095006879990e-02	-4.707211460711156065e-03
1.783430876931905687e-10	1.653428159060220892e+00	1.138269180102848210e+01	2.144917476092846331e-01	6.537558464782471102e-02	1.628407236637288008e-02	7.434756546906629016e-01	1.508310752174014113e-01	-3.300690170744313701e-02	-4.677112446442061033e-03
1.867913599020784805e-10	1.674100461449026689e+00	1.136473323708351302e+01	2.175166495433821234e-01	6.338406859397248405e-02	1.567588404053797679e-02	7.340762787868551076e-01	1.483136501015680786e-01	-3.331153717331133274e-02	-4.644689157088272534e-03
1.956398343517064725e-10	1.694357679527635829e+00	1.134563227643162442e+01	2.205193110102128262e-01	6.143329563966108686e-02	1.508551521916660920e-02	7.247928772391741825e-01	1.458385955032346359e-01	-3.360311414642016409e-02	-4.610073303267793812e-03
2.049074689815846066e-10	1.714181346438044651e+00	1.132539420847913370e+01	2.234980159938020350e-01	5.952428438415406642e-02	1.451303604738878733e-02	7.156312180552443225e-01	1.434068913517058674e-01	-3.388144055710206465e-02	-4.573398554400117180e-03
2.146141197858401440e-10	1.733553983448737679e+00	1.130402641335195391e+01	2.264511036735284144e-01	5.765789779003740317e-02	1.395845698507459064e-02	7.065966496678046660e-01	1.410194030155446088e-01	-3.414635554760762914e-02	-4.534799863190984784e-03
2.247805833548729991e-10	1.752459137196683114e+00	1.128153832999207218e+01	2.293769701772585823e-01	5.583485924024814834e-02	1.342173490934113131e-02	6.976941414878146119e-01	1.386768874711485078e-01	-3.439772940156647640e-02	-4.494412811298633889e-03
2.354286414322420067e-10	1.770881414352962979e+00	1.125794141858344055e+01	2.322740703635963744e-01	5.405573839085137111e-02	1.290277406425434717e-02	6.889282174547139981e-01	1.363799915884213731e-01	-3.463546339087118092e-02	-4.452372986615483336e-03
2.465811075822603842e-10	1.788806672877988779e+00	1.123324888818211598e+01	2.351409453731925503e-01	5.232096144314699743e-02	1.240142842593921005e-02	6.803029534043106841e-01	1.341292396180985835e-01	-3.485949137194702813e-02	-4.408814974094837393e-03
2.582618760682674929e-10	1.806222297676923993e+00	1.120747509788219709e+01	2.379762692242449462e-01	5.063078437202702536e-02	1.191749847013812494e-02	6.718218245458512650e-01	1.319250026860047942e-01	-3.506978183701096180e-02	-4.363870942793311031e-03
2.704959730463131364e-10	1.823116737928641928e+00	1.118063592567330566e+01	2.407787788626707670e-01	4.898532457799215090e-02	1.145074414434480575e-02	6.634878576924065907e-01	1.297675529636208303e-01	-3.526633068621919109e-02	-4.317671053745420796e-03
2.833096101839318258e-10	1.839479414539520796e+00	1.115274881001230689e+01	2.435472590406177473e-01	4.738461930840454084e-02	1.100089910437281222e-02	6.553038432119863144e-01	1.276570928082273182e-01	-3.544915865418701156e-02	-4.270343144472679708e-03
2.967302408188872501e-10	1.855300766080296704e+00	1.112383263009049372e+01	2.462805490462619817e-01	4.582857401664013064e-02	1.056766347830332027e-02	6.472721241989762841e-01	1.255937375918790566e-01	-3.561831285729551849e-02	-4.222012586886028304e-03
3.107866187782014063e-10	1.870572202410783369e+00	1.109390772054977070e+01	2.489775345913705362e-01	4.431700874534118956e-02	1.015071375724214270e-02	6.393947599404050663e-01	1.235775344645661938e-01	-3.577386203950967680e-02	-4.172801417912516513e-03
3.255088599835056406e-10	1.885286173801939524e+00	1.106299572412196852e+01	2.516371588290178818e-01	4.284967932455723688e-02	9.749711216854400203e-03	6.316735861148800035e-01	1.216084704293119989e-01	-3.591590001261844856e-02	-4.122828529316699235e-03
3.409285069746807543e-10	1.899436145564253664e+00	1.103111957429758760e+01	2.542584183035311862e-01	4.142622473809622757e-02	9.364290801936811168e-03	6.241100035629152387e-01	1.196864535550405118e-01	-3.604454264739714170e-02	-4.072209097649526731e-03
3.570785964900469852e-10	1.913016608625972337e+00	1.099830342365190816e+01	2.568403651335601223e-01	4.004622026371972010e-02	8.994074517114682144e-03	6.167051653508403009e-01	1.178113340824244598e-01	-3.615992759000261764e-02	-4.021054404464127589e-03
3.739937302478801677e-10	1.926023078414854428e+00	1.096457258403897939e+01	2.593821076592725539e-01	3.870917127345476633e-02	8.638671393787326208e-03	6.094599407077393449e-01	1.159829032164687024e-01	-3.626221332887176463e-02	-3.969471615336104577e-03
3.917101490809260641e-10	1.938452091474443861e+00	1.092995346319315964e+01	2.618828111430209216e-01	3.741451613908207408e-02	8.297679173256355956e-03	6.023749133958724578e-01	1.142008949412651880e-01	-3.635157830173353644e-02	-3.917563601804952000e-03
4.102658105827190344e-10	1.950301196252195446e+00	1.089447350964460881e+01	2.643416977538186607e-01	3.616163702050070178e-02	7.970688106826030739e-03	5.954504125271588011e-01	1.124649922857788586e-01	-3.642821980225495471e-02	-3.865428791213156804e-03
4.297004704320835313e-10	1.961568943643772434e+00	1.085816114623986905e+01	2.667580470437652118e-01	3.494986403083297222e-02	7.657282352863955567e-03	5.886865178906458551e-01	1.107748291616483527e-01	-3.649235304642107353e-02	-3.813161058202402341e-03
4.500557675700488183e-10	1.972254891353215855e+00	1.082104563940357345e+01	2.691312001721286040e-01	3.377847655588660236e-02	7.357041536023626455e-03	5.820830512177381788e-01	1.091299909360626957e-01	-3.654421021437344319e-02	-3.760849551678129531e-03
4.713753134116729086e-10	1.982359653146335443e+00	1.078315656724267235e+01	2.714605807955743355e-01	3.264670147376342452e-02	7.069540209889915369e-03	5.756395419008499825e-01	1.075300036855502128e-01	-3.658403900984348589e-02	-3.708578086847835482e-03
4.937047852839003559e-10	1.991884653673802630e+00	1.074452399748024867e+01	2.737456586938452618e-01	3.155373263952187396e-02	6.794354046976776480e-03	5.693553245915322636e-01	1.059743623058065354e-01	-3.661209914709535190e-02	-3.656425731336562096e-03
5.170920242896755486e-10	2.000831992746775700e+00	1.070517857082154478e+01	2.759859300435153484e-01	3.049874311544189046e-02	6.531063002656540065e-03	5.632295971133483015e-01	1.044625453597809867e-01	-3.662866003684909361e-02	-3.604467119612643662e-03
5.415871378079465267e-10	2.009204453293135906e+00	1.066515136357020133e+01	2.781809229030304254e-01	2.948086978705845990e-02	6.279248450707299901e-03	5.572613442123585115e-01	1.029940066869384080e-01	-3.663400135150517850e-02	-3.552772598125068619e-03
5.672426068491988835e-10	2.017005446300879079e+00	1.062447382590318057e+01	2.803301923278406771e-01	2.849926177159470622e-02	6.038503338986036043e-03	5.514495392482844371e-01	1.015681982074565920e-01	-3.662840906882090103e-02	-3.501407881907075362e-03
5.941133984965039838e-10	2.024239047859965890e+00	1.058317767540355447e+01	2.824333295746103700e-01	2.755303535088268058e-02	5.808422802163256543e-03	5.457929415202521506e-01	1.001845469995796406e-01	-3.661217782995917353e-02	-3.450434430389615059e-03
6.222570836730231313e-10	2.030909971587582685e+00	1.054129484977071840e+01	2.844899610760870945e-01	2.664129971731634544e-02	5.588609835570038965e-03	5.402902002660057157e-01	9.884246753849934564e-02	-3.658560885484154340e-02	-3.399909338372139340e-03
6.517339604882420571e-10	2.037023554237499923e+00	1.049885745922167146e+01	2.864997493814585572e-01	2.576315737651590707e-02	5.378675042337886097e-03	5.349398513241426789e-01	9.754136116466237405e-02	-3.654900907403670074e-02	-3.349885413810713922e-03
6.826071834272379248e-10	2.042585769731100509e+00	1.045589772350423630e+01	2.884623986779595861e-01	2.491770337584696751e-02	5.178236611886484313e-03	5.297403052673201884e-01	9.628061410814735266e-02	-3.650269181745819519e-02	-3.300411350997484606e-03
7.149428986597561750e-10	2.047603172846870212e+00	1.041244797549420298e+01	2.903776487482387370e-01	2.410403154689820179e-02	4.986921635434077814e-03	5.246898753918739500e-01	9.505960336846587533e-02	-3.644697376745482942e-02	-3.251531695987366043e-03
7.488103857590030225e-10	2.052082924733527047e+00	1.036854058306562543e+01	2.922452827827156097e-01	2.332123488171916267e-02	4.804365851306379234e-03	5.197867702978808957e-01	9.387769345482598060e-02	-3.638217657116971787e-02	-3.203287099810181362e-03
7.842822061337681836e-10	2.056032753826744219e+00	1.032420794139210862e+01	2.940651242791624265e-01	2.256840882399129694e-02	4.630214332491499295e-03	5.150291080153925893e-01	9.273423983269135640e-02	-3.630862496043171100e-02	-3.155714378101175371e-03
8.214343584919422200e-10	2.059460944271463312e+00	1.027948241352680725e+01	2.958370393526425501e-01	2.184465456052440621e-02	4.464121833187207310e-03	5.104149268387782046e-01	9.162858943788997068e-02	-3.622664644531918554e-02	-3.108846652586332374e-03
8.603464416684491388e-10	2.062376333123231209e+00	1.023439583351088622e+01	2.975609531894453097e-01	2.114907284041224120e-02	4.305751523740242170e-03	5.059421428407949728e-01	9.056007179210000257e-02	-3.613656938433674332e-02	-3.062713018082024920e-03
9.011018251665036851e-10	2.064788221892002174e+00	1.018897943889894542e+01	2.992368424357474965e-01	2.048076561094498704e-02	4.154775065988073821e-03	5.016085604646761675e-01	8.952800303931907067e-02	-3.603872160927527185e-02	-3.017338809435963186e-03
9.437878277775391497e-10	2.066706273373420721e+00	1.014326437018445937e+01	3.008647084853516840e-01	1.983885335821420487e-02	4.010876115233264795e-03	4.974119710178668274e-01	8.853170568089985260e-02	-3.593343022520005536e-02	-2.972746366809299150e-03
9.884959046625586031e-10	2.068140490197238446e+00	1.009728165487936558e+01	3.024445769377148707e-01	1.922247221304091563e-02	3.873749804299093154e-03	4.933501401875581283e-01	8.757050843245801908e-02	-3.582102122530919641e-02	-2.928955212668385519e-03
1.035321843295661502e-09	2.069101189772389660e+00	1.005106213209844057e+01	3.039764983287603362e-01	1.863077542597249558e-02	3.743102435196734440e-03	4.894208148087184074e-01	8.664374601460170244e-02	-3.570181878716147811e-02	-2.885982155441200320e-03
1.084365968689608688e-09	2.069598992772269774e+00	1.000463644387569317e+01	3.054605489094096571e-01	1.806293001253627545e-02	3.618650435107271992e-03	4.856217070707394834e-01	8.575075713090736518e-02	-3.557614500638552751e-02	-2.843841446906073076e-03
1.135733358343102889e-09	2.069644802190944599e+00	9.958034982410707059e+00	3.068968314049022039e-01	1.751812764798162461e-02	3.500122593046934519e-03	4.819505463728469552e-01	8.489089036309722947e-02	-3.544431932307223060e-02	-2.802544888986977043e-03
1.189534067370320724e-09	2.069249790129848332e+00	9.911287886490470100e+00	3.082854754503536743e-01	1.699557472506238107e-02	3.387257297817461953e-03	4.784050333043632364e-01	8.406349818809380481e-02	-3.530665825820259590e-02	-2.762101989785969644e-03
1.245883364295008068e-09	2.068425378162024320e+00	9.864424999530578830e+00	3.096266382667798300e-01	1.649449442247661810e-02	3.279803073676535331e-03	4.749828499097921153e-01	8.326793875918243881e-02	-3.516347504341828245e-02	-2.722520087959010709e-03
1.304901978014401580e-09	2.067183227632620746e+00	9.817475942184596960e+00	3.109205032346067377e-01	1.601413487640242911e-02	3.177519479770606232e-03	4.716817017120619182e-01	8.250357951657415201e-02	-3.501507924423329088e-02	-2.683804524090905360e-03
1.366716356462010101e-09	2.065535212647573005e+00	9.770469886124519832e+00	3.121672852746477100e-01	1.555375712268927679e-02	3.080174684153649291e-03	4.684992571637438541e-01	8.176978983329273587e-02	-3.486177697692988131e-02	-2.645958706227875563e-03
1.431458937523481393e-09	2.063493399705168763e+00	9.723435814296994550e+00	3.133672218587100766e-01	1.511264653476813991e-02	2.987547509779152604e-03	4.654332115577245466e-01	8.106595041667931378e-02	-3.470386926035094743e-02	-2.608984299170154751e-03
1.499268432786047049e-09	2.061070040787770896e+00	9.676402309904668542e+00	3.145205809004348319e-01	1.469010717450255216e-02	2.899425794311879471e-03	4.624812557422514625e-01	8.039144686230682846e-02	-3.454165328194293977e-02	-2.572881340270902119e-03
1.570290124729377524e-09	2.058277522843201535e+00	9.629397271766718447e+00	3.156276647207564290e-01	1.428545943726195616e-02	2.815605611454143932e-03	4.596410633245449628e-01	7.974566682523986927e-02	-3.437542004169535231e-02	-2.537648096829481920e-03
1.644676177994662829e-09	2.055128271192437239e+00	9.582447300835664095e+00	3.166888180412240072e-01	1.389803635109070762e-02	2.735890698944580101e-03	4.569102678432286901e-01	7.912799611192124216e-02	-3.420545181364867404e-02	-2.503280844996161238e-03
1.722585965398783835e-09	2.051634738606485708e+00	9.535578587152718555e+00	3.177043998102382361e-01	1.352719715248629044e-02	2.660094391756910332e-03	4.542865534921564641e-01	7.853783527034052803e-02	-3.403202461905485005e-02	-2.469774744154152029e-03
1.804186409392068039e-09	2.047809385806112381e+00	9.488817020202946040e+00	3.186747782808751484e-01	1.317232162276755353e-02	2.588038832698249733e-03	4.517676335081509120e-01	7.797460007859793873e-02	-3.385540845956665906e-02	-2.437124053277304591e-03
1.889652339691211477e-09	2.043664664405913101e+00	9.442188140832717735e+00	3.196003315713169535e-01	1.283281045353681926e-02	2.519554394228522461e-03	4.493512541778347802e-01	7.743772038260338109e-02	-3.367586707829352960e-02	-2.405322192080458412e-03
1.979166867853557524e-09	2.039213008549210393e+00	9.395717132419452611e+00	3.204814482522365671e-01	1.250809131726267863e-02	2.454480838836753300e-03	4.470352278717424910e-01	7.692664351926675748e-02	-3.349365796312971794e-02	-2.374361830617234027e-03
2.072921779595369695e-09	2.034466816316170767e+00	9.349428753257519986e+00	3.213185283134956660e-01	1.219760752229591926e-02	2.392664633459661537e-03	4.448173778042899817e-01	7.644082736593466043e-02	-3.330903214101502835e-02	-2.344234932627989321e-03
2.171117945694509622e-09	2.029438448485731517e+00	9.303347382913562669e+00	3.221119829531406964e-01	1.190082775625472995e-02	2.333960800286154560e-03	4.426955901867219989e-01	7.597974585140081227e-02	-3.312223417041893631e-02	-2.314932842344925162e-03
2.273965752357932151e-09	2.024140216691701966e+00	9.257496956645988817e+00	3.228622364945273882e-01	1.161723868176036886e-02	2.278231081985614831e-03	4.406677778759807707e-01	7.554288380187260121e-02	-3.293350223274403576e-02	-2.286446335025210403e-03
2.381685551976160644e-09	2.018584369556266189e+00	9.211900969764702296e+00	3.235697255571585162e-01	1.134634513162065955e-02	2.225343793894913637e-03	4.387318844174089016e-01	7.512973727678322333e-02	-3.274306800054800626e-02	-2.258765690968035644e-03
2.494508135230316413e-09	2.012783098050751285e+00	9.166582499223105529e+00	3.242349006301233350e-01	1.108766873713785267e-02	2.175173553377107889e-03	4.368858781831455040e-01	7.473981263390637453e-02	-3.255115671638026537e-02	-2.231880733570331538e-03
2.612675225563326382e-09	2.006748511762949772e+00	9.121564153950323828e+00	3.248582254527431767e-01	1.084075777585202793e-02	2.127602629964068463e-03	4.351278061589858859e-01	7.437263086395443090e-02	-3.235798734051485021e-02	-2.205780927638626137e-03
2.736439997074666368e-09	2.000492638997682704e+00	9.076868081325834225e+00	3.254401782016448919e-01	1.060516674526438066e-02	2.082517200062685044e-03	4.334556899727415868e-01	7.402771722783543784e-02	-3.216377225635549258e-02	-2.180455363951451855e-03
2.866067616948244470e-09	1.994027403235734131e+00	9.032515854390707588e+00	3.259812530873368308e-01	1.038047515200846843e-02	2.039810476115101745e-03	4.318676239690342755e-01	7.370460955531307756e-02	-3.196871738589390083e-02	-2.155892824291963644e-03
3.001835813575592210e-09	1.987364496060962216e+00	8.988527801537188111e+00	3.264819652143228779e-01	1.016627219690478465e-02	1.999379784421025010e-03	4.303616942695073777e-01	7.340284864570921497e-02	-3.177301856260399127e-02	-2.132081433649990129e-03
3.144035471591500167e-09	1.980515420953037786e+00	8.944923543092844653e+00	3.269428398117365520e-01	9.962163415176401512e-03	1.961127800557323567e-03	4.289360235930385623e-01	7.312198600463060139e-02	-3.157686409125465277e-02	-2.109009095596514009e-03
3.292971255097148186e-09	1.973491534966417937e+00	8.901722366422589516e+00	3.273644064651344276e-01	9.767772741128005407e-03	1.924962600805632138e-03	4.275887887759390327e-01	7.286158641210628562e-02	-3.138043641496807840e-02	-2.086663746626418563e-03
3.448962260405766611e-09	1.966304030393740687e+00	8.858943165893064631e+00	3.277471991014480612e-01	9.582738232262466571e-03	1.890796750225801981e-03	4.263182006283642300e-01	7.262122559106072572e-02	-3.118391187011224780e-02	-2.065033354424695728e-03
3.612342699709437910e-09	1.958963943160695331e+00	8.816604506191678681e+00	3.280917558259210942e-01	9.406716237415910578e-03	1.858548200639102569e-03	4.251225279898149800e-01	7.240049297374899495e-02	-3.098746121810052809e-02	-2.044106005388640884e-03
3.783462617131932968e-09	1.951482128614447031e+00	8.774724465558167097e+00	3.283986214388878166e-01	9.239379258867062156e-03	1.828139413466550820e-03	4.240000866142578095e-01	7.219898846852174090e-02	-3.079124874334522935e-02	-2.023869758353524263e-03
3.962688638701478467e-09	1.943869286013648612e+00	8.733320744670356461e+00	3.286683482424713754e-01	9.080407982782730605e-03	1.799495869910753588e-03	4.229491984327715115e-01	7.201631808769085041e-02	-3.059543392032791978e-02	-2.004312857045503424e-03
4.150404757850472502e-09	1.936135930976136565e+00	8.692410618069608574e+00	3.289014939103618307e-01	8.929507223480948747e-03	1.772549158359936709e-03	4.219682789734118811e-01	7.185210358699509192e-02	-3.040016989761984423e-02	-1.985423590036687527e-03
4.347013158125017173e-09	1.928292404366589885e+00	8.652010875520643296e+00	3.290986258535639752e-01	8.786385465553303228e-03	1.747232709671643104e-03	4.210557278128610470e-01	7.170596886990523999e-02	-3.020560460728874408e-02	-1.967190356519874991e-03
4.552935074866938773e-09	1.920348877402420218e+00	8.612137897192443603e+00	3.292603198953787391e-01	8.650768673012582816e-03	1.723484353796590936e-03	4.202100039549013233e-01	7.157754778367815540e-02	-3.001188074516760937e-02	-1.949601692729760298e-03
4.768611697714474181e-09	1.912315330679506875e+00	8.572807563044513302e+00	3.293871607199422291e-01	8.522392516030662807e-03	1.701244985725695272e-03	4.194295859463957332e-01	7.146648022962007185e-02	-2.981913540551259928e-02	-1.932646228511052198e-03
4.994505115855140358e-09	1.904201577681071234e+00	8.534035311994433215e+00	3.294797441977090346e-01	8.401007055985376323e-03	1.680459189745587981e-03	4.187129961543748502e-01	7.137241309100736397e-02	-2.962750102977736166e-02	-1.916312754853383453e-03
5.231099308056257792e-09	1.896017235100223353e+00	8.495836072151581320e+00	3.295386754672999796e-01	8.286370301552069273e-03	1.661073883282155640e-03	4.180587695091212974e-01	7.129499711759673675e-02	-2.943710457764757774e-02	-1.900590173163813328e-03
5.478901179593956120e-09	1.887771658848605538e+00	8.458223909295497833e+00	3.295645718957395665e-01	8.178251249233079584e-03	1.643038940556604266e-03	4.174654683981376957e-01	7.123388757272709759e-02	-2.924806655480859802e-02	-1.885467386625769423e-03
5.738441648302404521e-09	1.879473935287422792e+00	8.421212120196889472e+00	3.295580583282282094e-01	8.076426871748998773e-03	1.626306626621300093e-03	4.169316716879706841e-01	7.118874439930869547e-02	-2.906050095972095501e-02	-1.870933365012183210e-03
6.010276782070388176e-09	1.871132948690830133e+00	8.384813581873441279e+00	3.295197654996074310e-01	7.980686508563338000e-03	1.610832243216709769e-03	4.164560003563358426e-01	7.115923462819000178e-02	-2.887451733143759150e-02	-1.856977315115399376e-03
6.294988990221888141e-09	1.862757410670898839e+00	8.349040832429306391e+00	3.294503322142151025e-01	7.890829035717236706e-03	1.596573562283757968e-03	4.160371017627204071e-01	7.114502989558556256e-02	-2.869022110623599062e-02	-1.843588664432960428e-03
6.593188271333541710e-09	1.854355837655372596e+00	8.313905968320696616e+00	3.293504055828302968e-01	7.806659349176625629e-03	1.583489960442877563e-03	4.156736317796690949e-01	7.114580383196020263e-02	-2.850771465563324558e-02	-1.830757203366360775e-03
6.905513520162316861e-09	1.845936540058124020e+00	8.279420681898770340e+00	3.292206377158382602e-01	7.727997567014609215e-03	1.571544516859030641e-03	4.153643070509898672e-01	7.116123920942098169e-02	-2.832709457086818663e-02	-1.818472762345760534e-03
7.232633896483518810e-09	1.837507647659626597e+00	8.245596228782694936e+00	3.290616915712688550e-01	7.654667204935777965e-03	1.560701285749141421e-03	4.151078384279593414e-01	7.119101788079996995e-02	-2.814845481983940106e-02	-1.806725521211023687e-03
7.575250258771920716e-09	1.829077097867977342e+00	8.212443430961968716e+00	3.288742387887320096e-01	7.586501901013256027e-03	1.550926728963164568e-03	4.149029690151386229e-01	7.123482557387117442e-02	-2.797188526947574916e-02	-1.795505837604580070e-03
7.934096665797492339e-09	1.820652633842210433e+00	8.179972630020605706e+00	3.286589612020521800e-01	7.523340345163008307e-03	1.542188602714111584e-03	4.147484467750313653e-01	7.129234804698059147e-02	-2.779747212970305401e-02	-1.784804269415461156e-03
8.309941949353386453e-09	1.812241799024986610e+00	8.148193670087888307e+00	3.284165504790313994e-01	7.465031618994854082e-03	1.534457097111817858e-03	4.146430535730292188e-01	7.136327433075591309e-02	-2.762529777489412808e-02	-1.774611549909775208e-03
8.703591361485183753e-09	1.803851947701240910e+00	8.117115930793413980e+00	3.281477085887677392e-01	7.411429007829793865e-03	1.527703505082578239e-03	4.145855726518720141e-01	7.144729264858425133e-02	-2.745544103614943124e-02	-1.764918598944547690e-03
9.115888299750837812e-09	1.795490257696959135e+00	8.086748311446621429e+00	3.278531506007688057e-01	7.362393335499717480e-03	1.521900764082898157e-03	4.145748043208880573e-01	7.154409073335409042e-02	-2.728797776175101789e-02	-1.755716521811995787e-03
9.547716114208065503e-09	1.787163699607093426e+00	8.057099173612588316e+00	3.275336012141005781e-01	7.317791302483354042e-03	1.517023286738435669e-03	4.146095604784263977e-01	7.165335652420215529e-02	-2.712297989821136485e-02	-1.746996558947184553e-03
1.000000000000000021e-08	1.778879031037163827e+00	8.028176262337785474e+00	3.271897966116398826e-01	7.277493686891621169e-03	1.513046333187528878e-03	4.146886539849710118e-01	7.177477553588135217e-02	-2.696051580809652806e-02	-1.738750083914110097e-03
