# Pressure Mass Radius Compactness k2 k3 h2 h3 j2 j3
9.999999999999999799e-13	9.413888651885567171e-02	1.303157258723988434e+02	1.066700416667922023e-03	1.662385186664248893e-04	6.287705553184766984e-07	9.971659080630500549e-01	3.319491197834379959e-01	-3.433837464434287141e-07	-5.960532315481870060e-08
1.047370897959448749e-12	9.521391149250116315e-02	1.037426097656458239e+02	1.355231454286676780e-03	1.636400432355285186e-04	1.168781523967652484e-06	9.962953712538392681e-01	3.315642978213736991e-01	-4.446244422974234302e-07	-7.405232252794954503e-08
1.096985797892381920e-12	9.654262123521428762e-02	8.569630979489222966e+01	1.663516834631670067e-03	1.660584501271992824e-04	-1.037849288277952023e-05	9.953364980596420830e-01	3.311545366771282417e-01	-5.758277346475163227e-07	-9.064639435885650933e-08
1.148951000187311009e-12	9.808184764756189278e-02	7.273579694492811143e+01	1.991180689405529572e-03	1.734811443838098818e-04	-1.942925002708625936e-04	9.943890610056557167e-01	3.307200775285975003e-01	-7.523388030622566283e-07	-1.099179128443050681e-07
1.203377840777590522e-12	9.980655119358898542e-02	6.303387614389920657e+01	2.338057942817524295e-03	1.869666470988208149e-04	2.429313975684470718e-05	9.933812295741202281e-01	3.302610700535121846e-01	-9.961913288334223737e-07	-1.326403962952734974e-07
1.260382929679727463e-12	1.017015489607174944e-01	5.553558850295252114e+01	2.704122888174371932e-03	2.083841569845251945e-04	4.250609710464882808e-05	9.923354279104295017e-01	3.297775901823948308e-01	-1.337537808815203395e-06	-1.599899741953351980e-07
1.320088400831416649e-12	1.037574681247645653e-01	4.959171494306495021e+01	3.089445039697037015e-03	2.403126578562140691e-04	9.793970385976110977e-05	9.912536870225908681e-01	3.292696695778824512e-01	-1.816067444608546720e-06	-1.937378496519849423e-07
1.382622173764653478e-12	1.059685735149335645e-01	4.478211387565450963e+01	3.494159561291252779e-03	2.859977578231385174e-04	7.857293441132239843e-05	9.901421134902519405e-01	3.287373241456542639e-01	-2.482356532763913625e-06	-2.364627008971250082e-07
1.448118227674535917e-12	1.083314964180778772e-01	4.082361125792498768e+01	3.918443215122184575e-03	3.493103776590293489e-04	5.609347224539221188e-05	9.890105666818204133e-01	3.281805840125201490e-01	-3.399134604165260307e-06	-2.918181872798431319e-07
1.516716888470924089e-12	1.108445417596621713e-01	3.751871247187585823e+01	4.362511864044463054e-03	4.347224247150567600e-04	6.310650291929365506e-05	9.878658256802443915e-01	3.275995034191522270e-01	-4.642433795077776785e-06	-3.648419553428429128e-07
1.588565129428052692e-12	1.135072427503577286e-01	3.472570254867196837e+01	4.826616223565197324e-03	5.472819819092252002e-04	7.420834914325978658e-05	9.867182062904429340e-01	3.269941885349594846e-01	-6.302601518840671959e-06	-4.622903423554435745e-07
1.663816886076127415e-12	1.163200502932268954e-01	3.234041777905277115e+01	5.311035329855247691e-03	6.925186298173951083e-04	8.539811595413253765e-05	9.855792187360884471e-01	3.263647958337944077e-01	-8.485157383166645027e-06	-5.930146035437475156e-07
1.742633386009647278e-12	1.192840770258709049e-01	3.028471658148044554e+01	5.816064254358399924e-03	8.763506140866425629e-04	9.727644964504094944e-05	9.844599947040965082e-01	3.257115513392866979e-01	-1.131142342605807839e-05	-7.683453580481440993e-07
1.825183494319046040e-12	1.224009634814288011e-01	2.849889035397555048e+01	6.342012898461503283e-03	1.105084122597774048e-03	1.130624022414852467e-04	9.833728827643608561e-01	3.250347949987482665e-01	-1.491899237250596462e-05	-1.002504784322558537e-06
1.911644075385703708e-12	1.256728331011979782e-01	2.693655246589120722e+01	6.889213277383415650e-03	1.385222007847378969e-03	1.363873394010619092e-04	9.823305825076739106e-01	3.243349366314518534e-01	-1.946208186921564840e-05	-1.312996243482658638e-06
2.002200371815584363e-12	1.291022164231056535e-01	2.556115891517752559e+01	7.458017411724257063e-03	1.723425966123019260e-03	1.644684995633643066e-04	9.813465748466001504e-01	3.236124847226254930e-01	-2.511168366733649210e-05	-1.721016713476790057e-06
2.097046401323230665e-12	1.326919685165606488e-01	2.434356599519072262e+01	8.048791462901492763e-03	2.126372782446328286e-03	2.016774395870588521e-04	9.804339337811409649e-01	3.228680428779633349e-01	-3.205548567143730890e-05	-2.251829860880386229e-06
2.196385372416542332e-12	1.364451571993424428e-01	2.326028459143118710e+01	8.661903418931868673e-03	2.600667551037390713e-03	2.471468657836363068e-04	9.796059843127470357e-01	3.221023313327662230e-01	-4.049747876283451425e-05	-2.935102879350755952e-06
2.300430119772921506e-12	1.403651096025484157e-01	2.229216443037647366e+01	9.297735050953642028e-03	3.152694385181440719e-03	3.033238303992819799e-04	9.788756375348901528e-01	3.213161492579098000e-01	-5.065765411252197295e-05	-3.805230600152608703e-06
2.409403560239526876e-12	1.444554084596874621e-01	2.142344387006869866e+01	9.956684727287765102e-03	3.788560717425441815e-03	3.722460792665125838e-04	9.782553118708525730e-01	3.205103825475146273e-01	-6.277151630426255327e-05	-4.901610315911061908e-06
2.523539170434765862e-12	1.487198621303990054e-01	2.064104391424488583e+01	1.063916517317410083e-02	4.513981047616319117e-03	4.550411632636900522e-04	9.777567193298025705e-01	3.196859844500944403e-01	-7.708940075683149481e-05	-6.268866260583941367e-06
2.643081486974102692e-12	1.531624166771995699e-01	1.993403866083896858e+01	1.134559166754097771e-02	5.334166434932300672e-03	5.546155971144854082e-04	9.773907083649885363e-01	3.188439783280624384e-01	-9.387539976945011950e-05	-7.956987989711321918e-06
2.768286630392061017e-12	1.577871332196608689e-01	1.929323424044124735e+01	1.207638037125789016e-02	6.253749258162957445e-03	6.720199622718903620e-04	9.771670758442515536e-01	3.179854484957445049e-01	-1.134062495290720247e-04	-1.002140716596683722e-05
2.899422853882880921e-12	1.625982710662870478e-01	1.871083077119806504e+01	1.283196267090028556e-02	7.276699759975587857e-03	8.093889270770576695e-04	9.770943603841181213e-01	3.171114915765681497e-01	-1.359705876461762819e-04	-1.252305643920180270e-05
3.036771118035460378e-12	1.676002759836241474e-01	1.818017235702782841e+01	1.361278446406405558e-02	8.406275112101357222e-03	9.686768157118995229e-04	9.771797501128900443e-01	3.162232103622534263e-01	-1.618678618851059016e-04	-1.552833498023901691e-05
3.180625692794118977e-12	1.727977499208148138e-01	1.769555015188905145e+01	1.441930236117409600e-02	9.645030182886015976e-03	1.151852769118183071e-03	9.774291220606026176e-01	3.153217138106074180e-01	-1.914070578482790020e-04	-1.910898982894200003e-05
3.331294787934670055e-12	1.781953409171002367e-01	1.725204980909142449e+01	1.525196768705556864e-02	1.099461296451546138e-02	1.360716077274239403e-03	9.778466343447053122e-01	3.144080742440858445e-01	-2.249047946944043852e-04	-2.334184968808928289e-05
3.489101213406766494e-12	1.837978026688530664e-01	1.684541348810007122e+01	1.611123655965211732e-02	1.245588912399836490e-02	1.596955104164720632e-03	9.784349734897255235e-01	3.134833330341625368e-01	-2.626842202109556522e-04	-2.830857681664837415e-05
3.654383070957261569e-12	1.896100447971041658e-01	1.647193151721419824e+01	1.699757819833469866e-02	1.402888295075754681e-02	1.862106733618833741e-03	9.791951745416316299e-01	3.125484620392380286e-01	-3.050740138307348566e-04	-3.409537513819134891e-05
3.827494478516314936e-12	1.956371175352000225e-01	1.612835904607904070e+01	1.791147319253619252e-02	1.571274280193501321e-02	2.157495972817582292e-03	9.801265633688337475e-01	3.116043271702546025e-01	-3.524070446539886254e-04	-4.079259313860180423e-05
4.008806328898464320e-12	2.018841559257452678e-01	1.581184896239842885e+01	1.885340574966262034e-02	1.750581057208651717e-02	2.484467303064336399e-03	9.812269121646647330e-01	3.106517107064691863e-01	-4.050186506989786306e-04	-4.849420662795512305e-05
4.198707084443905621e-12	2.083562838459898647e-01	1.551989699601739758e+01	1.982385002342991129e-02	1.940555069543783637e-02	2.843969648854789353e-03	9.824923031848574739e-01	3.096912844846619328e-01	-4.632443876472263559e-04	-5.729714928287640179e-05
4.397603609302712498e-12	2.150587225746126430e-01	1.525028678480822819e+01	2.082328705737425747e-02	2.140863202283508140e-02	3.236723767603176278e-03	9.839172476413915458e-01	3.087235839281545213e-01	-5.274194937418667274e-04	-6.730083189000269413e-05
4.605922041145112927e-12	2.219968063274338765e-01	1.500104948001944472e+01	2.185220762130691760e-02	2.351094247504818477e-02	3.663258445455350957e-03	9.854946859554638561e-01	3.077489935740960192e-01	-5.978778298459904491e-04	-7.860654851962846693e-05
4.824108704165373984e-12	2.291759622070955182e-01	1.477043117965354924e+01	2.291110971307877553e-02	2.570771740433815122e-02	4.123801856141652220e-03	9.872162533042500021e-01	3.067677455271576314e-01	-6.749505396345817105e-04	-9.131679683255325983e-05
5.052631065335679604e-12	2.366016209250454139e-01	1.455686682398357057e+01	2.400048631696399121e-02	2.799344589158021812e-02	4.618330254262651216e-03	9.890721006881258992e-01	3.057799083138164065e-01	-7.589639336748022717e-04	-1.055344202866496630e-04
5.291978735958436557e-12	2.442791734071897980e-01	1.435895623819255995e+01	2.512081960893788879e-02	3.036196722865022735e-02	5.146463338897276987e-03	9.910510842481826677e-01	3.047853897811499957e-01	-8.502376781992317979e-04	-1.213617511119033523e-04
5.542664520663095602e-12	2.522140751950022741e-01	1.417544000582491748e+01	2.627259712001189448e-02	3.280658366458007874e-02	5.707627729125330264e-03	9.931409535854581749e-01	3.037839292409615921e-01	-9.490848255129239646e-04	-1.389000388639170368e-04
5.805225516094907684e-12	2.604118373930400243e-01	1.400518255440387350e+01	2.745631082545805027e-02	3.532008675570749712e-02	6.300911941214708788e-03	9.953283791714412354e-01	3.027750804219638270e-01	-1.055810772978963731e-03	-1.582486940078933833e-04
6.080224261649427052e-12	2.688780009397532811e-01	1.384715749554030673e+01	2.867245460130665030e-02	3.789484814695841947e-02	6.925105192394968856e-03	9.975991406152533436e-01	3.017582343341703166e-01	-1.170712110519905045e-03	-1.795044956545846309e-04
6.368249944718585906e-12	2.776180218655905918e-01	1.370043683934862244e+01	2.992150786075265315e-02	4.052280844067321364e-02	7.578781431624693164e-03	9.999381270765838048e-01	3.007326115118602039e-01	-1.294074098712276726e-03	-2.027605304275088176e-04
6.669919663030115058e-12	2.866372889963619830e-01	1.356417830537718849e+01	3.120393988755852666e-02	4.319558640522883769e-02	8.260193070063636192e-03	1.002329533148867302e+00	2.996972819046333503e-01	-1.426170001577682037e-03	-2.281054599287584480e-04
6.985879746785234820e-12	2.959411941025660853e-01	1.343761460160913579e+01	3.252022005911208574e-02	4.590455977688728817e-02	8.967353851080538465e-03	1.004756987997777573e+00	2.986511546551860463e-01	-1.567261234504405175e-03	-2.556229565633370035e-04
7.316807143427207274e-12	3.055351141369455070e-01	1.332004518768483159e+01	3.387081652627339096e-02	4.864093409563337994e-02	9.698099272016881198e-03	1.007203691235650345e+00	2.975929949418201215e-01	-1.717596594672344407e-03	-2.853909973822060168e-04
7.663410868007462274e-12	3.154243706399604830e-01	1.321082951399660566e+01	3.525619115524029207e-02	5.139578827985831488e-02	1.044998590801720327e-02	1.009652501572975147e+00	2.965214305600458178e-01	-1.877411058557433695e-03	-3.174810834293037673e-04
8.026433522257174683e-12	3.256141119741562395e-01	1.310938149358051596e+01	3.667678435656975683e-02	5.416008480638694750e-02	1.122041479169420299e-02	1.012085982917355631e+00	2.954349751927630163e-01	-2.046923330011855488e-03	-3.519572232113317065e-04
8.406652885618316356e-12	3.361093753445694166e-01	1.301516273596283213e+01	3.813302507816376807e-02	5.692479929406542294e-02	1.200660756177665892e-02	1.014486639738826135e+00	2.943320413036922822e-01	-2.226336275287328723e-03	-3.888755115755473924e-04
8.804883581643446547e-12	3.469151140791368881e-01	1.292767757019228014e+01	3.962533477864944170e-02	5.968096652032316846e-02	1.280563787097526406e-02	1.016836990599289114e+00	2.932109444190435510e-01	-2.415836887283246640e-03	-4.282836713887461450e-04
9.221978823334340144e-12	3.580361802348110967e-01	1.284646836846242479e+01	4.115412745826824842e-02	6.241970247933764648e-02	1.361446716886802709e-02	1.019119603219681203e+00	2.920699163882857219e-01	-2.615595975980870413e-03	-4.702205772477821067e-04
9.658832241158709141e-12	3.694772585069063253e-01	1.277111259614391159e+01	4.271980028545933894e-02	6.513229342349968753e-02	1.442996409725659512e-02	1.021317297727482254e+00	2.909071353852296649e-01	-2.825766503750030793e-03	-5.147155387976101596e-04
1.011637979766206976e-11	3.812427789853210514e-01	1.270121936348808589e+01	4.432272412738468004e-02	6.781015426680783720e-02	1.524891820912810045e-02	1.023413064186354582e+00	2.897207324130686157e-01	-3.046481915133054594e-03	-5.617876111585278723e-04
1.059560179277614774e-11	3.933369855274928550e-01	1.263642596215103531e+01	4.596325354549739284e-02	7.044502200741745157e-02	1.606808652599363979e-02	1.025390450291834510e+00	2.885088260623452916e-01	-3.277857086898370350e-03	-6.114455149724949429e-04
1.109752496412069864e-11	4.057639374585085834e-01	1.257639499529658345e+01	4.764172875371213561e-02	7.302880949898034324e-02	1.688419140605140062e-02	1.027233226332986860e+00	2.872695003942246639e-01	-3.519988410573416781e-03	-6.636874281731986553e-04
1.162322468679854125e-11	4.185274760955670081e-01	1.252081227264657848e+01	4.935847184924836012e-02	7.555382231506509172e-02	1.769398076624464564e-02	1.028925862241714118e+00	2.860008573020500489e-01	-3.772953079990176706e-03	-7.185006653282733323e-04
1.217382727739662020e-11	4.316311583238992000e-01	1.246938477053234529e+01	5.111377966059647837e-02	7.801267655150016800e-02	1.849423211094892647e-02	1.030453356222614136e+00	2.847010179816201192e-01	-4.036807896650408331e-03	-7.758613003892857966e-04
1.275051240713012859e-11	4.450782005453660095e-01	1.242183876121122488e+01	5.290791788912969223e-02	8.039833419231494360e-02	1.928176179055468564e-02	1.031801317761394499e+00	2.833681426809139814e-01	-4.311588191812859745e-03	-8.357338653222938160e-04
1.335451562929897339e-11	4.588715317323828757e-01	1.237791796203485362e+01	5.474112898465075677e-02	8.270416371691959034e-02	2.005347202869102799e-02	1.032956079588637888e+00	2.820004431766432451e-01	-4.597308926445922185e-03	-8.980715880646219151e-04
1.398713102647241439e-11	4.730137736845547725e-01	1.233738190632954712e+01	5.661363147507511573e-02	8.492395632353266777e-02	2.080636100961483215e-02	1.033904731891486017e+00	2.805961978262839773e-01	-4.893964588665350619e-03	-9.628164205594720321e-04
1.464971398307287854e-11	4.875072075578105180e-01	1.230000463402000577e+01	5.852561699889276964e-02	8.705193111651197968e-02	2.153754253449148212e-02	1.034635138684685485e+00	2.791537614726603000e-01	-5.201528769471087943e-03	-1.029899055843060563e-03
1.534368408930013065e-11	5.023537016698529367e-01	1.226557364793830551e+01	6.047724198368700788e-02	8.908275228867684747e-02	2.224425856834969656e-02	1.035135993067858973e+00	2.776715829639951894e-01	-5.519952828817865746e-03	-1.099238804189505347e-03
1.607052818261638620e-11	5.175546949711199440e-01	1.223388867407226854e+01	6.246862740067794795e-02	9.101150484584610845e-02	2.292389785356310425e-02	1.035396761205203076e+00	2.761482189249820363e-01	-5.849165957268595908e-03	-1.170743830924056905e-03
1.683180353330955093e-11	5.331112169059882833e-01	1.220476065296470480e+01	6.449986245392606843e-02	9.283379707425731819e-02	2.357401659428333060e-02	1.035407908914050656e+00	2.745823428331798377e-01	-6.189075845087899444e-03	-1.244311578075535472e-03
1.762914118095944293e-11	5.490238581993384104e-01	1.217801083388712513e+01	6.657100238984151042e-02	9.454569590160111225e-02	2.419234836137765590e-02	1.035160762983791116e+00	2.729727537132125015e-01	-6.539568510967606711e-03	-1.319829059901586523e-03
1.846424942895546448e-11	5.652927396170375207e-01	1.215346993594520875e+01	6.868206617106274725e-02	9.614370601769915703e-02	2.477680117876307139e-02	1.034647470973818262e+00	2.713183764135607134e-01	-6.900508182709599696e-03	-1.397173220449417219e-03
1.933891750455232057e-11	5.819174528978896532e-01	1.213097748883602378e+01	7.083303018314572597e-02	9.762484727302514487e-02	2.532548407221568015e-02	1.033861196801357796e+00	2.696182869144068128e-01	-7.271736365265280694e-03	-1.476211163254547961e-03
2.025501939230666486e-11	5.988970575672371011e-01	1.211038116018244004e+01	7.302382911884855443e-02	9.898658302268895093e-02	2.583670521153312929e-02	1.032795959762585092e+00	2.678717105202720328e-01	-7.653072265975841525e-03	-1.556800732905984494e-03
2.121451784910627571e-11	6.162300800314857163e-01	1.209153614222917916e+01	7.525435718526737872e-02	1.002268783948330189e-01	2.630898135732238213e-02	1.031446775035743224e+00	2.660780270249249457e-01	-8.044313349182034834e-03	-1.638791157525125875e-03
2.221946860939528424e-11	6.339144829416120119e-01	1.207430455807667968e+01	7.752446592651285329e-02	1.013441251789933273e-01	2.674103219111670718e-02	1.029809491407032151e+00	2.642367691867269497e-01	-8.445235307093870020e-03	-1.722023606951391533e-03
2.327202478960412005e-11	6.519476312097375326e-01	1.205855501849483247e+01	7.983396099210715580e-02	1.023372108055076307e-01	2.713179897733266829e-02	1.027880968938411188e+00	2.623476422787944795e-01	-8.855591840291235362e-03	-1.806331760274833102e-03
2.437444150122221807e-11	6.703262658445862110e-01	1.204416224858433537e+01	8.218259958929519104e-02	1.032054296496883322e-01	2.748042663163718924e-02	1.025658885611627769e+00	2.604105110347723073e-01	-9.275114662077003566e-03	-1.891542454498803790e-03
2.552908068239516723e-11	6.890464968009376578e-01	1.203100646874590396e+01	8.457009214420298238e-02	1.039485454381183366e-01	2.778627798164711935e-02	1.023141893592644847e+00	2.584254125038293326e-01	-9.703514204733773227e-03	-1.977476495784255810e-03
2.673841615839943880e-11	7.081037870468406270e-01	1.201897330077050974e+01	8.699609957215519163e-02	1.045667106629774301e-01	2.804891529486241292e-02	1.020329445320539374e+00	2.563925433614472893e-01	-1.014047967843880078e-02	-2.063949389885199031e-03
2.800503894183625342e-11	7.274929270901543399e-01	1.200795324171578038e+01	8.946023244028331045e-02	1.050605539315780101e-01	2.826813046267803720e-02	1.017222019003764411e+00	2.543122895040422771e-01	-1.058567944780735778e-02	-2.150772137599239742e-03
2.933166278390048099e-11	7.472080181670196497e-01	1.199784146858954870e+01	9.196204905661499451e-02	1.054309634966529713e-01	2.844387176390445957e-02	1.013820613338264343e+00	2.521851651030988517e-01	-1.103876129355634873e-02	-2.237752048643914388e-03
3.072112998861759207e-11	7.672424638293215970e-01	1.198853752950520679e+01	9.450105548537118816e-02	1.056793406480285025e-01	2.857632227037742653e-02	1.010127376244974728e+00	2.500118842618234694e-01	-1.149935288789508299e-02	-2.324693579195665025e-03
3.217641750250735458e-11	7.875889587861587549e-01	1.197994507702015810e+01	9.707670503932801231e-02	1.058075146287756202e-01	2.866586817080535657e-02	1.006145422344876250e+00	2.477933369936987096e-01	-1.196706254061167922e-02	-2.411399268127599818e-03
3.370064329271925032e-11	8.082394659561026318e-01	1.197197168775580423e+01	9.968839571076629213e-02	1.058171114457460288e-01	2.871293141423882783e-02	1.001877290459496139e+00	2.455304407026242253e-01	-1.244147925075972383e-02	-2.497670512895833455e-03
3.529707302730657668e-11	8.291852136421032915e-01	1.196452873308349751e+01	1.023354696474155917e-01	1.057109199326944637e-01	2.871832530249545171e-02	9.973283389665460463e-01	2.432244692433128963e-01	-1.292217363454458735e-02	-2.583308559135401913e-03
3.696912707195032437e-11	8.504166854242115603e-01	1.195753101704231902e+01	1.050172137161365649e-01	1.054914513116837899e-01	2.868287241130672641e-02	9.925032014861132623e-01	2.408767058557035601e-01	-1.340869830833177345e-02	-2.668115293033287289e-03
3.872038781812557004e-11	8.719236440226199036e-01	1.195089675548157970e+01	1.077328614528044182e-01	1.051616787641090484e-01	2.860758693679289755e-02	9.874076318639996019e-01	2.384886116826758773e-01	-1.390058953770472068e-02	-2.751894357246202193e-03
4.055460735840827506e-11	8.936950961688047146e-01	1.194454744083392761e+01	1.104815885904474049e-01	1.047247516840576903e-01	2.849360577074334239e-02	9.820478160900731890e-01	2.360617692579201621e-01	-1.439736695153667236e-02	-2.834451826421299434e-03
4.247571552536894126e-11	9.157192962838133221e-01	1.193840765648892877e+01	1.132625138135198301e-01	1.041841637369551599e-01	2.834221720509926684e-02	9.764308154305484377e-01	2.335979126265384231e-01	-1.489853477993751535e-02	-2.915597174545218797e-03
4.448782831127576069e-11	9.379837393868614148e-01	1.193240493990975004e+01	1.160746977448087330e-01	1.035435456676421229e-01	2.815480285790890325e-02	9.705640606171078710e-01	2.310988763262434020e-01	-1.540358229140535197e-02	-2.995144032026436122e-03
4.659525668664686662e-11	9.604752145203820923e-01	1.192646973419999590e+01	1.189171485130957884e-01	1.028067789734140036e-01	2.793286353619751222e-02	9.644556525543717118e-01	2.285666193364340459e-01	-1.591198610691434839e-02	-3.072911292766545600e-03
4.880251583654433574e-11	9.831797882921408105e-01	1.192053533939374610e+01	1.217888185324173256e-01	1.019778657929620996e-01	2.767797807144427302e-02	9.581140506845453597e-01	2.260031912738497684e-01	-1.642321019873396390e-02	-3.148723717005567305e-03
5.111433483440165318e-11	1.006082805754809906e+00	1.191453771134148631e+01	1.246886048639305744e-01	1.010610081472338995e-01	2.739181420594890767e-02	9.515482967517685520e-01	2.234107464499767437e-01	-1.693670735704462527e-02	-3.222412803652956268e-03
5.353566677410718816e-11	1.029168893173572741e+00	1.190841543765116128e+01	1.276153479893988030e-01	1.000604930221495464e-01	2.707609826071716991e-02	9.447677343280390660e-01	2.207915181227487478e-01	-1.745191972042312023e-02	-3.293817413289869874e-03
5.607169938205469661e-11	1.052421989416971737e+00	1.190210976898050887e+01	1.305678333430083937e-01	9.898079225231469491e-02	2.673262879383859689e-02	9.377822892699403390e-01	2.181478347161729947e-01	-1.796828017771143551e-02	-3.362784529057670242e-03
5.872786613189488850e-11	1.075825413562186972e+00	1.189556437590191429e+01	1.335448001593031175e-01	9.782633427876463728e-02	2.636320898187414705e-02	9.306018664094055648e-01	2.154820468683680545e-01	-1.848521512602405506e-02	-3.429170102491804588e-03
6.150985788580503926e-11	1.099361846278526844e+00	1.188872549630850095e+01	1.365449353062289095e-01	9.660173127373797297e-02	2.596971504566748454e-02	9.232369821966234236e-01	2.127966061384308771e-01	-1.900214428867140481e-02	-3.492839431649671922e-03
6.442363508721370414e-11	1.123013337265053702e+00	1.188154170590646252e+01	1.395668743285144453e-01	9.531162672083920429e-02	2.555402709847682044e-02	9.156983739393022015e-01	2.100939958842648059e-01	-1.951848206087031939e-02	-3.553667705420602944e-03
6.747544053110686101e-11	1.146761344514753755e+00	1.187396403774364018e+01	1.426092024009830150e-01	9.396070603451746328e-02	2.511804795164662707e-02	9.079970429422525857e-01	2.073767531157840460e-01	-2.003363900584068796e-02	-3.611540551756378323e-03
7.067181273927477085e-11	1.170586789947836159e+00	1.186594588719231425e+01	1.456704595671463875e-01	9.255363024095089597e-02	2.466366473180214847e-02	9.001440799603367404e-01	2.046474262376678788e-01	-2.054702355775892345e-02	-3.666354433552032957e-03
7.401959996915652408e-11	1.194470131757709552e+00	1.185744289464662415e+01	1.487491483049062646e-01	9.109491658593817098e-02	2.419272012340897490e-02	8.921503309610064880e-01	2.019085394798040556e-01	-2.105804482350224008e-02	-3.718017189446423502e-03
7.752597488629464062e-11	1.218391332841673780e+00	1.184841312283138848e+01	1.518437243891695432e-01	8.958935200469475557e-02	2.370711654394455983e-02	8.840275810964561831e-01	1.991627171296078136e-01	-2.156611159728008889e-02	-3.766447996136910829e-03
8.119844993184008328e-11	1.242329916401393675e+00	1.183881674605822631e+01	1.549526045076953518e-01	8.804149002551940606e-02	2.320867754817441606e-02	8.757871523840883299e-01	1.964125276725493252e-01	-2.207063547182690905e-02	-3.811577813965246354e-03
8.504489341802668113e-11	1.266265003856893223e+00	1.182861633447977390e+01	1.580741640613012589e-01	8.645582337793153438e-02	2.269918909133560037e-02	8.674403941225543591e-01	1.936605314465107142e-01	-2.257103111511569310e-02	-3.853349399195044479e-03
8.907354638610458163e-11	1.290175417046650397e+00	1.181777661626380826e+01	1.612067494825925040e-01	8.483686884169835962e-02	2.218041895852322989e-02	8.589989252013265908e-01	1.909092963346757377e-01	-2.306671948403532166e-02	-3.891717514206842737e-03
9.329304026284695888e-11	1.314039714352335464e+00	1.180626454371048517e+01	1.643486783402069717e-01	8.318894773866275516e-02	2.165405706407242531e-02	8.504740112436474098e-01	1.881613304685163801e-01	-2.355712901421564906e-02	-3.926648910061144096e-03
9.771241535346501225e-11	1.337836194155838765e+00	1.179404921503162562e+01	1.674982371471671339e-01	8.151636629965733349e-02	2.112175887161088159e-02	8.418770962345109021e-01	1.854191349190630056e-01	-2.404169633834906186e-02	-3.958122207052572686e-03
1.023411402105452712e-10	1.361542945769587565e+00	1.178110195909767199e+01	1.706536827269823642e-01	7.982329127135165403e-02	2.058511059759567802e-02	8.332194465936261230e-01	1.826851628462528854e-01	-2.451986729540212365e-02	-3.986127697768868626e-03
1.071891319205126445e-10	1.385137934842543217e+00	1.176739624076791202e+01	1.738132502927688117e-01	7.811375126354386245e-02	2.004563021661966843e-02	8.245121477212558059e-01	1.799618152163128815e-01	-2.499109963350628141e-02	-4.010667302560973549e-03
1.122667773510811312e-10	1.408599101134246245e+00	1.175290765619018885e+01	1.769751618112459790e-01	7.639166114652434780e-02	1.950476764758760778e-02	8.157661709968229147e-01	1.772514357329161294e-01	-2.545486471788801705e-02	-4.031754235383329388e-03
1.175849554052158201e-10	1.431904371892960048e+00	1.173761387212234553e+01	1.801376245723879665e-01	7.466080908251650217e-02	1.896390470457117589e-02	8.069923411180941475e-01	1.745563119796730012e-01	-2.591064876249462440e-02	-4.049412738808279809e-03
1.231550603292826197e-10	1.455031682020930583e+00	1.172149472304218598e+01	1.832988281423069132e-01	7.292479575757662702e-02	1.842433801911357374e-02	7.982011544022257210e-01	1.718786555077342348e-01	-2.635795268549493212e-02	-4.063677567698306681e-03
1.289890261253308184e-10	1.477959052615698488e+00	1.170453206529958301e+01	1.864569522853756212e-01	7.118710867993183200e-02	1.788729551093552403e-02	7.894029967407616422e-01	1.692206167282469254e-01	-2.679629463375041154e-02	-4.074593681000731986e-03
1.350993521198024986e-10	1.500664686781736590e+00	1.168670983811482600e+01	1.896101739464696734e-01	6.945104083318608124e-02	1.735391896914906598e-02	7.806078838757133376e-01	1.665842575294739503e-01	-2.722521145963745573e-02	-4.082215742533130617e-03
1.414991297434578731e-10	1.523127048399703920e+00	1.166801397854083433e+01	1.927566744012042532e-01	6.771976698804563211e-02	1.682527954324853151e-02	7.718256895550186236e-01	1.639715660245804341e-01	-2.764426032994926619e-02	-4.086607571035775870e-03
1.482020705798860072e-10	1.545324853054685033e+00	1.164843241766595483e+01	1.958946340772290962e-01	6.599625592246169403e-02	1.630236067597183938e-02	7.630658716906132399e-01	1.613844361973899300e-01	-2.805301881521604299e-02	-4.087841590318816443e-03
1.552225357427047968e-10	1.567237123303676372e+00	1.162795508948120826e+01	1.990222352619344937e-01	6.428328770978448958e-02	1.578606184606194673e-02	7.543375145927736503e-01	1.588246690908611258e-01	-2.845108576535960651e-02	-4.085998232979760024e-03
1.625755666443793407e-10	1.588843259117253215e+00	1.160657386656473022e+01	2.021376680171660944e-01	6.258353842962141589e-02	1.527721948163655169e-02	7.456495911208106397e-01	1.562939962749271827e-01	-2.883808269760933241e-02	-4.081165332807633328e-03
1.702769172225897821e-10	1.610123152484973064e+00	1.158428254814666225e+01	2.052391409675645706e-01	6.089945909159198006e-02	1.477657933714452039e-02	7.370105541157386808e-01	1.537940341505873998e-01	-2.921365522593024483e-02	-4.073437414935801061e-03
1.783430876931905687e-10	1.631057215953798378e+00	1.156107673006219372e+01	2.083248833907979380e-01	5.923333260882947260e-02	1.428481180663043054e-02	7.284285081610364365e-01	1.513263016441060982e-01	-2.957747437862547416e-02	-4.062915157180568317e-03
1.867913599020784805e-10	1.651626368815602319e+00	1.153695391739584331e+01	2.113931377148447199e-01	5.758729879629981979e-02	1.380252043984057757e-02	7.199112923168397016e-01	1.488922348925810490e-01	-2.992923500814117371e-02	-4.049704569413782075e-03
1.956398343517064725e-10	1.671812109116178391e+00	1.151191342373864224e+01	2.144421667722194169e-01	5.596329821810257232e-02	1.333022942921943330e-02	7.114662754896187158e-01	1.464931630198567092e-01	-3.026865757043112337e-02	-4.033916445692732090e-03
2.049074689815846066e-10	1.691596590037422132e+00	1.148595633715471109e+01	2.174702606657017701e-01	5.436312087346432259e-02	1.286839785090967969e-02	7.031005008966016989e-01	1.441303225277317246e-01	-3.059548884857193896e-02	-4.015665634281491772e-03
2.146141197858401440e-10	1.710962711720528828e+00	1.145908542897820226e+01	2.204757469445511597e-01	5.278838790013565263e-02	1.241741649700390561e-02	6.948206035128782210e-01	1.418048450541983807e-01	-3.090950289488219455e-02	-3.995070291791470198e-03
2.247805833548729991e-10	1.729894093610441219e+00	1.143130508462995820e+01	2.234569852951962254e-01	5.124056033954704076e-02	1.197761219815978405e-02	6.866328324142332296e-01	1.395177645540137401e-01	-3.121050092226556466e-02	-3.972251346585665976e-03
2.354286414322420067e-10	1.748375077012960910e+00	1.140262143029948128e+01	2.264123623882176028e-01	4.972094183982498500e-02	1.154925232290148450e-02	6.785430516203102558e-01	1.372700246131219604e-01	-3.149830934964223395e-02	-3.947331681586921555e-03
2.465811075822603842e-10	1.766390808274180158e+00	1.137304215741882452e+01	2.293403031159111927e-01	4.823068461250613198e-02	1.113254603043084545e-02	6.705567365571789562e-01	1.350624719805330332e-01	-3.177278263506116973e-02	-3.920435804998779333e-03
2.582618760682674929e-10	1.783927302436120188e+00	1.134257646717707502e+01	2.322392773920404496e-01	4.677080833258290271e-02	1.072765153321631609e-02	6.626790217306510744e-01	1.328958622344305618e-01	-3.203380207622043979e-02	-3.891688888510206300e-03
2.704959730463131364e-10	1.800971478669697312e+00	1.131123497046891124e+01	2.351078045166291042e-01	4.534217137656752772e-02	1.033467215615307966e-02	6.549145799743250063e-01	1.307708492207999285e-01	-3.228127670146220540e-02	-3.861216341227860852e-03
2.833096101839318258e-10	1.817511106317080127e+00	1.127902974065875341e+01	2.379444429776230163e-01	4.394550941519683590e-02	9.953666962669834375e-03	6.472677552540136992e-01	1.286880052453312495e-01	-3.251514124120450516e-02	-3.829143249841788447e-03
2.967302408188872501e-10	1.833534840181515690e+00	1.124597426518303322e+01	2.407477940219641677e-01	4.258144472667842878e-02	9.584655087118724645e-03	6.397425810129394597e-01	1.266478245063393515e-01	-3.273535631432568371e-02	-3.795593921592039545e-03
3.107866187782014063e-10	1.849032268090715414e+00	1.121208337403993305e+01	2.435165076216197211e-01	4.125040951289684482e-02	9.227599355240983722e-03	6.323424751971508107e-01	1.246506904179603831e-01	-3.294190847082485024e-02	-3.760691360674324208e-03
3.255088599835056406e-10	1.863993977049259509e+00	1.117737303543282223e+01	2.462492941850425998e-01	3.995282524853685513e-02	8.882450290569087956e-03	6.250708816124113110e-01	1.226969418964909825e-01	-3.313481001670540854e-02	-3.724556615546108836e-03
3.409285069746807543e-10	1.878411505373400736e+00	1.114186039794652139e+01	2.489449163244228935e-01	3.868893238888165137e-02	8.549108626328620619e-03	6.179306310518564160e-01	1.207868130070769985e-01	-3.331409830535304872e-02	-3.687308612219021824e-03
3.570785964900469852e-10	1.892277306085270450e+00	1.110556382309906809e+01	2.516021822756095427e-01	3.745888432168846538e-02	8.227448513323758553e-03	6.109242817640235801e-01	1.189204736454417960e-01	-3.347983332545741847e-02	-3.649063655400273248e-03
3.739937302478801677e-10	1.905584782693385604e+00	1.106850278633949358e+01	2.542199519730129476e-01	3.626272362845676944e-02	7.917311777525179450e-03	6.040540102589485594e-01	1.170980148830220585e-01	-3.363209846119310370e-02	-3.609935230830679971e-03
3.917101490809260641e-10	1.918328332012222859e+00	1.103069772651257807e+01	2.567971456822240039e-01	3.510044756479250433e-02	7.618528859330855017e-03	5.973218444843521047e-01	1.153194808647757391e-01	-3.377099985924000847e-02	-3.570033530348235614e-03
4.102658105827190344e-10	1.930503351921622590e+00	1.099216994130466674e+01	2.593327473824340035e-01	3.397193318569811937e-02	7.330898466612344871e-03	5.907293589504168940e-01	1.135848298589639260e-01	-3.389666551504048886e-02	-3.529465129542472528e-03
4.297004704320835313e-10	1.942106151699891869e+00	1.095294165187099722e+01	2.618257913405687698e-01	3.287698934651004518e-02	7.054202835273590613e-03	5.842778743626579896e-01	1.118939668015168781e-01	-3.400924313735684268e-02	-3.488332885535431246e-03
4.500557675700488183e-10	1.953133959248567031e+00	1.091303598848064205e+01	2.642753634782478156e-01	3.181536145078083661e-02	6.788210155072246961e-03	5.779684644905641600e-01	1.102467462884341304e-01	-3.410889974054037016e-02	-3.446735828076389827e-03
4.713753134116729086e-10	1.963584934270156346e+00	1.087247690083410490e+01	2.666806055865222902e-01	3.078671968903100298e-02	6.532672214193781420e-03	5.718018939779836440e-01	1.086429652588480760e-01	-3.419582122362042897e-02	-3.404768998226778438e-03
4.937047852839003559e-10	1.973458195631605072e+00	1.083128886993817375e+01	2.690407267589255413e-01	2.979068068725718513e-02	6.287330382703159790e-03	5.657786844307117757e-01	1.070823682207187461e-01	-3.427021098510533992e-02	-3.362522977239210294e-03
5.170920242896755486e-10	1.982753754214589881e+00	1.078949702869626925e+01	2.713549923857008772e-01	2.882681885124397173e-02	6.051918999503266491e-03	5.598991607159989892e-01	1.055646585316704633e-01	-3.433228841347220339e-02	-3.320084012649362516e-03
5.415871378079465267e-10	1.991472468295470533e+00	1.074712715661338436e+01	2.736227191629435618e-01	2.789464714939060216e-02	5.826162233205835032e-03	5.541633664386803604e-01	1.040894940249584844e-01	-3.438228822761905251e-02	-3.277534132114757852e-03
5.672426068491988835e-10	1.999616029970695097e+00	1.070420565996408868e+01	2.758432747686113684e-01	2.699364098189853400e-02	5.609779546804630722e-03	5.485711525851921788e-01	1.026564972926346936e-01	-3.442045887720635716e-02	-3.234951008194861689e-03
5.941133984965039838e-10	2.007186982659413754e+00	1.066075939915742232e+01	2.780160859604729473e-01	2.612324663378565170e-02	5.402488316920309869e-03	5.431221986696129767e-01	1.012652571110187472e-01	-3.444706210465633966e-02	-3.192407872851601297e-03
6.222570836730231313e-10	2.014188695191841738e+00	1.061681545625492262e+01	2.801406427353831385e-01	2.528287168920284947e-02	5.204002031988405087e-03	5.378159614962770840e-01	9.991532287718773997e-02	-3.446237149772111291e-02	-3.149973375635350004e-03
6.517339604882420571e-10	2.020625271725233318e+00	1.057240138604700697e+01	2.822164810990645534e-01	2.447189395781921781e-02	5.014032974238515246e-03	5.326517189531727592e-01	9.860621755667213495e-02	-3.446667079142244627e-02	-3.107711916566576957e-03
6.826071834272379248e-10	2.026501535842963442e+00	1.052754515293664639e+01	2.842431840784848673e-01	2.368967631820869529e-02	4.832295588553410341e-03	5.276286263726424064e-01	9.733744417850201391e-02	-3.446025342159150101e-02	-3.065683737871020397e-03
7.149428986597561750e-10	2.031823010262277407e+00	1.048227502577523929e+01	2.862203834486803933e-01	2.293556038348004700e-02	4.658505497286575918e-03	5.227456824284066883e-01	9.610848312181673181e-02	-3.444342134026023156e-02	-3.023944929484838253e-03
7.488103857590030225e-10	2.036595912054486313e+00	1.043661933525324770e+01	2.881477676909963148e-01	2.220886653163818905e-02	4.492379409653627330e-03	5.180017168466393152e-01	9.491878851674083462e-02	-3.441648281025528472e-02	-2.982547157453288578e-03
7.842822061337681836e-10	2.040827111569591512e+00	1.039060649777573886e+01	2.900250778992364831e-01	2.150891382684010783e-02	4.333639816882505456e-03	5.133954764303237939e-01	9.376780040833922192e-02	-3.437975385994290062e-02	-2.941538251964625431e-03
8.214343584919422200e-10	2.044524048507744940e+00	1.034426517248408395e+01	2.918520937283790029e-01	2.083500592051617736e-02	4.182011797687601104e-03	5.089255703125566965e-01	9.265494415912671478e-02	-3.433355461853813961e-02	-2.900962138088202316e-03
8.603464416684491388e-10	2.047694730611134162e+00	1.029762422026523971e+01	2.936286363388740384e-01	2.018643443866726533e-02	4.037224477060101339e-03	5.045904778209334696e-01	9.157963245886775738e-02	-3.427820985344044030e-02	-2.860859132509802494e-03
9.011018251665036851e-10	2.050347712004243483e+00	1.025071247588741485e+01	2.953545739636060374e-01	1.956250963864921560e-02	3.899016420093372355e-03	5.003886791977365522e-01	9.054127543853787707e-02	-3.421404720061964333e-02	-2.821265793638237044e-03
9.437878277775391497e-10	2.052492079326120322e+00	1.020355857649855302e+01	2.970298273827838287e-01	1.896251429780170319e-02	3.767126651731361568e-03	4.963184405263965648e-01	8.953925862098598143e-02	-3.414139802212245306e-02	-2.782215259491576005e-03
9.884959046625586031e-10	2.054137329006361590e+00	1.015619123117678413e+01	2.986543469432240694e-01	1.838576755603563151e-02	3.641308014100015644e-03	4.923781199506698791e-01	8.857298332541112262e-02	-3.406059245741307334e-02	-2.743737134985295943e-03
1.035321843295661502e-09	2.055293397296586111e+00	1.010863917719520444e+01	3.002281203027092893e-01	1.783155081128080452e-02	3.521311058634235980e-03	4.885658207093280248e-01	8.764182687004520855e-02	-3.397196357274925166e-02	-2.705858272846071045e-03
1.084365968689608688e-09	2.055970619436700009e+00	1.006093116993719150e+01	3.017511690412275072e-01	1.729919520407378203e-02	3.406902764661632471e-03	4.848797949702760013e-01	8.674518766898979549e-02	-3.387584355749725246e-02	-2.668602443507357962e-03
1.135733358343102889e-09	2.056179691296459389e+00	1.001309552766719513e+01	3.032235590412856729e-01	1.678800658791035696e-02	3.297850198775391286e-03	4.813180881662111332e-01	8.588244344710993516e-02	-3.377256339402861379e-02	-2.631990414332424123e-03
1.189534067370320724e-09	2.055931631775405943e+00	9.965160398462318270e+00	3.046453895998069150e-01	1.629731232929465881e-02	3.193930454647256681e-03	4.778787635875938467e-01	8.505297939978920252e-02	-3.366245223430913008e-02	-2.596040252176630252e-03
1.245883364295008068e-09	2.055237752880687552e+00	9.917153923549911099e+00	3.060167863122433274e-01	1.582645226855777451e-02	3.094928586332866636e-03	4.745598664435061176e-01	8.425618681995711290e-02	-3.354583720824392407e-02	-2.560767646900805310e-03
1.304901978014401580e-09	2.054109631138243408e+00	9.869104065352477306e+00	3.073379042440019804e-01	1.537477532576303138e-02	3.000636644994201813e-03	4.713594053576433129e-01	8.349145993980559843e-02	-3.342304298001629037e-02	-2.526185978038474229e-03
1.366716356462010101e-09	2.052559091534265079e+00	9.821038478138344630e+00	3.086089318680664828e-01	1.494164414291279143e-02	2.910854213560036020e-03	4.682753715282571561e-01	8.275819608913931313e-02	-3.329439057697160254e-02	-2.492306315483338360e-03
1.431458937523481393e-09	2.050598148117756203e+00	9.772984361510033580e+00	3.098300891901548670e-01	1.452643680990963089e-02	2.825389211244435771e-03	4.653057492389942595e-01	8.205579896332915180e-02	-3.316019635893923539e-02	-2.459137541926450458e-03
1.499268432786047049e-09	2.048238999865889198e+00	9.724968791891727804e+00	3.110016189944025400e-01	1.412854001355884868e-02	2.744055392520856548e-03	4.624484904561308451e-01	8.138367641693308729e-02	-3.302077286042877369e-02	-2.426686736415707441e-03
1.570290124729377524e-09	2.045493985940938231e+00	9.677018632489014394e+00	3.121237849488359140e-01	1.374735925371858673e-02	2.666675006890922156e-03	4.597015665504556869e-01	8.074124822332806595e-02	-3.287642796701049225e-02	-2.394959287300385629e-03
1.644676177994662829e-09	2.042375583742698453e+00	9.629160506088801696e+00	3.131968742081332469e-01	1.338231907108662806e-02	2.593078150271951963e-03	4.570629690095216469e-01	8.012794391623007106e-02	-3.272746452843477288e-02	-2.363958958900103623e-03
1.722585965398783835e-09	2.038896353021310670e+00	9.581420411623602362e+00	3.142212034476043470e-01	1.303284748777207985e-02	2.523099595364430067e-03	4.545306296101665477e-01	7.954319275742224860e-02	-3.257417900555942963e-02	-2.333687797143791168e-03
1.804186409392068039e-09	2.035068932531626906e+00	9.533824106560226497e+00	3.151971080937441827e-01	1.269840394643202870e-02	2.456584355622039133e-03	4.521025674909325276e-01	7.898644258856754585e-02	-3.241686271609184322e-02	-2.304146616239306951e-03
1.889652339691211477e-09	2.030906006247882534e+00	9.486397076891377012e+00	3.161249399403766036e-01	1.237845366259512046e-02	2.393381996028309724e-03	4.497767666502062167e-01	7.845714664919421766e-02	-3.225580043025252919e-02	-2.275334909840059580e-03
1.979166867853557524e-09	2.026420318304338775e+00	9.439164612385267716e+00	3.170050687559342051e-01	1.207245956066481732e-02	2.333344630853877166e-03	4.475511349623911839e-01	7.795475788962380470e-02	-3.209127229020722338e-02	-2.247251281477277707e-03
2.072921779595369695e-09	2.021624577752117347e+00	9.392151372675774823e+00	3.178378837616526176e-01	1.177998906326029743e-02	2.276350517436645515e-03	4.454240385123109935e-01	7.747879039924213118e-02	-3.192354836207707269e-02	-2.219892749668782132e-03
2.171117945694509622e-09	2.016531509692732982e+00	9.345381540534715370e+00	3.186237984408787360e-01	1.150049956015473072e-02	2.222255763640768045e-03	4.433932280105847834e-01	7.702869178718267651e-02	-3.175289539383765319e-02	-2.193255826627497213e-03
2.273965752357932151e-09	2.011153817613801742e+00	9.298879077336051679e+00	3.193632377332669137e-01	1.123353792815260516e-02	2.170939326722671689e-03	4.414568469335620193e-01	7.660396591409975031e-02	-3.157957236003679224e-02	-2.167336027981120634e-03
2.381685551976160644e-09	2.005504170841160061e+00	9.252667641046111058e+00	3.200566403442967611e-01	1.097865185909004462e-02	2.122282275943441349e-03	4.396129888205879688e-01	7.620411812703599408e-02	-3.140383164465540555e-02	-2.142128161805037338e-03
2.494508135230316413e-09	1.999595189893403901e+00	9.206770440592544347e+00	3.207044629941656066e-01	1.073541254055043054e-02	2.076173115865905146e-03	4.378598096898719261e-01	7.582866786834889516e-02	-3.122591894091009818e-02	-2.117626362342890124e-03
2.612675225563326382e-09	1.993439381421137968e+00	9.161209984342701063e+00	3.213071803864595011e-01	1.050340108498506141e-02	2.032504734626042371e-03	4.361954613201231012e-01	7.547714083298238952e-02	-3.104607168218186802e-02	-2.093823976619856465e-03
2.736439997074666368e-09	1.987049197151775859e+00	9.116008488988814662e+00	3.218652819709874602e-01	1.028220273130831149e-02	1.991172403064491326e-03	4.346180656320530744e-01	7.514906498429436976e-02	-3.086452160162886371e-02	-2.070713943196242097e-03
2.866067616948244470e-09	1.980437018081349754e+00	9.071187996700764700e+00	3.223792665851505923e-01	1.007143878775266718e-02	1.952081503128921163e-03	4.331258836735729090e-01	7.484399360845955806e-02	-3.068149389433527316e-02	-2.048288846123698555e-03
3.001835813575592210e-09	1.973615094714053830e+00	9.026769975374426380e+00	3.228496481434268151e-01	9.870737721297999714e-03	1.915140300754232571e-03	4.317171657943911778e-01	7.456148387824995671e-02	-3.049720577952319892e-02	-2.026540682267919530e-03
3.144035471591500167e-09	1.966595568591371412e+00	8.982775289301596189e+00	3.232769615964781740e-01	9.679728819089593317e-03	1.880258769750308952e-03	4.303901154856610844e-01	7.430109139260615558e-02	-3.031186936523171463e-02	-2.005461286180802195e-03
3.292971255097148186e-09	1.959390409253863208e+00	8.939224292808759742e+00	3.236617505735588929e-01	9.498071200443512774e-03	1.847354818881954703e-03	4.291430498126544424e-01	7.406239198641892396e-02	-3.012568733839589633e-02	-1.985041914993603777e-03
3.448962260405766611e-09	1.952011515372299666e+00	8.896137163791610902e+00	3.240045730725565343e-01	9.325431961830586008e-03	1.816349415321292203e-03	4.279742844985068850e-01	7.384496640030287218e-02	-2.993885798015279501e-02	-1.965273821499233242e-03
3.612342699709437910e-09	1.944470640640975523e+00	8.853533613031158822e+00	3.243060008164350694e-01	9.161493690371187021e-03	1.787167997206884004e-03	4.268821745860656991e-01	7.364840443785734825e-02	-2.975157303855021154e-02	-1.946148043425591006e-03
3.783462617131932968e-09	1.936779357017499148e+00	8.811432653878167542e+00	3.245666226279897981e-01	9.005940110667571066e-03	1.759737154883318127e-03	4.258650390486201642e-01	7.347229460286845704e-02	-2.956401697195219433e-02	-1.927655354167817593e-03
3.962688638701478467e-09	1.928949041714230539e+00	8.769852744268876066e+00	3.247870380753097863e-01	8.858489224016798808e-03	1.733992324095901330e-03	4.249213386541741411e-01	7.331624770250864953e-02	-2.937636633478568626e-02	-1.909786259267970280e-03
4.150404757850472502e-09	1.920990980475373311e+00	8.728812086380997926e+00	3.249678646339475563e-01	8.718850568523181868e-03	1.709867615375037933e-03	4.240494506226044069e-01	7.317986616245222842e-02	-2.918879454466962939e-02	-1.892531462472695804e-03
4.347013158125017173e-09	1.912916278520983671e+00	8.688328416089367678e+00	3.251097313497255947e-01	8.586757393787376388e-03	1.687303307248744916e-03	4.232478414752724460e-01	7.306276704859249183e-02	-2.900146759128601967e-02	-1.875881447019878611e-03
4.552935074866938773e-09	1.904735847887395250e+00	8.648418848673854242e+00	3.252132832092934356e-01	8.461941732927830140e-03	1.666240036402958377e-03	4.225149356164718539e-01	7.296456434704014227e-02	-2.881454554546783106e-02	-1.859826671673764321e-03
4.768611697714474181e-09	1.896460375314618307e+00	8.609099824138944257e+00	3.252791784686404064e-01	8.344169180214312462e-03	1.646626559118193793e-03	4.218492990125739528e-01	7.288489135509242101e-02	-2.862818127860691439e-02	-1.844357461653035055e-03
4.994505115855140358e-09	1.888100409662168966e+00	8.570387426708874656e+00	3.253080922184370394e-01	8.233186350490178523e-03	1.628407852408947799e-03	4.212493648397671042e-01	7.282336638678715834e-02	-2.844252352960224134e-02	-1.829464250919978201e-03
5.231099308056257792e-09	1.879666333730898753e+00	8.532297390023126482e+00	3.253007119408571901e-01	8.128772256164488313e-03	1.611536708185853928e-03	4.207137046852632567e-01	7.277962640888833989e-02	-2.825771584235633668e-02	-1.815137571034137164e-03
5.478901179593956120e-09	1.871168306011036009e+00	8.494844712671399733e+00	3.252577425742119721e-01	8.030703568009589163e-03	1.595965816253273059e-03	4.202408450605760182e-01	7.275330310878723450e-02	-2.807389574271876992e-02	-1.801367863427437953e-03
5.738441648302404521e-09	1.862616249822641734e+00	8.458043790325893596e+00	3.251799000394726136e-01	7.938774520935845680e-03	1.581652096845857086e-03	4.198293769639066531e-01	7.274403724441420860e-02	-2.789119448949043539e-02	-1.788145619084356578e-03
6.010276782070388176e-09	1.854019919354480850e+00	8.421908575616750880e+00	3.250679169313788752e-01	7.852781672564163734e-03	1.568553367474479539e-03	4.194778728476619700e-01	7.275146708883854785e-02	-2.770973921827311198e-02	-1.775461446226442828e-03
6.294988990221888141e-09	1.845388885035129656e+00	8.386452507762303554e+00	3.249225430130687764e-01	7.772530537422764861e-03	1.556629691303461436e-03	4.191849213487902071e-01	7.277523180306469386e-02	-2.752965274346473243e-02	-1.763306036429388443e-03
6.593188271333541710e-09	1.836732498847521322e+00	8.351688554693417643e+00	3.247445377223118212e-01	7.697842727141078131e-03	1.545845077948956436e-03	4.189491712440512328e-01	7.281497886340271286e-02	-2.735105213969441298e-02	-1.751670153509557589e-03
6.905513520162316861e-09	1.828059878930408999e+00	8.317628905541960549e+00	3.245346794900206278e-01	7.628533715008316285e-03	1.536162148524196185e-03	4.187692090134980116e-01	7.287034555180631201e-02	-2.717405048391554820e-02	-1.740544692841406327e-03
7.232633896483518810e-09	1.819379931245354687e+00	8.284285296794799081e+00	3.242937569681461074e-01	7.564439774135419889e-03	1.527548526039977520e-03	4.186437062952720889e-01	7.294097977537183919e-02	-2.699875522520806675e-02	-1.729920559675894630e-03
7.575250258771920716e-09	1.810701374828316279e+00	8.251668962607606517e+00	3.240225754216904952e-01	7.505397328802533401e-03	1.519972005592103463e-03	4.185713080374620088e-01	7.302652406700413379e-02	-2.682527077819318179e-02	-1.719788887781631718e-03
7.934096665797492339e-09	1.802032715120757800e+00	8.219790578815679538e+00	3.237219541184183091e-01	7.451251077035193210e-03	1.513402189380159187e-03	4.185506771693853767e-01	7.312662088632648771e-02	-2.665369698064483373e-02	-1.710140876464245549e-03
8.309941949353386453e-09	1.793382221192333370e+00	8.188660198754828201e+00	3.233927245989295374e-01	7.401852071104236645e-03	1.507810227893474761e-03	4.185804865263298424e-01	7.324091236059432353e-02	-2.648412948269974684e-02	-1.700967864562678454e-03
8.703591361485183753e-09	1.784757939448876174e+00	8.158287234026341039e+00	3.230357336450974670e-01	7.357058822004111133e-03	1.503169146504237290e-03	4.186594222705327106e-01	7.336903976818101580e-02	-2.631665985702103666e-02	-1.692261276518888542e-03
9.115888299750837812e-09	1.776167723422477307e+00	8.128680670622602022e+00	3.226518398172957269e-01	7.316733833092492305e-03	1.499452646207530705e-03	4.187861693001809771e-01	7.351064138717297580e-02	-2.615137624829782376e-02	-1.684012707945974768e-03
9.547716114208065503e-09	1.767619201482578450e+00	8.099848873482075717e+00	3.222419149663935944e-01	7.280741438238582872e-03	1.496634843050079992e-03	4.189593991741413226e-01	7.366535096925579118e-02	-2.598836301125770701e-02	-1.676213867471884221e-03
1.000000000000000021e-08	1.759119789512787690e+00	8.071799608371422963e+00	3.218068452186886308e-01	7.248966488950492858e-03	1.494694705091247295e-03	4.191778650081686153e-01	7.383280909144468440e-02	-2.582770126485266909e-02	-1.668856599948823072e-03
