# Pressure Mass Radius Compactness k2 k3 h2 h3 j2 j3
9.999999999999999799e-13	9.431027761473528837e-02	1.192764587591585013e+02	1.167547401412561293e-03	2.239871477187751548e-04	-4.957713069387874450e-07	9.968989842549755842e-01	3.318330870662444809e-01	-4.818256646610658196e-07	-9.416853643793404512e-08
1.047370897959448749e-12	9.542146222824014756e-02	9.656571770783467912e+01	1.459127792623082787e-03	2.086564942112184877e-04	7.262861673584970847e-06	9.960233515207082000e-01	3.314398489342770260e-01	-5.857933550531479299e-07	-1.070036276253551010e-07
1.096985797892381920e-12	9.678198792438293119e-02	8.071566937314250367e+01	1.770544802162768048e-03	2.033789635094697629e-04	3.197439580932997138e-06	9.951062658110910730e-01	3.310231909958484264e-01	-7.268308637339175317e-07	-1.230866212077615356e-07
1.148951000187311009e-12	9.835088902214812745e-02	6.910905271346032919e+01	2.101423501544327603e-03	2.069585950687507375e-04	-1.350471589650853372e-05	9.941275814360281959e-01	3.305829807885056759e-01	-9.212457721350690214e-07	-1.426339053662082938e-07
1.203377840777590522e-12	1.001042460773427789e-01	6.029387590453561074e+01	2.451599541301057849e-03	2.186171335562907530e-04	6.214575671359415178e-05	9.931114688583255745e-01	3.301185450028696344e-01	-1.192956214127428947e-06	-1.663401048074263477e-07
1.260382929679727463e-12	1.020274996292437480e-01	5.340442170108006792e+01	2.821046611987710739e-03	2.401364084002269457e-04	1.621203021780007203e-04	9.920509094832379304e-01	3.296299166292124272e-01	-1.574645537568737141e-06	-1.954367620663112070e-07
1.320088400831416649e-12	1.041116578974950885e-01	4.789464936228470293e+01	3.209834194065284627e-03	2.739456377822407506e-04	6.131475062689859922e-05	9.909646768939117667e-01	3.291170239823278942e-01	-2.109048302865265474e-06	-2.318686471680417148e-07
1.382622173764653478e-12	1.063512585975830843e-01	4.340423499219136971e+01	3.618101638823268892e-03	3.233008844255540583e-04	8.430773216925300552e-05	9.898493452509173895e-01	3.285798354243323338e-01	-2.850228299968233724e-06	-2.784946854987047847e-07
1.448118227674535917e-12	1.087431969687946837e-01	3.968642865860720548e+01	4.046041312577497960e-03	3.921180509648508313e-04	6.497325022763032645e-05	9.887181567541798444e-01	3.280183277533635922e-01	-3.864804913599801995e-06	-3.393601658867059645e-07
1.516716888470924089e-12	1.112860114327806627e-01	3.656694627895484473e+01	4.493886697888765762e-03	4.850016518250147403e-04	7.886382646481186396e-05	9.875776069056381168e-01	3.274325421320068985e-01	-5.233051863881547322e-06	-4.200037660951113758e-07
1.588565129428052692e-12	1.139794288298340841e-01	3.391941534429479077e+01	4.961903953424991014e-03	6.070931986420381038e-04	8.341671853150633682e-05	9.864386919193699477e-01	3.268225599810908322e-01	-7.049874409678565574e-06	-5.278079183823891900e-07
1.663816886076127415e-12	1.168240415641872004e-01	3.165013109158554983e+01	5.450382086857112791e-03	7.640446349828107627e-04	9.324489545701782468e-05	9.853123738669395948e-01	3.261885411411490909e-01	-9.425602754478582562e-06	-6.723832826073699878e-07
1.742633386009647278e-12	1.198209787905612500e-01	2.968830740052522543e+01	5.959607524174570514e-03	9.619575246041587712e-04	1.071718797137357303e-04	9.842098494751847504e-01	3.255307828417081661e-01	-1.248646602523533255e-05	-8.659444750526928782e-07
1.825183494319046040e-12	1.229718703109657363e-01	2.797946518908667457e+01	6.489879071019575250e-03	1.207148074587348786e-03	1.253338436637199812e-04	9.831442576889596330e-01	3.248496319587553804e-01	-1.637502059355344495e-05	-1.123722878027492907e-06
1.911644075385703708e-12	1.262788340016686162e-01	2.648100055016076837e+01	7.041519849622502117e-03	1.506256599750866029e-03	1.496685625252727454e-04	9.821285511145475544e-01	3.241455744648507054e-01	-2.125046645743250927e-05	-1.464362747124127785e-06
2.002200371815584363e-12	1.297444046483588187e-01	2.515915649090378636e+01	7.614875305937188026e-03	1.865943685277157617e-03	1.811172226265450819e-04	9.811759526627248373e-01	3.234191448153183046e-01	-2.728873333445099183e-05	-1.910322452790527244e-06
2.097046401323230665e-12	1.333714785956674753e-01	2.398686976036928442e+01	8.210311296905312486e-03	2.292918970314637359e-03	2.201415713059598478e-04	9.802998761236461078e-01	3.226709908091494605e-01	-3.468241459969191018e-05	-2.488235043339714333e-06
2.196385372416542332e-12	1.371632666795358224e-01	2.294221285394593934e+01	8.828211924129903548e-03	2.793784813582249858e-03	2.694333081823929287e-04	9.795135709324359619e-01	3.219018478253654059e-01	-4.364052487406110689e-05	-3.229268816940206681e-06
2.300430119772921506e-12	1.411232558207451693e-01	2.200724791425751903e+01	9.468977543390500948e-03	3.374918293776914442e-03	3.299613039221893163e-04	9.788299191830048818e-01	3.211125330937744105e-01	-5.438809963648934129e-05	-4.169428476581373568e-06
2.409403560239526876e-12	1.452551729971627570e-01	2.116717200235952134e+01	1.013302243315117139e-02	4.042376171858503425e-03	4.033958579530815404e-04	9.782612362190049593e-01	3.203039447250363159e-01	-6.716561539800070435e-05	-5.349812273209084106e-06
2.523539170434765862e-12	1.495629518669071012e-01	2.040967106930128239e+01	1.082077228165211069e-02	4.801811913441806148e-03	4.920172122565378420e-04	9.778191398517560584e-01	3.194770575288530257e-01	-8.222827171207787195e-05	-6.816832317154660510e-06
2.643081486974102692e-12	1.540506780550310872e-01	1.972442872141865422e+01	1.153265806352222166e-02	5.658340950791771254e-03	5.974145955587380642e-04	9.775142638219564972e-01	3.186329008551501696e-01	-9.984498080492588469e-05	-8.622340943972486561e-06
2.768286630392061017e-12	1.587223796835486589e-01	1.910276449901617468e+01	1.226908511899326044e-02	6.616439231366204841e-03	7.218044403271449069e-04	9.773561815436261346e-01	3.177725920402537096e-01	-1.202964327767203865e-04	-1.082361100815498853e-05
2.899422853882880921e-12	1.635821611265144138e-01	1.853730370760374413e+01	1.303045591355685325e-02	7.679906375136459455e-03	8.669039163223307611e-04	9.773532082855589387e-01	3.168972936020466591e-01	-1.438741790309628775e-04	-1.348333340971428563e-05
3.036771118035460378e-12	1.686343332621645930e-01	1.802172951231815645e+01	1.381719121563629998e-02	8.851776788836458396e-03	1.034875023004473748e-03	9.775122140938166115e-01	3.160081467335100758e-01	-1.708799902593761825e-04	-1.666960913953109542e-05
3.180625692794118977e-12	1.738834037622757345e-01	1.755060468979209531e+01	1.462972907748635865e-02	1.013431157183603860e-02	1.227305100071123846e-03	9.778385716882883605e-01	3.151062698605143764e-01	-2.016246862242223226e-04	-2.045581100959177227e-05
3.331294787934670055e-12	1.793340636238396901e-01	1.711922773759684802e+01	1.546852327508500130e-02	1.152899858336302145e-02	1.446148465845108763e-03	9.783361482147001631e-01	3.141927515459055353e-01	-2.364269077612149406e-04	-2.492038515484930683e-05
3.489101213406766494e-12	1.849911739050314197e-01	1.672351560263503600e+01	1.633404183769795667e-02	1.303645285093252108e-02	1.693082838529246957e-03	9.790071303755286669e-01	3.132686005768893223e-01	-2.756118477601814326e-04	-3.014656610619019362e-05
3.654383070957261569e-12	1.908597495940675404e-01	1.635990769005357848e+01	1.722676526074537126e-02	1.465646377932218816e-02	1.969530512968048399e-03	9.798520888801565132e-01	3.123347590022418907e-01	-3.195099471489068238e-04	-3.622204529397118986e-05
3.827494478516314936e-12	1.969449432118725862e-01	1.602528692092932161e+01	1.814718452770778742e-02	1.638797497601477554e-02	2.277014541743521085e-03	9.808699582321261934e-01	3.113920714886456165e-01	-3.684555290759921730e-04	-4.323854437038691798e-05
4.008806328898464320e-12	2.032520234651014335e-01	1.571691416415150933e+01	1.909579886326097029e-02	1.822909028261897324e-02	2.616629148928190183e-03	9.820580093825956869e-01	3.104412705516559901e-01	-4.227853862943649972e-04	-5.129132949605395679e-05
4.198707084443905621e-12	2.097863509930170400e-01	1.543237385072644763e+01	2.007311295159811340e-02	2.017710179991288183e-02	2.989277671470321873e-03	9.834119357735500166e-01	3.094829733864761789e-01	-4.828373110185043659e-04	-6.047865183485150230e-05
4.397603609302712498e-12	2.165531903785503920e-01	1.516953450898980904e+01	2.107960978305550848e-02	2.222843405946239512e-02	3.395669303746256477e-03	9.849257791917971350e-01	3.085176806613775247e-01	-5.489469257237451901e-04	-7.090085857831917410e-05
4.605922041145112927e-12	2.235576620581909424e-01	1.492650819254409456e+01	2.211574483502102423e-02	2.437868313604752216e-02	3.836202427471651320e-03	9.865920169062001310e-01	3.075457706036924810e-01	-6.214453992861776726e-04	-8.265954658136645333e-05
4.824108704165373984e-12	2.308049874676312285e-01	1.470160820813430114e+01	2.318198281214711373e-02	2.662273314626841664e-02	4.311030035017389579e-03	9.884016781859455980e-01	3.065674558465704136e-01	-7.006603273935189556e-04	-9.585718405194614260e-05
5.052631065335679604e-12	2.383004955638884925e-01	1.449332338211193871e+01	2.427879890743939867e-02	2.895482790040119006e-02	4.820016170418032868e-03	9.903444777786704067e-01	3.055827763590913682e-01	-7.869147467387793129e-04	-1.105964255828424144e-04
5.291978735958436557e-12	2.460496071959553943e-01	1.430029668309472335e+01	2.540667682537135416e-02	3.136859400012400462e-02	5.362749240929010237e-03	9.924088526369067020e-01	3.045915858349680372e-01	-8.805260059604052029e-04	-1.269793847322275133e-04
5.542664520663095602e-12	2.540578183402808499e-01	1.412130667836535558e+01	2.656610681657362374e-02	3.385710535850484926e-02	5.938505568598456685e-03	9.945820861750080955e-01	3.035935589628993569e-01	-9.818046395268079964e-04	-1.451068724960499529e-04
5.805225516094907684e-12	2.623306812312870551e-01	1.395525141595418361e+01	2.775758363182358537e-02	3.641301218428015518e-02	6.546276104172892712e-03	9.968505649442006566e-01	3.025881995636308108e-01	-1.091053280152061737e-03	-1.650776311167827140e-04
6.080224261649427052e-12	2.708737830985779582e-01	1.380113448173634083e+01	2.898160416668336611e-02	3.902847915785406796e-02	7.184812064154815631e-03	9.991996401579491538e-01	3.015748302306812678e-01	-1.208565556348985531e-03	-1.869875506643427145e-04
6.368249944718585906e-12	2.796927237174344216e-01	1.365805279259672211e+01	3.023866517469865969e-02	4.169534706181543537e-02	7.852550354623464082e-03	1.001613953487634268e+00	3.005526078462774642e-01	-1.334625011364566714e-03	-2.109288805112258182e-04
6.669919663030115058e-12	2.887930892955649642e-01	1.352518600031079643e+01	3.152926053693478475e-02	4.440512776865949973e-02	8.547693874684009555e-03	1.004077421269419679e+00	2.995205231617977804e-01	-1.469503995914451426e-03	-2.369894382965830049e-04
6.985879746785234820e-12	2.981803823047219915e-01	1.340178766154028267e+01	3.285387266610129836e-02	4.714910129604683170e-02	9.268193831920120557e-03	1.006573439310241236e+00	2.984774238729689944e-01	-1.613461898160610183e-03	-2.652516849819170383e-04
7.316807143427207274e-12	3.078597910059866494e-01	1.328717925470853878e+01	3.421294121829090290e-02	4.991831996386702358e-02	1.001176643218208533e-02	1.009084953151846875e+00	2.974220562083866870e-01	-1.766740675220578819e-03	-2.957912647034045416e-04
7.663410868007462274e-12	3.178363830870256090e-01	1.318073967532755120e+01	3.560689158978081609e-02	5.270363518574390505e-02	1.077588965366154360e-02	1.011594422216063105e+00	2.963530091113483755e-01	-1.929566845492442081e-03	-3.286768125434693798e-04
8.026433522257174683e-12	3.281151945342460907e-01	1.308189829627880485e+01	3.703614783603297045e-02	5.549591084378401040e-02	1.155785986745910647e-02	1.014084224899799214e+00	2.952687641538225272e-01	-2.102152378176897277e-03	-3.639696190724996550e-04
8.406652885618316356e-12	3.387012101099831640e-01	1.299012989660933037e+01	3.850113117860565898e-02	5.828605206698930091e-02	1.235483801036745162e-02	1.016536713297056194e+00	2.941676978017659927e-01	-2.284694147067617941e-03	-4.017230472902911923e-04
8.804883581643446547e-12	3.495993353505299495e-01	1.290495058964765285e+01	4.000225622274897891e-02	6.106501606619700595e-02	1.316384816921247446e-02	1.018934230712857936e+00	2.930480857799329097e-01	-2.477373106025614665e-03	-4.419819334570161467e-04
9.221978823334340144e-12	3.608143743874894227e-01	1.282591359230718098e+01	4.153992960432587728e-02	6.382389072912741934e-02	1.398178777367698779e-02	1.021259271259574275e+00	2.919081306106777185e-01	-2.680353794468683885e-03	-4.847820858569838027e-04
9.658832241158709141e-12	3.723510027473354578e-01	1.275260569621109141e+01	4.311454736338504734e-02	6.655390848707801177e-02	1.480547780594684490e-02	1.023494505623903983e+00	2.907459673593627558e-01	-2.893783708376892767e-03	-5.301498028243463315e-04
1.011637979766206976e-11	3.842137343493110535e-01	1.268464423156935439e+01	4.472649123765526369e-02	6.924653035249284105e-02	1.563167816232239465e-02	1.025622959785453592e+00	2.895596974829741654e-01	-3.117792471119518703e-03	-5.781013876933700562e-04
1.059560179277614774e-11	3.964068944609953626e-01	1.262167400681942731e+01	4.637612685594914158e-02	7.189357754439403003e-02	1.645714480255917184e-02	1.027628299497748809e+00	2.883474187165455671e-01	-3.352491340125766939e-03	-6.286427839889451637e-04
1.109752496412069864e-11	4.089345862762413519e-01	1.256336465631120447e+01	4.806380098720602900e-02	7.448687910056640826e-02	1.727854619178957260e-02	1.029494051529667331e+00	2.871071630189028778e-01	-3.597972566130765593e-03	-6.817692266192145346e-04
1.162322468679854125e-11	4.218005603431883022e-01	1.250940894818505278e+01	4.978982467494132147e-02	7.701879951480083975e-02	1.809263321886934311e-02	1.031204792712594243e+00	2.858370378153224367e-01	-3.854306599114155039e-03	-7.374644754027955386e-04
1.217382727739662020e-11	4.350081503662266980e-01	1.245952044473070153e+01	5.155446709168556851e-02	7.948194822352092070e-02	1.889615282272193164e-02	1.032745514649164642e+00	2.845351693062098120e-01	-4.121540819646208470e-03	-7.957004288375731874e-04
1.275051240713012859e-11	4.485604299263563632e-01	1.241343102625771699e+01	5.335797741838201047e-02	8.186931347439591056e-02	1.968591927208326181e-02	1.034101862236583402e+00	2.831997214805589969e-01	-4.399702632685640116e-03	-8.564377485520026497e-04
1.335451562929897339e-11	4.624602013528749112e-01	1.237088934616146751e+01	5.520058454259674230e-02	8.417428951887792610e-02	2.045882957247336514e-02	1.035260190452875761e+00	2.818289074436824970e-01	-4.688799464046463153e-03	-9.196258779969530058e-04
1.398713102647241439e-11	4.767099649299341158e-01	1.233165950476524308e+01	5.708249412537381995e-02	8.639073281283098094e-02	2.121189235654406119e-02	1.036207694086737519e+00	2.804210158702596378e-01	-4.988818374064924767e-03	-9.852030329676770160e-04
1.464971398307287854e-11	4.913118919540528373e-01	1.229551973113060548e+01	5.900388665870390237e-02	8.851292093597122601e-02	2.194223717877252788e-02	1.036932319364622490e+00	2.789744114911222317e-01	-5.299725890453195476e-03	-1.053096294254054826e-03
1.534368408930013065e-11	5.062677852765870012e-01	1.226226128892903056e+01	6.096491355931037137e-02	9.053560292685416955e-02	2.264713245636476927e-02	1.037422884912758692e+00	2.774875564593146660e-01	-5.621467380671009255e-03	-1.123221653140625553e-03
1.607052818261638620e-11	5.215790535051523236e-01	1.223168737430055408e+01	6.296569543852208184e-02	9.245397665089009898e-02	2.332399899073875696e-02	1.037669035089081815e+00	2.759590164631781084e-01	-5.953966976904661104e-03	-1.195484236401461687e-03
1.683180353330955093e-11	5.372466744209591916e-01	1.220361216202483767e+01	6.500631887294140709e-02	9.426371762908687668e-02	2.397042367663411444e-02	1.037661313803065921e+00	2.743874775780864028e-01	-6.297127121725560640e-03	-1.269778497215536157e-03
1.762914118095944293e-11	5.532711607787780261e-01	1.217785988697262489e+01	6.708683375741168742e-02	9.596098904790556494e-02	2.458417866579560088e-02	1.037391196388777859e+00	2.727717585709221737e-01	-6.650828265089553729e-03	-1.345988494393661212e-03
1.846424942895546448e-11	5.696525207134209845e-01	1.215426409546191877e+01	6.920724955218282570e-02	9.754241294875211354e-02	2.516321717398792984e-02	1.036851034985013520e+00	2.711108131488083051e-01	-7.014928410145184444e-03	-1.423988195565689674e-03
1.933891750455232057e-11	5.863901772274082713e-01	1.213266688668997695e+01	7.136752698661895378e-02	9.900507807524339121e-02	2.570568728379189066e-02	1.036034096956089057e+00	2.694037470868312911e-01	-7.389261832300585489e-03	-1.503641649554519769e-03
2.025501939230666486e-11	6.034830102701440602e-01	1.211291828992437480e+01	7.356758427389488431e-02	1.003465673583386619e-01	2.620994493341627027e-02	1.034934622348873567e+00	2.676498224234293843e-01	-7.773640478933298466e-03	-1.584803794247291930e-03
2.121451784910627571e-11	6.209293721248995146e-01	1.209487566007921266e+01	7.580730038161262452e-02	1.015649054374757748e-01	2.667454582373845334e-02	1.033547703146098451e+00	2.658484463453965052e-01	-8.167854840297543786e-03	-1.667321178403949637e-03
2.221946860939528424e-11	6.387270633850771206e-01	1.207840312178450581e+01	7.808651356326440363e-02	1.026586368406390143e-01	2.709827467410017010e-02	1.031869478810076401e+00	2.639991990454310100e-01	-8.571674180325025358e-03	-1.751032589990907063e-03
2.327202478960412005e-11	6.568733010132995487e-01	1.206337122180594612e+01	8.040501785193601703e-02	1.036267347491664492e-01	2.748011970315002162e-02	1.029896940134084060e+00	2.621018154857236993e-01	-8.984846262901160369e-03	-1.835769614761082868e-03
2.437444150122221807e-11	6.753646952927062630e-01	1.204965638894282520e+01	8.276256205714255243e-02	1.044686041243777092e-01	2.781928151287272818e-02	1.027627948587860329e+00	2.601561948588980711e-01	-9.407097689679422628e-03	-1.921357354886418919e-03
2.552908068239516723e-11	6.941972156478084521e-01	1.203714067053444658e+01	8.515884579567424562e-02	1.051841289022593107e-01	2.811518034190866808e-02	1.025061368650300286e+00	2.581624124152539501e-01	-9.838133545792970489e-03	-2.007615042649350985e-03
2.673841615839943880e-11	7.133661728489183451e-01	1.202571122747223775e+01	8.759351932388363682e-02	1.057735837596533862e-01	2.836743938914390584e-02	1.022196871465866241e+00	2.561207062703351189e-01	-1.027763797562048984e-02	-2.094356863433882460e-03
2.800503894183625342e-11	7.328661891967971354e-01	1.201526012168791091e+01	9.006618006303207524e-02	1.062376753434605414e-01	2.857589544585783375e-02	1.019035053516786027e+00	2.540314923941280889e-01	-1.072527402143590332e-02	-2.181392667064720181e-03
2.933166278390048099e-11	7.526911796469758498e-01	1.200568392609752344e+01	9.257637184241870876e-02	1.065774405882505965e-01	2.874056098786639812e-02	1.015577206430895885e+00	2.518953331838081899e-01	-1.118068406952973763e-02	-2.268528803794434782e-03
3.072112998861759207e-11	7.728343424332487777e-01	1.199688348347344125e+01	9.512358438115893489e-02	1.067943758946974936e-01	2.886167506565557456e-02	1.011825647276678675e+00	2.497129862047658966e-01	-1.164349029693276076e-02	-2.355568988275704486e-03
3.217641750250735458e-11	7.932881916780432086e-01	1.198876365852856551e+01	9.770725807200904278e-02	1.068902520622691810e-01	2.893963081230506787e-02	1.007783275897413233e+00	2.474853372474947188e-01	-1.211329629209084019e-02	-2.442315380699933407e-03
3.370064329271925032e-11	8.140445237380984356e-01	1.198123322961974146e+01	1.003267795404595708e-01	1.068672884805825646e-01	2.897503543698623854e-02	1.003454028131896880e+00	2.452134620807448762e-01	-1.258968689785369167e-02	-2.528569339017123010e-03
3.529707302730657668e-11	8.350944087796470239e-01	1.197420455498570568e+01	1.029814821502686301e-01	1.067276915772753104e-01	2.896857517594018938e-02	9.988417451361715216e-01	2.428985045519960195e-01	-1.307222917876130729e-02	-2.614132362726696683e-03
3.696912707195032437e-11	8.564281705366900699e-01	1.196759353636793044e+01	1.056706426454398634e-01	1.064748462848716243e-01	2.892130839998631811e-02	9.939531773123413405e-01	2.405419559089051751e-01	-1.356047236274343648e-02	-2.698806844829691222e-03
3.872038781812557004e-11	8.780353889283326607e-01	1.196131945135735108e+01	1.083934816191725742e-01	1.061112065469011906e-01	2.883415312305053282e-02	9.887927174753953219e-01	2.381451791586671474e-01	-1.405394908958236717e-02	-2.782397110960374825e-03
4.055460735840827506e-11	8.999048778389242553e-01	1.195530474122330666e+01	1.111491613354956276e-01	1.056402419725379765e-01	2.870834088926862634e-02	9.833673004549661201e-01	2.357098383993199431e-01	-1.455217534859523827e-02	-2.864710086532659423e-03
4.247571552536894126e-11	9.220247201025238981e-01	1.194947483199398874e+01	1.139367903677826754e-01	1.050655152902336270e-01	2.854519849436009879e-02	9.776841048580123816e-01	2.332376948461756527e-01	-1.505465318453900504e-02	-2.945556575619605148e-03
4.448782831127576069e-11	9.443822051919521510e-01	1.194375835408061270e+01	1.167554123576680508e-01	1.043907746625150623e-01	2.834615526172253042e-02	9.717508172782086673e-01	2.307306258341748073e-01	-1.556086801036417507e-02	-3.024751424585710776e-03
4.659525668664686662e-11	9.669638860252898205e-01	1.193808665226885246e+01	1.196040160511658013e-01	1.036199862181094861e-01	2.811274725480230122e-02	9.655757193432291663e-01	2.281906239450186558e-01	-1.607029270786686226e-02	-3.102114957025838352e-03
4.880251583654433574e-11	9.897555902070755973e-01	1.193239378288226504e+01	1.224815352022428638e-01	1.027571948863926221e-01	2.784658146094449657e-02	9.591673444905761681e-01	2.256197655407521374e-01	-1.658238849113495561e-02	-3.177473757789485778e-03
5.111433483440165318e-11	1.012742495963155687e+00	1.192661658149906856e+01	1.253868555318921052e-01	1.018067535029549692e-01	2.754937438894683455e-02	9.525350865075493667e-01	2.230202474719931161e-01	-1.709660611261928226e-02	-3.250661326582575828e-03
5.353566677410718816e-11	1.035909133501603518e+00	1.192069446594992499e+01	1.283188150015678874e-01	1.007729706018209714e-01	2.722286519215043332e-02	9.456882948912892495e-01	2.203943038039240798e-01	-1.761238784784144654e-02	-3.321519020228661835e-03
5.607169938205469661e-11	1.059239367429195111e+00	1.191456927410282951e+01	1.312762014294582558e-01	9.966035307274478949e-02	2.686887215324254910e-02	9.386369338543463225e-01	2.177442680062646740e-01	-1.812916860413770273e-02	-3.389896726272894571e-03
5.872786613189488850e-11	1.082716341975955121e+00	1.190818557005983713e+01	1.342577402365781603e-01	9.847350253735083492e-02	2.648925232642184227e-02	9.313913463399633441e-01	2.150725452945629057e-01	-1.864637272248527086e-02	-3.455652698452865018e-03
6.150985788580503926e-11	1.106322591612616923e+00	1.190149020979763073e+01	1.372621105404504827e-01	9.721704398702275818e-02	2.608588350067909956e-02	9.239620561283868883e-01	2.123815843389022240e-01	-1.916342036096621224e-02	-3.518655076388313950e-03
6.442363508721370414e-11	1.130040014433737028e+00	1.189443253851804627e+01	1.402879372596642082e-01	9.589566113173544903e-02	2.566066487724170606e-02	9.163598892533860729e-01	2.096738869536613481e-01	-1.967972570541128008e-02	-3.578781850070258605e-03
6.747544053110686101e-11	1.153849925728396064e+00	1.188696425311200855e+01	1.433337966827305798e-01	9.451404093169153697e-02	2.521549761700737219e-02	9.085958308460967414e-01	2.069519860261556377e-01	-2.019469973399410853e-02	-3.635921581597761562e-03
7.067181273927477085e-11	1.177733083088338129e+00	1.187903943204696056e+01	1.463982164620134807e-01	9.307694504947237879e-02	2.475229347114374021e-02	9.006812385987013059e-01	2.042184575998439722e-01	-2.070775102833349521e-02	-3.689973696120122087e-03
7.401959996915652408e-11	1.201669733913511617e+00	1.187061440906118293e+01	1.494796801144248066e-01	9.158903964047616919e-02	2.427293815005606911e-02	8.926273796887390644e-01	2.014758803338835835e-01	-2.121828803673623740e-02	-3.740848957135529430e-03
7.752597488629464062e-11	1.225639645967352420e+00	1.186164792540825630e+01	1.525766258505960316e-01	9.005501281538107194e-02	2.377930167709789086e-02	8.844457708625729220e-01	1.987268495942846047e-01	-2.172571966200475060e-02	-3.788469621428560558e-03
8.119844993184008328e-11	1.249622249236184146e+00	1.185210099504185877e+01	1.556874626096180769e-01	8.847949999604001747e-02	2.327322555450360084e-02	8.761479636203718391e-01	1.959739540878986941e-01	-2.222945917495070672e-02	-3.832769854061114125e-03
8.504489341802668113e-11	1.273596731632816281e+00	1.184193666892223895e+01	1.588105818018386572e-01	8.686704276271443870e-02	2.275650232881393925e-02	8.677454231604335710e-01	1.932197466156795884e-01	-2.272892836933054772e-02	-3.873696266379209746e-03
8.907354638610458163e-11	1.297541882657305301e+00	1.183112034418280345e+01	1.619443304112792303e-01	8.522214399536401364e-02	2.223089012895263991e-02	8.592497292504646111e-01	1.904667810514684145e-01	-2.322355092940524973e-02	-3.911206633158320449e-03
9.329304026284695888e-11	1.321436215018511051e+00	1.181961962031697944e+01	1.650870243565170925e-01	8.354916717887971023e-02	2.169808296227291114e-02	8.506722774468714610e-01	1.877175697642249341e-01	-2.371275915645075505e-02	-3.945271020760492478e-03
9.771241535346501225e-11	1.345257975499789094e+00	1.180740421635678494e+01	1.682369472814062572e-01	8.185242695778884026e-02	2.115972949080221349e-02	8.420245510700963276e-01	1.849746071219745269e-01	-2.419599298081304833e-02	-3.975871124222073345e-03
1.023411402105452712e-10	1.368985216063479227e+00	1.179444594229464904e+01	1.713923560820108105e-01	8.013611083981631023e-02	2.061741327844343954e-02	8.333178937125053087e-01	1.822403432974358251e-01	-2.467270242770034858e-02	-4.003000307912469441e-03
1.071891319205126445e-10	1.392595853940759243e+00	1.178071886300438109e+01	1.745514821506159719e-01	7.840424844553653405e-02	2.007264287242177189e-02	8.245634184751846618e-01	1.795171713857845464e-01	-2.514234884175441803e-02	-4.026663435464646751e-03
1.122667773510811312e-10	1.416067729980735157e+00	1.176619914326660421e+01	1.777125368418190077e-01	7.666076621685521952e-02	1.952686344540242175e-02	8.157721680069317527e-01	1.768074378757018283e-01	-2.560440660326466708e-02	-4.046876559185440606e-03
1.175849554052158201e-10	1.439378661835583273e+00	1.175086512933972926e+01	1.808737128307876529e-01	7.490944997670115346e-02	1.898144635759756518e-02	8.069550044659444810e-01	1.741134289622748577e-01	-2.605836390028412608e-02	-4.063666516647707755e-03
1.231550603292826197e-10	1.462506546958633358e+00	1.173469717127913192e+01	1.840331955896643834e-01	7.315392666289402546e-02	1.843768379381148168e-02	7.981225417548367673e-01	1.714373559717324580e-01	-2.650372691360140809e-02	-4.077070934769220709e-03
1.289890261253308184e-10	1.485429441787140536e+00	1.171767785753879920e+01	1.871891655802799537e-01	7.139765106049206222e-02	1.789678650825594908e-02	7.892851004937335713e-01	1.687813503356072886e-01	-2.694001961706880138e-02	-4.087137554089201839e-03
1.350993521198024986e-10	1.508125702058537909e+00	1.169979168601808972e+01	1.903398169105380566e-01	6.964394306632464005e-02	1.735989050628883659e-02	7.804528027732082762e-01	1.661474599876417435e-01	-2.736678563700524480e-02	-4.093923277953220516e-03
1.414991297434578731e-10	1.530573932203483256e+00	1.168102508285942065e+01	1.934833467604432089e-01	6.789591723130108947e-02	1.682804284410124862e-02	7.716353601764852632e-01	1.635376365737771787e-01	-2.778359057094043072e-02	-4.097494433620175493e-03
1.482020705798860072e-10	1.552752956566912701e+00	1.166136652490888714e+01	1.966179456703752715e-01	6.615655787475821503e-02	1.630221828976465004e-02	7.628423158742213550e-01	1.609537618100577716e-01	-2.819001864857948250e-02	-4.097925520003649173e-03
1.552225357427047968e-10	1.574641899627909236e+00	1.164080640365506270e+01	1.997418057737242736e-01	6.442861409340688850e-02	1.578330078977490183e-02	7.540826943650266179e-01	1.583976158629341879e-01	-2.858567532316531185e-02	-4.095298857306911046e-03
1.625755666443793407e-10	1.596220253200431705e+00	1.161933704744406448e+01	2.028531249049111695e-01	6.271475120783159829e-02	1.527211143567276316e-02	7.453654780721401529e-01	1.558709111153402660e-01	-2.897018831949611448e-02	-4.089703971444183864e-03
1.702769172225897821e-10	1.617467935649742783e+00	1.159695271103494285e+01	2.059501102842477838e-01	6.101739018227000932e-02	1.476938152607193758e-02	7.366990768106878029e-01	1.533752512911210619e-01	-2.934320842337086177e-02	-4.081236947948969560e-03
1.783430876931905687e-10	1.638365370782956409e+00	1.157364950197324660e+01	2.090309859325845676e-01	5.933878785450340254e-02	1.427576622158841652e-02	7.280915689293236959e-01	1.509121435167496972e-01	-2.970441148977451956e-02	-4.069999898568242742e-03
1.867913599020784805e-10	1.658893501298640771e+00	1.154942549196012536e+01	2.120939885645470868e-01	5.768111012893279571e-02	1.379186604116125828e-02	7.195509440474107121e-01	1.484830298224633083e-01	-3.005349609989983739e-02	-4.056099898775360202e-03
1.956398343517064725e-10	1.679033939284862553e+00	1.152428050324437514e+01	2.151373869283218221e-01	5.604623645573342944e-02	1.331818206697693054e-02	7.110844192001205544e-01	1.460892095180605088e-01	-3.039019037867428732e-02	-4.039649125849409210e-03
2.049074689815846066e-10	1.698768967849010769e+00	1.149821616880306152e+01	2.181594774908012513e-01	5.443594386506542954e-02	1.285516220883057073e-02	7.026990468413490953e-01	1.437319061322611391e-01	-3.071424772355573624e-02	-4.020763394737797251e-03
2.146141197858401440e-10	1.718081732638583770e+00	1.147123575718780053e+01	2.211586090335569410e-01	5.285182774880873430e-02	1.240318271137971773e-02	6.944014144729944160e-01	1.414122251703197886e-01	-3.102545019072639604e-02	-3.999561548264328470e-03
2.247805833548729991e-10	1.736956143285150356e+00	1.144334403983162218e+01	2.241331697105348464e-01	5.129530625149793938e-02	1.196255301607028129e-02	6.861976570141106180e-01	1.391311662162957874e-01	-3.132360786551150605e-02	-3.976165012606807346e-03
2.354286414322420067e-10	1.755376811601004894e+00	1.141454745085670908e+01	2.270815731747725663e-01	4.976765177030324089e-02	1.153352556730229649e-02	6.780935648341911426e-01	1.368896429939426562e-01	-3.160855612411216098e-02	-3.950697089396710063e-03
2.465811075822603842e-10	1.773329084682203405e+00	1.138485398567541651e+01	2.300022619397838475e-01	4.826998604136254617e-02	1.111629632765918051e-02	6.700945500990662662e-01	1.346884799951096612e-01	-3.188015533619852765e-02	-3.923282246892654916e-03
2.582618760682674929e-10	1.790799127824516335e+00	1.135427318043919165e+01	2.328937158780765015e-01	4.680331137164857325e-02	1.071101315279948153e-02	6.622057370974328006e-01	1.325284189285510228e-01	-3.213829312281428485e-02	-3.894045833382810302e-03
2.704959730463131364e-10	1.807773932117578530e+00	1.132281601626690914e+01	2.357544527513162902e-01	4.536843864708996893e-02	1.031776503232172126e-02	6.544316886009035050e-01	1.304100989672912492e-01	-3.238288252039009385e-02	-3.863113180258591090e-03
2.833096101839318258e-10	1.824241366492968419e+00	1.129049498165281662e+01	2.385830314961308318e-01	4.396606817911993814e-02	9.936599075285469651e-03	6.467766767320122234e-01	1.283340798303673203e-01	-3.261386259306243290e-02	-3.830609252469974624e-03
2.967302408188872501e-10	1.840190223705924222e+00	1.125732392568015960e+01	2.413780592985664275e-01	4.259685462783724397e-02	9.567533210572283162e-03	6.392449071145432926e-01	1.263008578366908996e-01	-3.283119928491060741e-02	-3.796658173614127479e-03
3.107866187782014063e-10	1.855610239380686810e+00	1.122331807173654106e+01	2.441381921241983222e-01	4.126119792763380950e-02	9.210523676441343885e-03	6.318397328116960310e-01	1.243108096384235722e-01	-3.303488415765214875e-02	-3.761382613462766877e-03
3.255088599835056406e-10	1.870492141082908732e+00	1.118849396743299884e+01	2.468621407602331341e-01	3.995943416385456387e-02	8.865497754164921446e-03	6.245643341452198349e-01	1.223642413226553177e-01	-3.322493487203194429e-02	-3.724903437481820196e-03
3.409285069746807543e-10	1.884827759039448214e+00	1.115286906576725734e+01	2.495486936156678381e-01	3.869182789745410217e-02	8.532357118872353763e-03	6.174216640906102782e-01	1.204613822073372364e-01	-3.340139455120819806e-02	-3.687338697288889897e-03
3.570785964900469852e-10	1.898609964633508618e+00	1.111646175814574278e+01	2.521967076040274036e-01	3.745844998703082296e-02	8.210953376140387935e-03	6.104139769122705061e-01	1.186023453634628688e-01	-3.356433374068407832e-02	-3.648804105365055939e-03
3.739937302478801677e-10	1.911832433249755825e+00	1.107929160497164744e+01	2.548050710097764515e-01	3.625935752839767878e-02	7.901132015714582360e-03	6.035435306421058632e-01	1.167872210324516907e-01	-3.371383922960042440e-02	-3.609411728198776755e-03
3.917101490809260641e-10	1.924489797515840594e+00	1.104137918327241863e+01	2.573727265643293016e-01	3.509449630635338296e-02	7.602707450024181329e-03	5.968121838374945698e-01	1.150160203779772433e-01	-3.385002317964480589e-02	-3.569271047449215292e-03
4.102658105827190344e-10	1.936577566285479834e+00	1.100274599213550530e+01	2.598986625497975433e-01	3.396372550762251363e-02	7.315474737901223393e-03	5.902214835020928030e-01	1.132886991195709431e-01	-3.397301606546496849e-02	-3.528487684749212483e-03
4.297004704320835313e-10	1.948092168390697987e+00	1.096341451020123436e+01	2.623819171568503306e-01	3.286682373297375448e-02	7.039207765725148669e-03	5.837726714179559684e-01	1.116051507809225352e-01	-3.408296826919732236e-02	-3.487163658585054702e-03
4.500557675700488183e-10	1.959030968690342878e+00	1.092340806128382802e+01	2.648215839055638177e-01	3.180352727706933780e-02	6.773672800721701297e-03	5.774668208369519995e-01	1.099652283973073519e-01	-3.418004997227074709e-02	-3.445397139322004237e-03
4.713753134116729086e-10	1.969392248436271586e+00	1.088275079215980057e+01	2.672168099146479681e-01	3.077347889868896694e-02	6.518614490524821115e-03	5.713046218879078708e-01	1.083687182669663407e-01	-3.426444887393691185e-02	-3.403282126156581804e-03
4.937047852839003559e-10	1.979175245502005742e+00	1.084146763145433567e+01	2.695668029244413511e-01	2.977631298640839863e-02	6.273778766507013931e-03	5.652867093239979379e-01	1.068153796201379568e-01	-3.433637197282641412e-02	-3.360908637757540479e-03
5.170920242896755486e-10	1.988380101951294110e+00	1.079958425787235221e+01	2.718708257680706453e-01	2.881155430101246112e-02	6.038888522840190481e-03	5.594132449569136911e-01	1.053048998076486220e-01	-3.439604096471425565e-02	-3.318362165376889314e-03
5.415871378079465267e-10	1.997007997357198139e+00	1.075712645939436207e+01	2.741282319078706120e-01	2.787869444034749705e-02	5.813663296542433134e-03	5.536841882454466290e-01	1.038369154434217317e-01	-3.444369600748202476e-02	-3.275723562258579455e-03
5.672426068491988835e-10	2.005060933077012386e+00	1.071412037091038094e+01	2.763384319877053574e-01	2.697719449198631228e-02	5.597819124826579167e-03	5.480993280163543035e-01	1.024110275974172840e-01	-3.447958801808737039e-02	-3.233068799778894553e-03
5.941133984965039838e-10	2.012541689409942158e+00	1.067059267252527732e+01	2.785008843375783028e-01	2.610649156591717326e-02	5.391072551087383417e-03	5.426583109247636871e-01	1.010268140863722769e-01	-3.450398207523305144e-02	-3.190469893568073298e-03
6.222570836730231313e-10	2.019453738275237775e+00	1.062657054748540375e+01	2.806150852675753926e-01	2.526590545761139492e-02	5.193116693893193130e-03	5.373602425087546930e-01	9.968378396636988492e-02	-3.451715177563752235e-02	-3.147994383898734296e-03
6.517339604882420571e-10	2.025801305059375945e+00	1.058208158435058266e+01	2.826805815691976753e-01	2.445487590026550889e-02	5.003680377049303171e-03	5.322046807225007115e-01	9.838149367373426324e-02	-3.451938332518341562e-02	-3.105705925007860944e-03
6.826071834272379248e-10	2.031589270382160528e+00	1.053715377074105852e+01	2.846969586281464237e-01	2.367273078756613677e-02	4.822470800961843433e-03	5.271906533963059971e-01	9.711943427606854751e-02	-3.451096850366428687e-02	-3.063663578664690707e-03
7.149428986597561750e-10	2.036823235269727306e+00	1.049181540250387279e+01	2.866638536294498496e-01	2.291879496896651741e-02	4.649200728823889295e-03	5.223171039488810896e-01	9.589708151938114433e-02	-3.449220963090637165e-02	-3.021922587013203473e-03
7.488103857590030225e-10	2.041509469520552678e+00	1.044609508385229013e+01	2.885809502585210962e-01	2.219239731043118682e-02	4.483590280097438270e-03	5.175829239747611332e-01	9.471390261312188918e-02	-3.446341565048836181e-02	-2.980534045089939122e-03
7.842822061337681836e-10	2.045654909107775588e+00	1.040002169014331912e+01	2.904479813380431708e-01	2.149283226339488220e-02	4.325357640480280083e-03	5.129867778274429524e-01	9.356933529596034305e-02	-3.442490255048363118e-02	-2.939545174470183965e-03
8.214343584919422200e-10	2.049267139353104561e+00	1.035362422181514752e+01	2.922647326823017422e-01	2.081939914026235267e-02	4.174228107627887818e-03	5.085272678447111394e-01	9.246280597277693747e-02	-3.437699249779475191e-02	-2.898999338375890435e-03
8.603464416684491388e-10	2.052354366376215822e+00	1.030693122643159576e+01	2.940310579062243024e-01	2.017138577475289032e-02	4.029930519467307855e-03	5.042028470004189522e-01	9.139371612658538091e-02	-3.432001003199328104e-02	-2.858935493555900091e-03
9.011018251665036851e-10	2.054925348372607541e+00	1.025997105488140448e+01	2.957468644396430979e-01	1.954806862032097345e-02	3.892197444724315985e-03	5.000118262269472869e-01	9.036144902046955307e-02	-3.425428437608962762e-02	-2.819389101711571727e-03
9.437878277775391497e-10	2.056989238172810541e+00	1.021277220766157789e+01	2.974120834543811376e-01	1.894874215268062961e-02	3.760771789899287031e-03	4.959525290126103325e-01	8.936539768105614123e-02	-3.418014406439336128e-02	-2.780392165127992463e-03
9.884959046625586031e-10	2.058555612911241006e+00	1.016536326782791022e+01	2.990266779683378728e-01	1.837267841258790474e-02	3.635397263806722842e-03	4.920230984621586368e-01	8.840494003821616764e-02	-3.409791965417139498e-02	-2.741973699437048190e-03
1.035321843295661502e-09	2.059634440384749965e+00	1.011777284481056682e+01	3.005906417007728204e-01	1.781919480536249892e-02	3.515833568365064974e-03	4.882218079469947125e-01	8.747947477104549285e-02	-3.400794207060649915e-02	-2.704159752821415699e-03
1.084365968689608688e-09	2.060236054338872247e+00	1.007002953177634730e+01	3.021039988657877040e-01	1.728758973996558784e-02	3.401841775376174357e-03	4.845467647520581567e-01	8.658838812396391083e-02	-3.391054140750120877e-02	-2.666973443135419418e-03
1.135733358343102889e-09	2.060371157514766516e+00	1.002216187047204876e+01	3.035668078705969775e-01	1.677717313080223302e-02	3.293191181150947541e-03	4.809960460601105936e-01	8.573106857445453310e-02	-3.380604777358975355e-02	-2.630435239769643354e-03
1.189534067370320724e-09	2.060050787518564519e+00	9.974198345121521925e+00	3.049791587615791610e-01	1.628728276579578457e-02	3.189662424489208767e-03	4.775677784863196496e-01	8.490691598761226921e-02	-3.369478929427026370e-02	-2.594562933673013379e-03
1.245883364295008068e-09	2.059286301715113066e+00	9.926167296668387152e+00	3.063411758877409019e-01	1.581723519375115294e-02	3.091036169605881553e-03	4.742599041863574949e-01	8.411531386140620736e-02	-3.357709270303797788e-02	-2.559371902884805504e-03
1.304901978014401580e-09	2.058089353032023894e+00	9.878096866109903118e+00	3.076530184395698808e-01	1.536640121687487745e-02	2.997110536535390647e-03	4.710705379810946614e-01	8.335567166156315766e-02	-3.345328091911364127e-02	-2.524874949180487983e-03
1.366716356462010101e-09	2.056471890739470343e+00	9.830014185900640911e+00	3.089149084134190093e-01	1.493411562192600156e-02	2.907680101960073357e-03	4.679975162161141844e-01	8.262736312325202892e-02	-3.332367681781195357e-02	-2.491082673017992397e-03
1.431458937523481393e-09	2.054445929904736623e+00	9.781946134833500395e+00	3.101270754901524485e-01	1.451974553739617153e-02	2.822550870979423192e-03	4.650387656126818703e-01	8.192978529627384376e-02	-3.318859077828984622e-02	-2.458002857247244908e-03
1.499268432786047049e-09	2.052023699604851537e+00	9.733919406820303877e+00	3.112897790493024952e-01	1.412269920739061581e-02	2.741543234705139803e-03	4.621923319475179093e-01	8.126235791641714390e-02	-3.304833455660055597e-02	-2.425642144721384171e-03
1.570290124729377524e-09	2.049217533230894173e+00	9.685960609481092831e+00	3.124032904776247177e-01	1.374234176798972730e-02	2.664470523351030427e-03	4.594559860469617507e-01	8.062447722920773607e-02	-3.290321382419696822e-02	-2.394005502207604327e-03
1.644676177994662829e-09	2.046039850938275340e+00	9.638096169435062421e+00	3.134678952581130273e-01	1.337810889620694513e-02	2.591166662938321208e-03	4.568277753677416064e-01	8.001558476311047829e-02	-3.275352755758133977e-02	-2.363096215625056298e-03
1.722585965398783835e-09	2.042503184849920661e+00	9.590352218748382285e+00	3.144839023588875127e-01	1.302945966562565200e-02	2.521474368072661870e-03	4.543057915209323117e-01	7.943513487316587740e-02	-3.259957125471704686e-02	-2.332916333359632416e-03
1.804186409392068039e-09	2.038620156560323249e+00	9.542754748391502062e+00	3.154516377327046261e-01	1.269581362730296328e-02	2.455230476385179654e-03	4.518878654342352585e-01	7.888255994010648364e-02	-3.244163471442892965e-02	-2.303466611734102717e-03
1.889652339691211477e-09	2.034403441892260300e+00	9.495329403015652758e+00	3.163714474562538959e-01	1.237665651126870769e-02	2.392289634082890061e-03	4.495720871406086450e-01	7.835733005200383461e-02	-3.228000135673814164e-02	-2.274746480385537138e-03
1.979166867853557524e-09	2.029865796133726530e+00	9.448101617349822234e+00	3.172436990257428979e-01	1.207147467360457534e-02	2.332509924647361253e-03	4.473564837733855493e-01	7.785891617249214580e-02	-3.211494943352009163e-02	-2.246754315739156287e-03
2.072921779595369695e-09	2.025019986759111656e+00	9.401096110290490415e+00	3.180687897681135357e-01	1.177975097458835822e-02	2.275751352567080901e-03	4.452389923075669165e-01	7.738678297569122344e-02	-3.194675082682354311e-02	-2.219487325162798185e-03
2.171117945694509622e-09	2.019878688251553811e+00	9.354336564446770197e+00	3.188471434099815482e-01	1.150102850908489571e-02	2.221890159648755390e-03	4.432177832918798299e-01	7.694042809871060040e-02	-3.177566661742273896e-02	-2.192941206337035032e-03
2.273965752357932151e-09	2.014454555656080892e+00	9.307846361129305635e+00	3.195791987247235122e-01	1.123480769290826839e-02	2.170795113440921256e-03	4.412907553919613313e-01	7.651932459307771162e-02	-3.160195284519904529e-02	-2.167111077391555615e-03
2.381685551976160644e-09	2.008760189820512299e+00	9.261648673415495026e+00	3.202654023311234943e-01	1.098064603016824479e-02	2.122350350147157640e-03	4.394560439305556510e-01	7.612298408874275391e-02	-3.142585871841891559e-02	-2.141991418759214578e-03
2.494508135230316413e-09	2.002808162602537134e+00	9.215766474543857001e+00	3.209062137429088413e-01	1.073810791187746611e-02	2.076443268605023505e-03	4.377117668646576809e-01	7.575092321829830777e-02	-3.124762804177659906e-02	-2.117576239951981382e-03
2.612675225563326382e-09	1.996610926107713402e+00	9.170222374141991040e+00	3.215020978856957812e-01	1.050677673870195616e-02	2.032967757897601556e-03	4.360560937913651736e-01	7.540267529460124851e-02	-3.106749552387430210e-02	-2.093858814026056288e-03
2.736439997074666368e-09	1.990180912771130961e+00	9.125038761412261223e+00	3.220535374550242969e-01	1.028624970062255728e-02	1.991822369012617201e-03	4.344872114886196290e-01	7.507778082854874024e-02	-3.088569189473818269e-02	-2.070832178091678872e-03
2.866067616948244470e-09	1.983530479751800302e+00	9.080237683278069127e+00	3.225610296364090912e-01	1.007613235135128814e-02	1.952908944217565407e-03	4.330033004551717135e-01	7.477578525491769545e-02	-3.070244194277845992e-02	-2.048489001812377197e-03
3.001835813575592210e-09	1.976671880837046036e+00	9.035840864473897227e+00	3.230250821363697677e-01	9.876068098617232435e-03	1.916140033917334206e-03	4.316026909630806818e-01	7.449626073318116326e-02	-3.051796232137296561e-02	-2.026821416225101959e-03
3.144035471591500167e-09	1.969617279107991781e+00	8.991869626360957213e+00	3.234462193691226561e-01	9.685684983942698112e-03	1.881424899772786690e-03	4.302835872611204260e-01	7.423876596719217180e-02	-3.033246365632213601e-02	-2.005821257512926427e-03
3.292971255097148186e-09	1.962378628295773364e+00	8.948344080808146472e+00	3.238249933550521042e-01	9.504634997221364165e-03	1.848680695279336390e-03	4.290442615167410767e-01	7.400287237827297970e-02	-3.014614893440940163e-02	-1.985479874895658154e-03
3.448962260405766611e-09	1.954967668988500940e+00	8.905283637068713176e+00	3.241619663014418395e-01	9.332588013329026419e-03	1.817829250585397457e-03	4.278830387335872953e-01	7.378816227312742781e-02	-2.995921094819027283e-02	-1.965788053983335160e-03
3.612342699709437910e-09	1.947396015881936338e+00	8.862707382829922764e+00	3.244577122225425492e-01	9.169221221383225956e-03	1.788795024729337860e-03	4.267982425945226477e-01	7.359422267620639724e-02	-2.977183707752326450e-02	-1.946736529155958326e-03
3.783462617131932968e-09	1.939675170646353308e+00	8.820634074989794016e+00	3.247128203721634798e-01	9.014233352932546003e-03	1.761508682767175217e-03	4.257882676334438510e-01	7.342065385722947035e-02	-2.958421021472032800e-02	-1.928316051109993639e-03
3.962688638701478467e-09	1.931816485752679391e+00	8.779082230590178781e+00	3.249278867621790967e-01	8.867322780276668329e-03	1.735901021890644226e-03	4.248514744514975128e-01	7.326705595902080481e-02	-2.939650585241667530e-02	-1.910517198986001102e-03
4.150404757850472502e-09	1.923831205880561557e+00	8.738070009589746334e+00	3.251035262246588231e-01	8.728210529108290303e-03	1.711909126122330635e-03	4.239863002574617568e-01	7.313304125390883426e-02	-2.920889613218594083e-02	-1.893330697235864456e-03
4.347013158125017173e-09	1.915730395645845796e+00	8.697615150979610021e+00	3.252403634790270170e-01	8.596625333228063298e-03	1.689472400137665862e-03	4.231911902244181456e-01	7.301822668555971174e-02	-2.902154568290903416e-02	-1.876747054983313916e-03
4.552935074866938773e-09	1.907525000251576897e+00	8.657735128079471210e+00	3.253390383233185634e-01	8.472312718552801533e-03	1.668534629880565404e-03	4.224646415670236244e-01	7.292223751089681183e-02	-2.883461502821726627e-02	-1.860756929257373826e-03
4.768611697714474181e-09	1.899225809877717941e+00	8.618446989233488509e+00	3.254002062825709918e-01	8.355024460987405324e-03	1.649041419864001384e-03	4.218051494904576093e-01	7.284469992333823807e-02	-2.864825902997233942e-02	-1.845350912836433337e-03
4.994505115855140358e-09	1.890843361367471109e+00	8.579766824292319072e+00	3.254245426204939173e-01	8.244526733386537548e-03	1.630942494226054855e-03	4.212112471784190126e-01	7.278524577837844345e-02	-2.846262683818780864e-02	-1.830519622159321527e-03
5.231099308056257792e-09	1.882387835492827621e+00	8.541709656191022404e+00	3.254127294244102964e-01	8.140577646746657500e-03	1.614185989328903491e-03	4.206814009243624586e-01	7.274350172524837732e-02	-2.827785624031501147e-02	-1.816253193809429104e-03
5.478901179593956120e-09	1.873869296347136837e+00	8.504290208343400437e+00	3.253654681337454502e-01	8.042969282240738232e-03	1.598728313318132071e-03	4.202142189263380345e-01	7.271911150779875044e-02	-2.809408312132987209e-02	-1.802542135221499656e-03
5.738441648302404521e-09	1.865297591619692552e+00	8.467522642565594282e+00	3.252834727500448220e-01	7.951488432297917561e-03	1.584524830861758866e-03	4.198082539802058810e-01	7.271171271817596093e-02	-2.791143695079080500e-02	-1.789376872436656630e-03
6.010276782070388176e-09	1.856682423872934695e+00	8.431420868260827817e+00	3.251674707024591604e-01	7.865933972854042416e-03	1.571534104787968749e-03	4.194620937845435771e-01	7.272094805026049769e-02	-2.773004329300513340e-02	-1.776748007008832619e-03
6.294988990221888141e-09	1.848033331307847194e+00	8.395998276504650804e+00	3.250182100390260342e-01	7.786114527482098160e-03	1.559716703857129535e-03	4.191743434748895214e-01	7.274645905140532387e-02	-2.755002529187498134e-02	-1.764646433134483064e-03
6.593188271333541710e-09	1.839359627856332668e+00	8.361267852713869075e+00	3.248364448158453377e-01	7.711851580553678517e-03	1.549036891424218892e-03	4.189436546964331876e-01	7.278789628711407333e-02	-2.737149780934439516e-02	-1.753062777279448380e-03
6.905513520162316861e-09	1.830670498308281768e+00	8.327242079875674108e+00	3.246229557213143879e-01	7.642958885713915448e-03	1.539456820211441762e-03	4.187686021165270556e-01	7.284489512922719123e-02	-2.719457656189365816e-02	-1.741988262715623214e-03
7.232633896483518810e-09	1.821974916551033941e+00	8.293933121897227423e+00	3.243785286774149568e-01	7.579276957457955176e-03	1.530945191264552942e-03	4.186478806893229043e-01	7.291710774675412565e-02	-2.701936964906058794e-02	-1.731413912414932242e-03
7.575250258771920716e-09	1.813281593365739797e+00	8.261352221977762866e+00	3.241039689634012122e-01	7.520638529043608030e-03	1.523468787871876508e-03	4.185801153347356029e-01	7.300417408674998720e-02	-2.684598094055790432e-02	-1.721330846713578673e-03
7.934096665797492339e-09	1.804598956081266525e+00	8.229509804375915394e+00	3.238000935265116786e-01	7.466900003054981021e-03	1.517000230762351838e-03	4.185640304248439691e-01	7.310574595016514077e-02	-2.667450975658292381e-02	-1.711730368649936164e-03
8.309941949353386453e-09	1.795935210259553383e+00	8.198415788977701624e+00	3.234677294232433109e-01	7.417899402631612446e-03	1.511507526952316459e-03	4.185982345388878922e-01	7.322145875429712791e-02	-2.650505020481276272e-02	-1.702603803746041309e-03
8.703591361485183753e-09	1.787298361973646665e+00	8.168079596393011954e+00	3.231077173468303587e-01	7.373499562608391671e-03	1.506964740074115015e-03	4.186814406021323043e-01	7.335095914357789293e-02	-2.633769231595729440e-02	-1.693942526360645538e-03
9.115888299750837812e-09	1.778696232588480974e+00	8.138510117751501127e+00	3.227209152124052571e-01	7.333568972280495209e-03	1.503347170591046644e-03	4.188123640167908390e-01	7.349389009909021442e-02	-2.617252453892377276e-02	-1.685738264588017288e-03
9.547716114208065503e-09	1.770136426640825711e+00	8.109715724556281202e+00	3.223081916137239822e-01	7.297966459926207711e-03	1.500627612774331964e-03	4.189896501113740679e-01	7.364988313322672064e-02	-2.600963086938980207e-02	-1.677982788311005620e-03
1.000000000000000021e-08	1.761626352852157629e+00	8.081704211982637887e+00	3.218704314364177477e-01	7.266577796124825545e-03	1.498785211114565374e-03	4.192120571160052878e-01	7.381857985664236343e-02	-2.584909226576104224e-02	-1.670667965942810576e-03
