# Pressure Mass Radius Compactness k2 k3 h2 h3 j2 j3
9.999999999999999799e-13	1.280205039772724096e-01	2.460845431230136171e+01	7.681843083171499033e-03	3.536653269454005828e-03	2.854651917029502181e-04	9.843730940301322896e-01	3.234034023006742697e-01	-4.233079623379475478e-05	-2.863062796071978207e-06
1.047370897959448749e-12	1.326620060437763704e-01	2.363646877101313848e+01	8.287703409431860374e-03	4.401640936002720710e-03	3.716332258829091765e-04	9.843619392152640479e-01	3.226740377982660890e-01	-5.440938913701701628e-05	-3.900658800439422301e-06
1.096985797892381920e-12	1.374728669786814961e-01	2.277977536054536145e+01	8.911232768144773317e-03	5.398970731355978714e-03	4.792774926363561460e-04	9.845760942306179819e-01	3.219379245442585136e-01	-6.890696169499283994e-05	-5.238950653735118485e-06
1.148951000187311009e-12	1.424570501194837857e-01	2.202044564354897460e+01	9.552742654953167573e-03	6.534399374980948833e-03	6.108639019663242298e-04	9.850279599974682831e-01	3.211969311271345995e-01	-8.610036548359025670e-05	-6.937904788726226671e-06
1.203377840777590522e-12	1.476187750324515768e-01	2.134405350803772450e+01	1.021256729255701906e-02	7.812362174259144219e-03	7.695784164114214407e-04	9.857272733038948687e-01	3.204529213260839948e-01	-1.062717793933499073e-04	-9.063350298808854876e-06
1.260382929679727463e-12	1.529625063324918377e-01	2.073886416952313994e+01	1.089106271488822671e-02	9.235937916500661440e-03	9.583934379482391807e-04	9.866810625187480976e-01	3.197077130196576134e-01	-1.297071591376396267e-04	-1.168669741186772372e-05
1.320088400831416649e-12	1.584929454656538450e-01	2.019523794166170916e+01	1.158860598753450391e-02	1.080687559429682060e-02	1.179985220903867179e-03	9.878937718383650202e-01	3.189630493685022272e-01	-1.566948239777716211e-04	-1.488457978623347184e-05
1.382622173764653478e-12	1.642150239452659644e-01	1.970518539090626220e+01	1.230559444158531648e-02	1.252560155812694129e-02	1.436927723522933142e-03	9.893670757906847246e-01	3.182205588892495496e-01	-1.875241794946758253e-04	-1.873843195040174613e-05
1.448118227674535917e-12	1.701338986805455422e-01	1.926203083410305084e+01	1.304244504382091364e-02	1.439127716692096930e-02	1.731713223416240111e-03	9.911002591251787397e-01	3.174817281005241076e-01	-2.224845892437606163e-04	-2.333401379451508113e-05
1.516716888470924089e-12	1.762549470121413941e-01	1.886015473410517274e+01	1.379959367374855063e-02	1.640186274037452874e-02	2.066569036875598366e-03	9.930900976222448717e-01	3.167478746118124189e-01	-2.618643601437580762e-04	-2.876089094861620967e-05
1.588565129428052692e-12	1.825836687172582851e-01	1.849479925706250683e+01	1.457748296068442535e-02	1.855415073257550215e-02	2.443369114125324565e-03	9.953310630440822537e-01	3.160201336233238179e-01	-3.059491807370242722e-04	-3.511178132026481706e-05
1.663816886076127415e-12	1.891254004466913496e-01	1.816192239127702379e+01	1.537652788241753582e-02	2.084372581004012223e-02	2.863216826081505743e-03	9.978152944801598201e-01	3.152994602064286278e-01	-3.550189157961374594e-04	-4.248158589224998064e-05
1.742633386009647278e-12	1.958855052663493468e-01	1.785805640824704099e+01	1.619714036229751020e-02	2.326514802864261544e-02	3.327639145517669820e-03	1.000532890228326588e+00	3.145865967171687649e-01	-4.093475459475042822e-04	-5.096679862641081813e-05
1.825183494319046040e-12	2.028694255900007348e-01	1.758020606641643724e+01	1.703973644491095160e-02	2.581202202545820543e-02	3.837253039468654578e-03	1.003472007831333945e+00	3.138820403925342561e-01	-4.692026394389044934e-04	-6.066484689885273717e-05
1.911644075385703708e-12	2.100826663341928968e-01	1.732577067492628586e+01	1.790473485400093795e-02	2.847713246432848067e-02	4.392272993190193299e-03	1.006619134875933241e+00	3.131860450953995456e-01	-5.348444491120474958e-04	-7.167335495563288261e-05
2.002200371815584363e-12	2.175307769006190606e-01	1.709248097446979386e+01	1.879255546798943438e-02	3.125248552148989639e-02	4.992596968800782839e-03	1.009959160069344497e+00	3.124986064081539672e-01	-6.065250787473281139e-04	-8.408940757619698207e-05
2.097046401323230665e-12	2.252193312558141980e-01	1.687834764147044808e+01	1.970361767096281622e-02	3.412943790789148280e-02	5.637879302901408970e-03	1.013475641553787110e+00	3.118194644706218099e-01	-6.844876739577998408e-04	-9.800880582000128958e-05
2.196385372416542332e-12	2.331539063536237633e-01	1.668161899025345463e+01	2.063833861013766521e-02	3.709880075849855685e-02	6.327224227482872165e-03	1.017150979853948867e+00	3.111481176155017625e-01	-7.689656534880256631e-04	-1.135253286378277884e-04
2.300430119772921506e-12	2.413400586854861363e-01	1.650074600297069694e+01	2.159713136070933598e-02	4.015088244155722019e-02	7.059417003166302412e-03	1.020966521943133642e+00	3.104838108091304560e-01	-8.601819598082024359e-04	-1.307300013272792326e-04
2.409403560239526876e-12	2.497832987476959199e-01	1.633435326576245572e+01	2.258040296117936468e-02	4.327561525817169574e-02	7.832780828298597370e-03	1.024902805825295582e+00	3.098255579920194958e-01	-9.583483225881022066e-04	-1.497103745190107491e-04
2.523539170434765862e-12	2.584890634723023828e-01	1.618121464985798497e+01	2.358855237270885558e-02	4.646262150784294387e-02	8.645308352245464553e-03	1.028939688454808543e+00	3.091721488069453794e-01	-1.063664527150630411e-03	-1.705498174942544833e-04
2.643081486974102692e-12	2.674626864476567500e-01	1.604023288410823156e+01	2.462196831259914551e-02	4.970126307717844666e-02	9.494738464680112927e-03	1.033056437156339324e+00	3.085221560541302477e-01	-1.176317684057519471e-03	-1.933268292582917126e-04
2.768286630392061017e-12	2.767093170957373172e-01	1.591042297393473426e+01	2.568102136675526337e-02	5.298076172970524189e-02	1.037835515042896846e-02	1.037231987826543689e+00	3.078739716502121859e-01	-1.296480840541666029e-03	-2.181142330284939815e-04
2.899422853882880921e-12	2.862338706044123549e-01	1.579089785043922411e+01	2.676605920451664497e-02	5.629021936752611616e-02	1.129342608814012418e-02	1.041444991740917203e+00	3.072258112538882591e-01	-1.424311880150886571e-03	-2.449784409032175524e-04
3.036771118035460378e-12	2.960412534317884981e-01	1.568085353415006722e+01	2.787743237796385873e-02	5.961879092115145162e-02	1.223664274658069380e-02	1.045674082012816530e+00	3.065757225569658018e-01	-1.559956250089280377e-03	-2.739795645798285672e-04
3.180625692794118977e-12	3.061363935323943575e-01	1.557955946181355600e+01	2.901549764651359040e-02	6.295574570086404087e-02	1.320471593167392259e-02	1.049898001583642770e+00	3.059215991776851884e-01	-1.703547532975215094e-03	-3.051711578176774606e-04
3.331294787934670055e-12	3.165242270317804585e-01	1.548635050461912677e+01	3.018061653954260889e-02	6.629056710281740206e-02	1.419418623078745438e-02	1.054095806527812762e+00	3.052612115386341141e-01	-1.855207502733899425e-03	-3.385998948099312039e-04
3.489101213406766494e-12	3.272096843904581664e-01	1.540061992175253458e+01	3.137315398731518878e-02	6.961298879652200178e-02	1.520136636112042611e-02	1.058246931702230276e+00	3.045922264728714857e-01	-2.015046202128522191e-03	-3.743052939598235664e-04
3.654383070957261569e-12	3.381976755927612044e-01	1.532181314471046640e+01	3.259347694508825388e-02	7.291302772278697442e-02	1.622253204387135925e-02	1.062331270163467734e+00	3.039122252311254879e-01	-2.183162014137230225e-03	-4.123194789674668919e-04
3.827494478516314936e-12	3.494930743266626005e-01	1.524942229015513462e+01	3.384195299459162587e-02	7.618100882637141025e-02	1.725388495214513415e-02	1.066329218539801671e+00	3.032187199195133243e-01	-2.359641722909683065e-03	-4.526669735309435828e-04
4.008806328898464320e-12	3.611007009630150533e-01	1.518298131515129334e+01	3.511894888526777975e-02	7.940766124068673881e-02	1.829161103905006455e-02	1.070221880717590501e+00	3.025091931709767423e-01	-2.544560560968263125e-03	-4.953645312740185755e-04
4.198707084443905621e-12	3.730253049233426821e-01	1.512206172472184740e+01	3.642482908844565243e-02	8.258408604207592707e-02	1.933184896032243485e-02	1.073991004935498150e+00	3.017810988861866495e-01	-2.737982254724075516e-03	-5.404210018761865112e-04
4.397603609302712498e-12	3.852715454110074433e-01	1.506626877068729264e+01	3.775995424340494039e-02	8.570178729527495876e-02	2.037075647948088236e-02	1.077619047012732922e+00	3.010318842524841720e-01	-2.939959032364174510e-03	-5.878372220034630471e-04
4.605922041145112927e-12	3.978439711176514626e-01	1.501523807470238836e+01	3.912467956607579289e-02	8.875272838882990178e-02	2.140457460641057366e-02	1.081089298669376531e+00	3.002590198147231382e-01	-3.150531614709520083e-03	-6.376059358633484782e-04
4.824108704165373984e-12	4.107469935421292351e-01	1.496863264461397947e+01	4.051935263299816237e-02	9.172930154675690284e-02	2.242956285573878203e-02	1.084385822228693952e+00	2.994600007088520921e-01	-3.369729094317094626e-03	-6.897117242770204899e-04
5.052631065335679604e-12	4.239848622709015968e-01	1.492614017986949015e+01	4.194431150591579338e-02	9.462436819608914529e-02	2.344209580191989120e-02	1.087493545017486518e+00	2.986323743510313489e-01	-3.597568835026463546e-03	-7.441309678873206032e-04
5.291978735958436557e-12	4.375616472225408171e-01	1.488747064429002620e+01	4.339988367641994804e-02	9.743124552117282677e-02	2.443862643194093243e-02	1.090398231937441675e+00	2.977737468811322286e-01	-3.834056490074444316e-03	-8.008318728118126286e-04
5.542664520663095602e-12	4.514812155778856195e-01	1.485235412474792938e+01	4.488638447994557079e-02	1.001437345770873205e-01	2.541576866476223662e-02	1.093086552995173655e+00	2.968818028249496366e-01	-4.079185923037130165e-03	-8.597745021673206369e-04
5.805225516094907684e-12	4.657472075734591654e-01	1.482053892037085951e+01	4.640411544258430526e-02	1.027561083975101069e-01	2.637023788994918849e-02	1.095546060899297514e+00	2.959543133218447974e-01	-4.332939113186775985e-03	-9.209108366043260076e-04
6.080224261649427052e-12	4.803630111006361170e-01	1.479178983508327505e+01	4.795336255255858854e-02	1.052630860818373898e-01	2.729892364953130993e-02	1.097765142102684610e+00	2.949891470856548237e-01	-4.595286024453115389e-03	-9.841848526630221465e-04
6.368249944718585906e-12	4.953317358151599348e-01	1.476588664464893341e+01	4.953439454167785777e-02	1.076599211835765346e-01	2.819888194364703060e-02	1.099733217379184058e+00	2.939842905986900234e-01	-4.866184478360016490e-03	-1.049532634548807969e-03
6.669919663030115058e-12	5.106561860738144665e-01	1.474262272464287804e+01	5.114746108624822207e-02	1.099422892190645012e-01	2.906733662500570262e-02	1.101440501409612915e+00	2.929378432307326863e-01	-5.145579990570599456e-03	-1.116882503033405976e-03
6.985879746785234820e-12	5.263388333644234418e-01	1.472180381746818156e+01	5.279279100392570562e-02	1.121063411481935390e-01	2.990170217014647205e-02	1.102878128471948882e+00	2.918480334826976108e-01	-5.433405605062186644e-03	-1.186155173268270543e-03
7.316807143427207274e-12	5.423817879440622214e-01	1.470324692279324097e+01	5.447059041674007229e-02	1.141486928801017375e-01	3.069958080851580701e-02	1.104038137436966327e+00	2.907132274825555140e-01	-5.729581712773140073e-03	-1.257263935685176909e-03
7.663410868007462274e-12	5.587867698801005645e-01	1.468677930191063474e+01	5.618104088205150975e-02	1.160664059778049595e-01	3.145878239418946343e-02	1.104913438284131466e+00	2.895319325577465630e-01	-6.034015858292275138e-03	-1.330114861583298709e-03
8.026433522257174683e-12	5.755551172006475591e-01	1.467223755278551245e+01	5.792430140396803012e-02	1.178569792003664046e-01	3.217731256524383743e-02	1.105497793591944777e+00	2.883027986228572925e-01	-6.346603247133791870e-03	-1.404607201340660064e-03
8.406652885618316356e-12	5.926879141262737516e-01	1.465946678372518974e+01	5.970052257031048526e-02	1.195183677702653796e-01	3.285339481969646452e-02	1.105785841729477470e+00	2.870246162339434859e-01	-6.667229520935072200e-03	-1.480634340285135993e-03
8.804883581643446547e-12	6.101859169963222973e-01	1.464832014483054046e+01	6.150983923374444412e-02	1.210489622783382790e-01	3.348546815932487014e-02	1.105773073161764541e+00	2.856963220294702621e-01	-6.995769786278465720e-03	-1.558083870525271697e-03
9.221978823334340144e-12	6.280494997361047993e-01	1.463865831791748384e+01	6.335236542667781190e-02	1.224475587752825445e-01	3.407217881621393829e-02	1.105455780682693900e+00	2.843170015757431890e-01	-7.332087997101739002e-03	-1.636837772807128331e-03
9.658832241158709141e-12	6.462786298518178318e-01	1.463034898964187391e+01	6.522819258550120736e-02	1.237133529049791875e-01	3.461237887682905995e-02	1.104831058003319599e+00	2.828858918901857589e-01	-7.676036882885929960e-03	-1.716772743241942257e-03
1.011637979766206976e-11	6.648728445937230891e-01	1.462326636116501177e+01	6.713738782614053768e-02	1.248459392366252085e-01	3.510513538715127196e-02	1.103896810820101493e+00	2.814023884528472075e-01	-8.027457893454263693e-03	-1.797760544713116002e-03
1.059560179277614774e-11	6.838312270411535110e-01	1.461729069376590928e+01	6.907999223486134543e-02	1.258452710433993205e-01	3.554971271634643076e-02	1.102651676548095150e+00	2.798660374956277730e-01	-8.386181137544874292e-03	-1.879668372201079990e-03
1.109752496412069864e-11	7.031523822582488314e-01	1.461230789071314007e+01	7.105601917194746819e-02	1.267116732302748239e-01	3.594557980536393360e-02	1.101095066887213925e+00	2.782765434460913734e-01	-8.752025322712695191e-03	-1.962359234025564010e-03
1.162322468679854125e-11	7.228344137493123434e-01	1.460820911448108284e+01	7.306545259746488608e-02	1.274457995504338359e-01	3.629239591190665248e-02	1.099227081368268744e+00	2.766337618444515423e-01	-9.124797703457431658e-03	-2.045692350573458714e-03
1.217382727739662020e-11	7.428749001151211395e-01	1.460489043560768252e+01	7.510824540826632756e-02	1.280486508465733531e-01	3.659001612954803501e-02	1.097048562897104063e+00	2.749377058963026199e-01	-9.504294034343061318e-03	-2.129523567331421344e-03
1.275051240713012859e-11	7.632708723357962688e-01	1.460225251143388192e+01	7.718431782005612252e-02	1.285215149232976639e-01	3.683847258080810011e-02	1.094560970072119943e+00	2.731885360317314881e-01	-9.890298538703922240e-03	-2.213705784500241084e-03
1.335451562929897339e-11	7.840188078919759773e-01	1.460020029566764421e+01	7.929355741026490600e-02	1.288659902608849939e-01	3.703797603351889622e-02	1.091766442819142924e+00	2.713865624224282569e-01	-1.028258419800805526e-02	-2.298089467582705749e-03
1.398713102647241439e-11	8.051147458534269052e-01	1.459864275113230292e+01	8.143583148792343795e-02	1.290839641417984018e-01	3.718891104311913831e-02	1.088667741325185734e+00	2.695322316049771905e-01	-1.068091531631725280e-02	-2.382523637447685888e-03
1.464971398307287854e-11	8.265541900590243074e-01	1.459749258951766038e+01	8.361097799265988784e-02	1.291775634512512816e-01	3.729181532380070746e-02	1.085268156544145768e+00	2.676261210804327662e-01	-1.108504607215133643e-02	-2.466855988672135916e-03
1.534368408930013065e-11	8.483320017062643270e-01	1.459666602354547216e+01	8.581879533931910387e-02	1.291491751642812325e-01	3.734738378732362779e-02	1.081571586649720418e+00	2.656689530196100213e-01	-1.149471886818194920e-02	-2.550932994897076294e-03
1.607052818261638620e-11	8.704423800817439050e-01	1.459608254544672157e+01	8.805904111157357439e-02	1.290014121566470107e-01	3.735645306763692858e-02	1.077582468023371876e+00	2.636615861031256225e-01	-1.190966435666134145e-02	-2.634600388340659072e-03
1.683180353330955093e-11	8.928788457648182408e-01	1.459566473059631875e+01	9.033143092760811954e-02	1.287370689450736405e-01	3.731998421657940768e-02	1.073305680192514266e+00	2.616050019009838468e-01	-1.232960152412805425e-02	-2.717703657379739752e-03
1.762914118095944293e-11	9.156342254835631023e-01	1.459533806833712255e+01	9.263563735888899475e-02	1.283591944308988542e-01	3.723908220450410089e-02	1.068746734257681519e+00	2.595003262702884061e-01	-1.275423780033855571e-02	-2.800088548803373028e-03
1.846424942895546448e-11	9.387006387748355607e-01	1.459503080906731576e+01	9.497128896160605960e-02	1.278709756819484955e-01	3.711495360954270711e-02	1.063911503266275815e+00	2.573487948987864260e-01	-1.318326922630774431e-02	-2.881601584968522100e-03
1.933891750455232057e-11	9.620694859043071867e-01	1.459467383442386712e+01	9.733796930413324278e-02	1.272757815378226798e-01	3.694891744399742689e-02	1.058806339579175138e+00	2.551517657085688451e-01	-1.361638061617264847e-02	-2.962090571878920209e-03
2.025501939230666486e-11	9.857314385776588805e-01	1.459420053200873646e+01	9.973521624742862079e-02	1.265771429740037979e-01	3.674239246454339552e-02	1.053438039061298515e+00	2.529107104649725990e-01	-1.405324582252769766e-02	-3.041405127533417484e-03
2.121451784910627571e-11	1.009676433574205223e+00	1.459354672059770053e+01	1.021625211656755905e-01	1.257787236982903234e-01	3.649688442001115807e-02	1.047813780292277563e+00	2.506272061426956799e-01	-1.449352801149643259e-02	-3.119397203943900711e-03
2.221946860939528424e-11	1.033893665443680332e+00	1.459265053144327062e+01	1.046193283346352060e-01	1.248843171129322832e-01	3.621398080906606393e-02	1.041941128403237160e+00	2.483029327403851461e-01	-1.493687996117991357e-02	-3.195921597876006087e-03
2.327202478960412005e-11	1.058371555177337608e+00	1.459145233204086800e+01	1.071050315684431292e-01	1.238977190644977439e-01	3.589531165222407255e-02	1.035827729057601676e+00	2.459396412536438148e-01	-1.538294387288799241e-02	-3.270836371216332035e-03
2.437444150122221807e-11	1.083097677609291765e+00	1.458989453795205016e+01	1.096189674672965603e-01	1.228232608314278745e-01	3.554267520751324544e-02	1.029482678086092395e+00	2.435392807029877482e-01	-1.583135050885928208e-02	-3.344003159636116298e-03
2.552908068239516723e-11	1.108058739325745057e+00	1.458792147550424190e+01	1.121604134450744777e-01	1.216647068093131834e-01	3.515776546543238068e-02	1.022913742930927627e+00	2.411037426042524079e-01	-1.628171906514212786e-02	-3.415287581365267916e-03
2.673841615839943880e-11	1.133240586932351190e+00	1.458547926918040538e+01	1.147285886450857134e-01	1.204263238292880289e-01	3.474242410144700449e-02	1.016130077888445227e+00	2.386351011175443515e-01	-1.673365788299790990e-02	-3.484559811857891598e-03
2.800503894183625342e-11	1.158628216347429962e+00	1.458251580359589994e+01	1.173226543452332710e-01	1.191123247786220474e-01	3.429850114530627603e-02	1.009140823412918664e+00	2.361354815958442155e-01	-1.718676497966590069e-02	-3.551695078821045723e-03
2.933166278390048099e-11	1.184205786756564738e+00	1.457898067306817325e+01	1.199417148426160651e-01	1.177269767932428296e-01	3.382787533414245013e-02	1.001955388163137339e+00	2.336070806639047870e-01	-1.764062875231465002e-02	-3.616574165248421721e-03
3.072112998861759207e-11	1.209956639059693195e+00	1.457482516490753355e+01	1.225848184272073649e-01	1.162745676580943105e-01	3.333244032805436630e-02	9.945833695568845334e-01	2.310521532288073998e-01	-1.809482874690996473e-02	-3.679083892646943001e-03
3.217641750250735458e-11	1.235863317918585613e+00	1.457000225000933114e+01	1.252509585376430923e-01	1.147594152504112924e-01	3.281410206787610528e-02	9.870345855283844116e-01	2.284730101939953795e-01	-1.854893648253056609e-02	-3.739117576915103065e-03
3.370064329271925032e-11	1.261907597797805591e+00	1.456446657218797647e+01	1.279390752039915313e-01	1.131858344327993787e-01	3.227476587835998584e-02	9.793189943032682976e-01	2.258720056837521251e-01	-1.900251636426514290e-02	-3.796575457806959392e-03
3.529707302730657668e-11	1.288070512581922511e+00	1.455817448954196536e+01	1.306480562587789829e-01	1.115580657269754916e-01	3.171631272255305556e-02	9.714465091232877825e-01	2.232515125731696359e-01	-1.945512657799530407e-02	-3.851365090393415666e-03
3.696912707195032437e-11	1.314332381214110779e+00	1.455108405848399933e+01	1.333767384832635350e-01	1.098806631269292206e-01	3.114069159258591249e-02	9.634280473048113524e-01	2.206140186008367365e-01	-1.990632009153161033e-02	-3.903401720504641112e-03
3.872038781812557004e-11	1.340672615767608544e+00	1.454315510587603022e+01	1.361238857159344229e-01	1.081576591880658855e-01	3.054971042540521181e-02	9.552733233536322421e-01	2.179619265616996870e-01	-2.035564158999872419e-02	-3.952608127057145870e-03
4.055460735840827506e-11	1.367069626379854297e+00	1.453434909652969864e+01	1.388881784516629858e-01	1.063934135481933579e-01	2.994524234958877498e-02	9.469931477206074977e-01	2.152977757207263920e-01	-2.080262645370059907e-02	-3.998914786957634589e-03
4.247571552536894126e-11	1.393500968280298125e+00	1.452462895487255068e+01	1.416682284447650375e-01	1.045921544694201621e-01	2.932910833256808722e-02	9.385981822110353034e-01	2.126241089722596123e-01	-2.124680363197905056e-02	-4.042260374407260180e-03
4.448782831127576069e-11	1.419943401562921315e+00	1.451395905134616449e+01	1.444625828904695097e-01	1.027580603910581147e-01	2.870309330548606597e-02	9.300991590317317925e-01	2.099434861044710277e-01	-2.168769704007274257e-02	-4.082592061931828060e-03
4.659525668664686662e-11	1.446372955833453711e+00	1.450230517824162213e+01	1.472697290859626973e-01	1.008952431596892435e-01	2.806893991915120415e-02	9.215068340135944558e-01	2.072584735169964165e-01	-2.212482714309406059e-02	-4.119865777129449666e-03
4.880251583654433574e-11	1.472764998068368580e+00	1.448963459155906719e+01	1.500880986311557419e-01	9.900770743310491340e-02	2.742833374006664604e-02	9.128318717237916546e-01	2.045716245100853703e-01	-2.255771245261797842e-02	-4.154046389118540121e-03
5.111433483440165318e-11	1.499094308920836838e+00	1.447591605327425945e+01	1.529160723103878683e-01	9.709942879973869345e-02	2.678292097372834968e-02	9.040850631441679219e-01	2.018854950800683112e-01	-2.298587128456410639e-02	-4.185107883250038623e-03
5.353566677410718816e-11	1.525335159317577682e+00	1.446111988888796951e+01	1.557519846731033331e-01	9.517425013552811841e-02	2.613428068189101172e-02	8.952770328739464434e-01	1.992026094533303482e-01	-2.340882333506836763e-02	-4.213033422757488447e-03
5.607169938205469661e-11	1.551461394417787076e+00	1.444521805267050674e+01	1.585941291052772317e-01	9.323592359816147701e-02	2.548393174975471451e-02	8.864183537525704981e-01	1.965254636131759658e-01	-2.382609146645286655e-02	-4.237815397111604696e-03
5.872786613189488850e-11	1.577446518699728184e+00	1.442818419444847855e+01	1.614407628254273530e-01	9.128807039421595049e-02	2.483332168806433315e-02	8.775194278198296116e-01	1.938565083204721318e-01	-2.423720341619657256e-02	-4.259455388738406581e-03
6.150985788580503926e-11	1.603263752681582277e+00	1.440999375953031603e+01	1.642901084315566418e-01	8.933422701830495694e-02	2.418383895674429407e-02	8.685906198760973140e-01	1.911981615687556590e-01	-2.464169306930801343e-02	-4.277964078807872106e-03
6.442363508721370414e-11	1.628885785622458338e+00	1.439062419741584620e+01	1.671403227698656513e-01	8.737782049856243627e-02	2.353680437239167450e-02	8.596422234238842996e-01	1.885528183390985379e-01	-2.503909683059836119e-02	-4.293360863581396035e-03
6.747544053110686101e-11	1.654284799396964933e+00	1.437005482264764034e+01	1.699894971618660933e-01	8.542216055904268412e-02	2.289347202689188607e-02	8.506844368744350682e-01	1.859228495456775321e-01	-2.542895428143885153e-02	-4.305673686450576382e-03
7.067181273927477085e-11	1.679432659305888365e+00	1.434826662170369893e+01	1.728356754899827152e-01	8.347043483758523341e-02	2.225502547895664637e-02	8.417273283067847611e-01	1.833105837818849726e-01	-2.581081136889414041e-02	-4.314938902369026656e-03
7.401959996915652408e-11	1.704301028054168610e+00	1.432524224446426508e+01	1.756768623703375276e-01	8.152569902361281318e-02	2.162257557202136235e-02	8.327807957796224958e-01	1.807182976865596147e-01	-2.618422237787284418e-02	-4.321201050929992203e-03
7.752597488629464062e-11	1.728861487877417780e+00	1.430096603213648265e+01	1.785110316995655311e-01	7.959086447725209623e-02	2.099715669362334919e-02	8.238545182611077822e-01	1.781482041311589770e-01	-2.654875210332814650e-02	-4.324512609627948791e-03
8.119844993184008328e-11	1.753085662789762411e+00	1.427542407727657547e+01	1.813361347762075526e-01	7.766868641706928256e-02	2.037972485356180641e-02	8.149579069643059226e-01	1.756024428212391297e-01	-2.690397784365376743e-02	-4.324933662681350321e-03
8.504489341802668113e-11	1.776945344293350049e+00	1.424860429354934510e+01	1.841501086052170777e-01	7.576179452822329186e-02	1.977116563351911244e-02	8.061001863902513831e-01	1.730830834495705739e-01	-2.724949147808938474e-02	-4.322531545453991986e-03
8.907354638610458163e-11	1.800412616338079808e+00	1.422049649276124228e+01	1.869508839939038047e-01	7.387262548276414542e-02	1.917227656047475193e-02	7.972901727636422242e-01	1.705920964597306133e-01	-2.758490143693604138e-02	-4.317380431573292730e-03
9.329304026284695888e-11	1.823459979622092941e+00	1.419109246691168735e+01	1.897363934916533601e-01	7.200350539661168336e-02	1.858379188660802539e-02	7.885365155322654473e-01	1.681313782881284913e-01	-2.790983459702179800e-02	-4.309560881691404388e-03
9.771241535346501225e-11	1.846060470166528855e+00	1.416038606977880221e+01	1.925045787370208428e-01	7.015657827979536465e-02	1.800636303928875720e-02	7.798474613682179202e-01	1.657027200994955207e-01	-2.822393799472793646e-02	-4.299159348054987922e-03
1.023411402105452712e-10	1.868187672883035111e+00	1.412837338435775969e+01	1.952533856615455421e-01	6.833384272282358451e-02	1.744057089003924615e-02	7.712309663119968350e-01	1.633078248554644119e-01	-2.852687901436713053e-02	-4.286267691086753651e-03
1.071891319205126445e-10	1.889815594502017859e+00	1.409505278777706572e+01	1.979807461732184248e-01	6.653716352117058919e-02	1.688693241146694765e-02	7.626947448972571930e-01	1.609483253672241154e-01	-2.881834325966520574e-02	-4.270982636012749835e-03
1.122667773510811312e-10	1.910918740564453877e+00	1.406042475122971069e+01	2.006845847511468939e-01	6.476826050848395744e-02	1.634589857789980893e-02	7.542462202372814950e-01	1.586257755381103585e-01	-2.909803535879847483e-02	-4.253405176431937669e-03
1.175849554052158201e-10	1.931472240676572971e+00	1.402449177191788010e+01	2.033628285697510751e-01	6.302870614684592809e-02	1.581785529062774975e-02	7.458924971638350998e-01	1.563416435982447894e-01	-2.936568045732863147e-02	-4.233640009217179423e-03
1.231550603292826197e-10	1.951451981220874821e+00	1.398725837762140145e+01	2.060134176264871719e-01	6.131993181669342929e-02	1.530312786471432068e-02	7.376403634189627745e-01	1.540973105634257934e-01	-2.962102585948106492e-02	-4.211794991457924048e-03
1.289890261253308184e-10	1.970834734648275077e+00	1.394873114154144034e+01	2.086343145866117743e-01	5.964321694447143052e-02	1.480197923894551078e-02	7.294962342676095668e-01	1.518940603443855453e-01	-2.986384255850899755e-02	-4.187980584482079924e-03
1.350993521198024986e-10	1.989598286315694464e+00	1.390891874147042806e+01	2.112235139415954699e-01	5.799970117033743239e-02	1.431461478897251040e-02	7.214661731413574142e-01	1.497330796906701511e-01	-3.009392664778290372e-02	-4.162309305851501565e-03
1.414991297434578731e-10	2.007721554417984944e+00	1.386783201063192372e+01	2.137790507775846061e-01	5.639038167291653136e-02	1.384118399055442317e-02	7.135558635774630343e-01	1.476154541995552683e-01	-3.031110056026518548e-02	-4.134895173319086056e-03
1.482020705798860072e-10	2.025184701384102670e+00	1.382548398549016433e+01	2.162990089298515994e-01	5.481611705023603509e-02	1.338178317095471345e-02	7.057706031195010166e-01	1.455421664244383184e-01	-3.051521413389522361e-02	-4.105853158369753529e-03
1.552225357427047968e-10	2.041969252604816099e+00	1.378188992355722142e+01	2.187815306709210983e-01	5.327763169840531166e-02	1.293645831669215998e-02	6.981152974259947630e-01	1.435140934589206330e-01	-3.070614564854506207e-02	-4.075298623154771475e-03
1.625755666443793407e-10	2.058058215848161510e+00	1.373706704453978311e+01	2.212248312902476699e-01	5.177552307217016259e-02	1.250520917708580412e-02	6.905944598619232488e-01	1.415320041185758326e-01	-3.088380249520960089e-02	-4.043346609464433528e-03
1.702769172225897821e-10	2.073435875776510784e+00	1.369103472934209620e+01	2.236271719350330089e-01	5.031023441378051908e-02	1.208798527192011564e-02	6.832121299093826261e-01	1.395965665640238884e-01	-3.104811765830977829e-02	-4.010111536001965266e-03
1.783430876931905687e-10	2.088087748914641661e+00	1.364381457304688361e+01	2.259868516939851080e-01	4.888217996192248394e-02	1.168472006304115129e-02	6.759723063367346629e-01	1.377084038562849666e-01	-3.119904848325547736e-02	-3.975706853920988465e-03
1.867913599020784805e-10	2.102000670458140430e+00	1.359543031643529254e+01	2.283022160273700529e-01	4.749159116529694247e-02	1.129529313058574846e-02	6.688783910819428025e-01	1.358680304049336984e-01	-3.133657705876374128e-02	-3.940244585288513700e-03
1.956398343517064725e-10	2.115162883804938332e+00	1.354590782222167888e+01	2.305716651973382658e-01	4.613864224642535289e-02	1.091956356692263229e-02	6.619336099966617315e-01	1.340758981200904365e-01	-3.146071067947708855e-02	-3.903834916367472912e-03
2.049074689815846066e-10	2.127564121076235271e+00	1.349527505805460770e+01	2.327936620344364937e-01	4.482337743877581882e-02	1.055735358573547424e-02	6.551407372342313851e-01	1.323323660883754527e-01	-3.157148217567326554e-02	-3.866585816463317168e-03
2.146141197858401440e-10	2.139195677391188877e+00	1.344356210500990834e+01	2.349667390093852504e-01	4.354579269190399921e-02	1.020846977610353166e-02	6.485023705314048037e-01	1.306377302911779226e-01	-3.166895014695757932e-02	-3.828602704079962261e-03
2.247805833548729991e-10	2.150050473953031283e+00	1.339080116905610041e+01	2.370895044323758916e-01	4.230574818015311184e-02	9.872682384065890882e-03	6.420205994774489389e-01	1.289921867503381336e-01	-3.175319894601581067e-02	-3.789988125016533795e-03
2.354286414322420067e-10	2.160123138642506824e+00	1.333702638392485618e+01	2.391606547381609493e-01	4.110312504503518122e-02	9.549766785656567045e-03	6.356975558157748063e-01	1.273958929932889061e-01	-3.182433877635456460e-02	-3.750841353890595632e-03
2.465811075822603842e-10	2.169410136582794024e+00	1.328227283135198888e+01	2.411790072992624767e-01	3.993754392883780424e-02	9.239432636682217911e-03	6.295343399286370545e-01	1.258488343526359132e-01	-3.188250525472267199e-02	-3.711257460400128969e-03
2.582618760682674929e-10	2.177909461044625239e+00	1.322657726182223925e+01	2.431434548778889093e-01	3.880868057759831458e-02	8.941405756144963843e-03	6.235322102923840371e-01	1.243509826803066848e-01	-3.192785534973388573e-02	-3.671327802141728311e-03
2.704959730463131364e-10	2.185620518920434296e+00	1.316997842936949326e+01	2.450529475250367295e-01	3.771611884235449852e-02	8.655392492318857156e-03	6.176920521530754327e-01	1.229022468159257642e-01	-3.196056541466569395e-02	-3.631140164502273497e-03
2.833096101839318258e-10	2.192544159035815010e+00	1.311251698444624658e+01	2.469064983716695028e-01	3.665940448489214687e-02	8.381093350679031870e-03	6.120145633423693665e-01	1.215024925077673040e-01	-3.198083075700007549e-02	-3.590778601650104068e-03
2.967302408188872501e-10	2.198682703803969130e+00	1.305423541693981093e+01	2.487031893343129851e-01	3.563803454075281651e-02	8.118201490494147271e-03	6.065002021553598244e-01	1.201515372740961096e-01	-3.198886533856772074e-02	-3.550323328508847489e-03
3.107866187782014063e-10	2.204039970544926064e+00	1.299517800812247259e+01	2.504421759217144716e-01	3.465144790773255074e-02	7.866400629446474932e-03	6.011491391169238030e-01	1.188491445217892545e-01	-3.198490123688369630e-02	-3.509850614994904517e-03
3.255088599835056406e-10	2.208621282813775011e+00	1.293539069729978230e+01	2.521226929802198868e-01	3.369905275408042328e-02	7.625372272735521720e-03	5.959613487602116733e-01	1.175950336175600602e-01	-3.196918843430558016e-02	-3.469432742505915851e-03
3.409285069746807543e-10	2.212433481866126428e+00	1.287492104037953133e+01	2.537440591494274367e-01	3.278029681782933247e-02	7.394813470476407045e-03	5.909368729151814881e-01	1.163889101954288796e-01	-3.194199350026002970e-02	-3.429137856708240444e-03
3.570785964900469852e-10	2.215484970972845247e+00	1.281381647274205804e+01	2.553057192806658660e-01	3.189443841209423092e-02	7.174380525737577771e-03	5.860748899856824679e-01	1.152303454204725713e-01	-3.190359817825953737e-02	-3.389028994461012328e-03
3.739937302478801677e-10	2.217785486608971457e+00	1.275212488019472445e+01	2.568072114344214785e-01	3.104079173965924171e-02	6.963750485423437879e-03	5.813746850679946121e-01	1.141189022998736480e-01	-3.185429623154218542e-02	-3.349164625664701866e-03
3.917101490809260641e-10	2.219345961809365164e+00	1.268989567705871302e+01	2.582481330448964663e-01	3.021864964085331159e-02	6.762602001921400041e-03	5.768353792930561719e-01	1.130541189184041811e-01	-3.179439263356949319e-02	-3.309599506496222008e-03
4.102658105827190344e-10	2.220178504066018466e+00	1.262717965788262120e+01	2.596281441081118024e-01	2.942723594195929132e-02	6.570603603184946816e-03	5.724557333226983902e-01	1.120354854816763418e-01	-3.172420307188580924e-02	-3.270384750487600762e-03
4.297004704320835313e-10	2.220296368645297669e+00	1.256402892898384138e+01	2.609469685416066498e-01	2.866595100846090413e-02	6.387476843396740038e-03	5.682351157465341807e-01	1.110625611399989193e-01	-3.164405264527245243e-02	-3.231567822785510590e-03
4.500557675700488183e-10	2.219713956569050239e+00	1.250049680454110579e+01	2.622043994466550787e-01	2.793393059356324287e-02	6.212881192327941726e-03	5.641717464219029310e-01	1.101347587347231427e-01	-3.155427610831535584e-02	-3.193192693528508139e-03
4.713753134116729086e-10	2.218446767955681409e+00	1.243663768092684663e+01	2.634002999041596960e-01	2.723047656656924637e-02	6.046526797244740695e-03	5.602644013779765064e-01	1.092515540586442152e-01	-3.145521660353015753e-02	-3.155299866583769451e-03
4.937047852839003559e-10	2.216511360424069377e+00	1.237250624370330954e+01	2.645346188736810711e-01	2.655483325535963265e-02	5.888115775383656776e-03	5.565115081090716842e-01	1.084123698960458015e-01	-3.134722406806415146e-02	-3.117926079215584644e-03
5.170920242896755486e-10	2.213925165561981157e+00	1.230815575756386693e+01	2.656074108856024130e-01	2.590624773098789552e-02	5.737358196453254400e-03	5.529113650631571897e-01	1.076165971005272892e-01	-3.123065061632546505e-02	-3.081103575284666659e-03
5.415871378079465267e-10	2.210706396154829001e+00	1.224363992026773573e+01	2.666187905906982070e-01	2.528393403831904335e-02	5.593962761384228301e-03	5.494620357784294473e-01	1.068635988673690002e-01	-3.110585179578955958e-02	-3.044861467883824835e-03
5.672426068491988835e-10	2.206874014317031119e+00	1.217901333093066185e+01	2.675689227326097930e-01	2.468716717988140782e-02	5.457659770400601074e-03	5.461617379478448386e-01	1.061527598907891085e-01	-3.097318665591093992e-02	-3.009226193696011749e-03
5.941133984965039838e-10	2.202447691654768835e+00	1.211433120370162797e+01	2.684580273764118341e-01	2.411518961857006538e-02	5.328178177264246938e-03	5.430084587983573519e-01	1.054834403303621798e-01	-3.083301769706990950e-02	-2.974221610287018387e-03
6.222570836730231313e-10	2.197447753047776065e+00	1.204964936992979752e+01	2.692863770272998503e-01	2.356728637215619107e-02	5.205263208158763567e-03	5.400002630826934436e-01	1.048550115223575024e-01	-3.068570913642754486e-02	-2.939869036486152110e-03
6.517339604882420571e-10	2.191895155913815785e+00	1.198502407989076168e+01	2.700543025711878431e-01	2.304274699474107360e-02	5.088667294550772505e-03	5.371351328002684777e-01	1.042668361028809970e-01	-3.053162774104890495e-02	-2.906187462212066544e-03
6.826071834272379248e-10	2.185811377772552078e+00	1.192051132221171272e+01	2.707621990936147083e-01	2.254086445277572390e-02	4.978148860389402901e-03	5.344109566248524956e-01	1.037182631649224557e-01	-3.037114021536770070e-02	-2.873193312620081312e-03
7.149428986597561750e-10	2.179218154630355730e+00	1.185616508828070437e+01	2.714105376768004008e-01	2.206094621203363165e-02	4.873476557667274188e-03	5.318255644140198468e-01	1.032086313324398763e-01	-3.020460794164979770e-02	-2.840899817258762429e-03
7.488103857590030225e-10	2.172137537087448056e+00	1.179203904599220287e+01	2.719998391771961677e-01	2.160230152338822249e-02	4.774424072355913130e-03	5.293766988427850428e-01	1.027372710271548528e-01	-3.003239059550369405e-02	-2.809318153860394362e-03
7.842822061337681836e-10	2.164591882003457535e+00	1.172818707617899037e+01	2.725306647922863257e-01	2.116424711334798786e-02	4.680771502167268075e-03	5.270620478236729411e-01	1.023035116623150637e-01	-2.985484643975055280e-02	-2.778457848412455976e-03
8.214343584919422200e-10	2.156603807666833461e+00	1.166466305816311788e+01	2.730036190537863949e-01	2.074619713895098014e-02	4.592329172550826087e-03	5.248796171642370334e-01	1.019067278469839299e-01	-2.967233233068967274e-02	-2.748326879595154246e-03
8.603464416684491388e-10	2.148196164556483101e+00	1.160152076909571051e+01	2.734193522152095768e-01	2.034746876831017987e-02	4.508885644683403686e-03	5.228269204495484823e-01	1.015462348935856352e-01	-2.948520383725233493e-02	-2.718931806896991883e-03
9.011018251665036851e-10	2.139391968105215369e+00	1.153881379253908435e+01	2.737785575770895763e-01	1.996747880627924160e-02	4.430259182853526351e-03	5.209018004848041672e-01	1.012213925484822113e-01	-2.929381369987862915e-02	-2.690277774918042094e-03
9.437878277775391497e-10	2.130214203829206010e+00	1.147659422092376680e+01	2.740819810287907221e-01	1.960563827200748413e-02	4.356270624095466906e-03	5.191019824827654006e-01	1.009315465174962373e-01	-2.909850915492610823e-02	-2.662368188905195332e-03
9.884959046625586031e-10	2.120685676037098677e+00	1.141491226103516610e+01	2.743304148983676805e-01	1.926136264768765760e-02	4.286745681114994058e-03	5.174251228762584143e-01	1.006760357753186119e-01	-2.889962946984810446e-02	-2.635204690162685180e-03
1.035321843295661502e-09	2.110829159238643449e+00	1.135381766941699233e+01	2.745246865529007985e-01	1.893410346193249646e-02	4.221522285688439173e-03	5.158689531805471518e-01	1.004542125012753001e-01	-2.869751012035477722e-02	-2.608787974326123686e-03
1.084365968689608688e-09	2.100667368165532789e+00	1.129335967472181501e+01	2.746656593654076550e-01	1.862331366924867629e-02	4.160441898486165642e-03	5.144311351982733260e-01	1.002654240113272227e-01	-2.849248283210768784e-02	-2.583117879037899987e-03
1.135733358343102889e-09	2.090222921371243991e+00	1.123358690575233432e+01	2.747542325985603551e-01	1.832848407621426312e-02	4.103358054445588321e-03	5.131094147634572833e-01	1.001090297979550237e-01	-2.828487535470314632e-02	-2.558193468197119368e-03
1.189534067370320724e-09	2.079518319674873883e+00	1.117454735207002159e+01	2.747913423010534539e-01	1.804911893644087564e-02	4.050130100008781514e-03	5.119015195593544787e-01	9.998438825915380301e-02	-2.807501157495652377e-02	-2.534013131926483083e-03
1.245883364295008068e-09	2.068575827434500525e+00	1.111628783514886365e+01	2.747779612675654293e-01	1.778473667040147282e-02	4.000623693008265383e-03	5.108051629730421261e-01	9.989085741393378959e-02	-2.786320962846083882e-02	-2.510574456847762537e-03
1.304901978014401580e-09	2.057417246792326182e+00	1.105885298143420137e+01	2.747150968983861352e-01	1.753487723283709762e-02	3.954712198943679223e-03	5.098180778659899826e-01	9.982779837216972096e-02	-2.764977819096026482e-02	-2.487873927740624162e-03
1.366716356462010101e-09	2.046064077693855232e+00	1.100228636308163033e+01	2.746037864002940920e-01	1.729909133684566502e-02	3.912273928733773880e-03	5.089379768171519158e-01	9.979457163602149794e-02	-2.743502030910056552e-02	-2.465907541988247940e-03
1.431458937523481393e-09	2.034537529008964896e+00	1.094663060655839359e+01	2.744450974625020634e-01	1.707695819406888568e-02	3.873195862885760957e-03	5.081626266400651737e-01	9.979054387479695254e-02	-2.721923383877637714e-02	-2.444670880934800283e-03
1.499268432786047049e-09	2.022858511595301056e+00	1.089192741037787115e+01	2.742401286159234508e-01	1.686806092116559935e-02	3.837367569162778488e-03	5.074897455735706275e-01	9.981507505818405790e-02	-2.700271192228970163e-02	-2.424159250672801909e-03
1.570290124729377524e-09	2.011047594784016290e+00	1.083821738756631703e+01	2.739900088682780122e-01	1.667201782083746475e-02	3.804689519070887389e-03	5.069171352828208965e-01	9.986753486882293807e-02	-2.678574222575284824e-02	-2.404367630619643013e-03
1.644676177994662829e-09	1.999124950670686296e+00	1.078553982109812637e+01	2.736958976559706325e-01	1.648845032247933662e-02	3.775063644963319674e-03	5.064425470426151543e-01	9.994728320582516035e-02	-2.656860637112265500e-02	-2.385290675367781211e-03
1.722585965398783835e-09	1.987110196418479191e+00	1.073393204449318539e+01	2.733589800682200699e-01	1.631699874934698646e-02	3.748398352989295787e-03	5.060637529830260828e-01	1.000536819784753895e-01	-2.635157732237761868e-02	-2.366922543259183769e-03
1.804186409392068039e-09	1.975022497752944028e+00	1.068343006948457585e+01	2.729804658290523878e-01	1.615732332742880056e-02	3.724608314376471815e-03	5.057785516441366536e-01	1.001860945884026771e-01	-2.613492149576596146e-02	-2.349257196779309855e-03
1.889652339691211477e-09	1.962880595170078069e+00	1.063406857349621681e+01	2.725615938378396774e-01	1.600908937310860716e-02	3.703610122736274678e-03	5.055847019263266517e-01	1.003438745026846712e-01	-2.591889970177096991e-02	-2.332288449237763812e-03
1.979166867853557524e-09	1.950702802721889340e+00	1.058588109306415781e+01	2.721036275136983207e-01	1.587198273470230570e-02	3.685326522769605869e-03	5.054799924142368006e-01	1.005263753063796173e-01	-2.570376681430425192e-02	-2.316010047865489207e-03
2.072921779595369695e-09	1.938506981850537603e+00	1.053889972623900029e+01	2.716078590236201684e-01	1.574570571793706616e-02	3.669684927190781064e-03	5.054622201012570759e-01	1.007329450655089359e-01	-2.548977185444852370e-02	-2.300415628596794940e-03
2.171117945694509622e-09	1.926310498765738455e+00	1.049315506705950796e+01	2.710756050345375368e-01	1.562996960818048217e-02	3.656615869659626643e-03	5.055291636664024368e-01	1.009629246235874411e-01	-2.527715706140966703e-02	-2.285498709447978186e-03
2.273965752357932151e-09	1.914130165954392560e+00	1.044867597170616413e+01	2.705082042445006163e-01	1.552450370463971836e-02	3.646055000908900168e-03	5.056786234867682861e-01	1.012156520777739988e-01	-2.506615704969452837e-02	-2.271252652409063051e-03
2.381685551976160644e-09	1.901982298787748382e+00	1.040548981348872637e+01	2.699070182258324069e-01	1.542903743706185681e-02	3.637938181293028182e-03	5.059083468376276427e-01	1.014904520374513425e-01	-2.485699980657232744e-02	-2.257670774135660773e-03
2.494508135230316413e-09	1.889882726723953299e+00	1.036362243648449599e+01	2.692734335411562374e-01	1.534332584595044478e-02	3.632208295551841298e-03	5.062161308531932802e-01	1.017866473454813320e-01	-2.464990695751455643e-02	-2.244746344238838110e-03
2.612675225563326382e-09	1.877846795723439710e+00	1.032309823966518181e+01	2.686088590525302910e-01	1.526712349669359474e-02	3.628808132322805784e-03	5.065997175186347512e-01	1.021035456922536749e-01	-2.444509367265762859e-02	-2.232472631759772636e-03
2.736439997074666368e-09	1.865889355368911762e+00	1.028394001712257655e+01	2.679147271725146884e-01	1.520020510206387780e-02	3.627685886548899247e-03	5.070568770483999677e-01	1.024404491015631358e-01	-2.424276854720733981e-02	-2.220842869357384907e-03
2.866067616948244470e-09	1.854024747289496178e+00	1.024616894323251159e+01	2.671924913086968223e-01	1.514235092431588485e-02	3.628791229438912882e-03	5.075853502806589868e-01	1.027966467964165631e-01	-2.404313321813166676e-02	-2.209850251607378777e-03
3.001835813575592210e-09	1.842266808934508671e+00	1.020980458281387193e+01	2.664436246356566840e-01	1.509332921992127992e-02	3.632069755473344395e-03	5.081827785822320420e-01	1.031714044848463657e-01	-2.384638240541422233e-02	-2.199487958214686387e-03
3.144035471591500167e-09	1.830628872498357262e+00	1.017486475981612060e+01	2.656696216678620659e-01	1.505295866880759260e-02	3.637481625542842052e-03	5.088469562965793891e-01	1.035639989037088760e-01	-2.365270383573671656e-02	-2.189749100950566865e-03
3.292971255097148186e-09	1.819123785501338686e+00	1.014136571169505707e+01	2.648719953340090694e-01	1.502103096421804167e-02	3.644978521361620649e-03	5.095755182133904215e-01	1.039736741385912377e-01	-2.346227851905658204e-02	-2.180626805193671466e-03
3.448962260405766611e-09	1.807763895774156859e+00	1.010932198103995105e+01	2.640522755738779481e-01	1.499735673001089190e-02	3.654516786529083197e-03	5.103661280162644642e-01	1.043996670843201774e-01	-2.327528016298098870e-02	-2.172114145482465647e-03
3.612342699709437910e-09	1.796561060907737817e+00	1.007874632478994315e+01	2.632120108385980206e-01	1.498175591826372312e-02	3.666055512930570508e-03	5.112164371991462231e-01	1.048412023585726244e-01	-2.309187545228046784e-02	-2.164204118065760161e-03
3.783462617131932968e-09	1.785526680759631502e+00	1.004964987457398884e+01	2.623527662677000438e-01	1.497404218737703567e-02	3.679550730363705027e-03	5.121240241148743433e-01	1.052974816390011836e-01	-2.291222447154955474e-02	-2.156889736099765285e-03
3.962688638701478467e-09	1.774671685090219553e+00	1.002204197835440702e+01	2.614761234915243260e-01	1.497404493667208424e-02	3.694962955060325082e-03	5.130864828252188481e-01	1.057676975392547597e-01	-2.273648010951714524e-02	-2.150163903316459034e-03
4.150404757850472502e-09	1.764006525726675045e+00	9.995930186722013389e+00	2.605836771278555175e-01	1.498159011582995102e-02	3.712250555099915524e-03	5.141013498473526733e-01	1.062510223439579321e-01	-2.256478806923536973e-02	-2.144019461659639383e-03
4.347013158125017173e-09	1.753541170523500448e+00	9.971320245034565488e+00	2.596770312225458732e-01	1.499651724062771481e-02	3.731375207577882283e-03	5.151661761823633778e-01	1.067466196146281271e-01	-2.239728644572611116e-02	-2.138449170050192409e-03
4.552935074866938773e-09	1.743285106192927314e+00	9.948215880281637169e+00	2.587578021985049714e-01	1.501864903744038610e-02	3.752293001679161445e-03	5.162784035691211360e-01	1.072536257548680066e-01	-2.223410584242481100e-02	-2.133445614640270410e-03
4.768611697714474181e-09	1.733247365468210344e+00	9.926619146771333391e+00	2.578276107526883965e-01	1.504784325440391805e-02	3.774969828557198526e-03	5.174355792367257845e-01	1.077711823130778623e-01	-2.207536943081304590e-02	-2.129001341249305880e-03
4.994505115855140358e-09	1.723436577075170284e+00	9.906530168275837767e+00	2.568880928259020258e-01	1.508390051285810919e-02	3.799352763367524338e-03	5.186349799442390163e-01	1.082983773492594975e-01	-2.192119379363483000e-02	-2.125108703228489881e-03
5.231099308056257792e-09	1.713860907097665809e+00	9.887947122434198377e+00	2.559408880171183398e-01	1.512668638991538847e-02	3.825408389256284084e-03	5.198741070804815401e-01	1.088343216163964039e-01	-2.177168798586438109e-02	-2.121759921637595206e-03
5.478901179593956120e-09	1.704528051768685160e+00	9.870866204873271599e+00	2.549876360259303310e-01	1.517604555298420616e-02	3.853096176728422993e-03	5.211503521621584367e-01	1.093781011805970149e-01	-2.162695300241943008e-02	-2.118947015082941771e-03
5.738441648302404521e-09	1.695445239261635262e+00	9.855281622698164767e+00	2.540299736099796979e-01	1.523178901098242409e-02	3.882363624165848567e-03	5.224609529634504090e-01	1.099287704794149750e-01	-2.148708180912244428e-02	-2.116661799157685923e-03
6.010276782070388176e-09	1.686619235221616497e+00	9.841185480769114591e+00	2.530695348281092327e-01	1.529377340206076324e-02	3.913172036637571800e-03	5.238033035690908834e-01	1.104853988550172222e-01	-2.135215956053781658e-02	-2.114895855166398081e-03
6.294988990221888141e-09	1.678056409472975741e+00	9.828567945671373707e+00	2.521079533025744057e-01	1.536180711383241387e-02	3.945466667816272671e-03	5.251745872318276387e-01	1.110470155461206337e-01	-2.122226437108402572e-02	-2.113640540517453242e-03
6.593188271333541710e-09	1.669762716827841498e+00	9.817417191859403758e+00	2.511468572723578041e-01	1.543573711417829501e-02	3.979203649016157390e-03	5.265721203333028066e-01	1.116126607604428639e-01	-2.109746690031330182e-02	-2.112886955220150825e-03
6.905513520162316861e-09	1.661743642184556169e+00	9.807719193638378741e+00	2.501878631752789683e-01	1.551537878741827275e-02	4.014328971670595714e-03	5.279930893629591893e-01	1.121813516218026635e-01	-2.097782955528700033e-02	-2.112625877277360051e-03
7.232633896483518810e-09	1.654004206865062443e+00	9.799457879487389889e+00	2.492325691442668079e-01	1.560055502946612778e-02	4.050789498546003044e-03	5.294347113003265992e-01	1.127521056079865969e-01	-2.086340647666494810e-02	-2.112847811339059467e-03
7.575250258771920716e-09	1.646548960833903008e+00	9.792614946727640657e+00	2.482825551319766122e-01	1.569108581937683766e-02	4.088530739749559294e-03	5.308941947397758376e-01	1.133239368772688271e-01	-2.075424345920805214e-02	-2.113542887986667208e-03
7.934096665797492339e-09	1.639382023296282576e+00	9.787170134781566944e+00	2.473393787457214277e-01	1.578677580098356362e-02	4.127492463858624221e-03	5.323686993437812820e-01	1.138958512833239123e-01	-2.065037848440321594e-02	-2.114700956505992640e-03
8.309941949353386453e-09	1.632507109363259934e+00	9.783100974203525979e+00	2.464045824492070436e-01	1.588743162000224793e-02	4.167614506356636349e-03	5.338553955040205024e-01	1.144668532227403890e-01	-2.055184213086522563e-02	-2.116311435616441850e-03
8.703591361485183753e-09	1.625927470286428589e+00	9.780382909826171201e+00	2.454796783302910235e-01	1.599284239387761125e-02	4.208830211070639475e-03	5.353514101145705473e-01	1.150359429524143301e-01	-2.045865665224445504e-02	-2.118363378520098355e-03
9.115888299750837812e-09	1.619645885265392105e+00	9.778989306556741923e+00	2.445661437813660966e-01	1.610281333380343682e-02	4.251077211779338665e-03	5.368539610502016668e-01	1.156021382376320739e-01	-2.037083589147547710e-02	-2.120845457308748270e-03
9.547716114208065503e-09	1.613664648672813895e+00	9.778891385491093047e+00	2.436654183999144019e-01	1.621711319126085613e-02	4.294281736901971354e-03	5.383601648138346407e-01	1.161644497461834236e-01	-2.028838494096197459e-02	-2.123745879276582767e-03
1.000000000000000021e-08	1.607985601034642054e+00	9.780058397212920696e+00	2.427789017642486280e-01	1.633552558623269785e-02	4.338373660753055104e-03	5.398672351352162835e-01	1.167219089533199777e-01	-2.021130124769900116e-02	-2.127052528489536791e-03
