# Pressure Mass Radius Compactness k2 k3 h2 h3 j2 j3
9.999999999999999799e-13	9.238239821905588900e-02	2.745416959595972983e+01	4.968795867823205467e-03	1.547366590839307273e-03	2.955783443649896572e-04	9.883179101533234867e-01	3.269624908386800644e-01	-9.027478663693412262e-06	-4.668179280443273998e-07
1.047370897959448749e-12	9.631578840203210146e-02	2.555523809627947074e+01	5.565289841071513824e-03	1.933648899119035352e-03	3.353714665601012068e-04	9.873383607739639745e-01	3.262004807908164827e-01	-1.352971933969258600e-05	-7.129768663451729498e-07
1.096985797892381920e-12	1.004144735272044925e-01	2.399133386463461903e+01	6.180336990624511924e-03	2.437506568390504676e-03	3.714910703891727327e-04	9.865473475290242877e-01	3.254204938793439084e-01	-1.962025675276917011e-05	-1.081779223462518400e-06
1.148951000187311009e-12	1.046836992142764627e-01	2.268395184658125530e+01	6.814446390373716904e-03	3.077558216343080806e-03	4.190660903284546793e-04	9.859818770487225326e-01	3.246250748862904434e-01	-2.763213950872961031e-05	-1.618791343536929639e-06
1.203377840777590522e-12	1.091291516416184881e-01	2.157736626155359971e+01	7.468142232491339211e-03	3.870518801008625623e-03	4.852306130868348950e-04	9.856760887652296077e-01	3.238169441338863974e-01	-3.792160014464267281e-05	-2.379347687260469522e-06
1.260382929679727463e-12	1.137568644573764415e-01	2.063093483725474186e+01	8.141959551985364363e-03	4.831052100644973868e-03	5.708745763567706554e-04	9.856600416281993127e-01	3.229989645383627428e-01	-5.086476888219176065e-05	-3.428974311691129969e-06
1.320088400831416649e-12	1.185731449757183170e-01	1.981432394252063744e+01	8.836439637740120881e-03	5.971667268296479598e-03	6.835169762114963032e-04	9.859594978376973184e-01	3.221741127371523516e-01	-6.685430331910161375e-05	-4.843583838541699292e-06
1.382622173764653478e-12	1.235845144434365994e-01	1.910443764659727606e+01	9.552125773312495488e-03	7.302581258603497820e-03	8.266517585464491476e-04	9.865959747453042494e-01	3.213454286261812065e-01	-8.629600063149103642e-05	-6.709435774069732882e-06
1.448118227674535917e-12	1.287976535757062724e-01	1.848338160694866517e+01	1.028955886776169483e-02	8.831675573827427184e-03	1.005791094620369719e-03	9.875864340363706972e-01	3.205159740110813948e-01	-1.096053699683208091e-04	-9.122858317448541879e-06
1.516716888470924089e-12	1.342193520892575875e-01	1.793707643690208542e+01	1.104927325908870196e-02	1.056445447063420612e-02	1.226333169837701435e-03	9.889432499212221783e-01	3.196887769344280428e-01	-1.372042259204340087e-04	-1.218974164820596266e-05
1.588565129428052692e-12	1.398564560350943897e-01	1.745429148926733731e+01	1.183179209007965450e-02	1.250396687602500431e-02	1.492895842333709236e-03	9.906740125262409880e-01	3.188667537647741912e-01	-1.695172559468116201e-04	-1.602480319397065096e-05
1.663816886076127415e-12	1.457158146120500486e-01	1.702595724911560282e+01	1.263762269286348473e-02	1.465097589157397448e-02	1.808777627780389433e-03	9.927819520758537353e-01	3.180526856436049488e-01	-2.069685977868021022e-04	-2.075064362818895640e-05
1.742633386009647278e-12	1.518042218288575551e-01	1.664466697104280257e+01	1.346725162897495498e-02	1.700386689413297195e-02	2.178162327543153604e-03	9.952655753407373407e-01	3.172491266900749340e-01	-2.499783942448070861e-04	-2.649659854932826027e-05
1.825183494319046040e-12	1.581283544313790146e-01	1.630430959761371312e+01	1.432113943090393589e-02	1.955879305176603036e-02	2.604597739955615606e-03	9.981190912500871315e-01	3.164583632784119249e-01	-2.989593282545406367e-04	-3.339740746980934387e-05
1.911644075385703708e-12	1.646947035928839620e-01	1.599979511951533340e+01	1.519971505817817141e-02	2.230976783448551659e-02	3.090818277654868666e-03	1.001332515796861333e+00	3.156823695974528277e-01	-3.543131233569757105e-04	-4.159171206285561441e-05
2.002200371815584363e-12	1.715095001430536059e-01	1.572684641182824450e+01	1.610336996676858465e-02	2.524876677058825875e-02	3.638634312308241300e-03	1.004891836876473432e+00	3.149227449474586438e-01	-4.164269993315031422e-04	-5.122040240342273169e-05
2.097046401323230665e-12	1.785785131642004531e-01	1.548184343723857914e+01	1.703243602970268972e-02	2.836582158190789973e-02	4.249525387181369088e-03	1.008779277522574347e+00	3.141807292704634769e-01	-4.856688561746930178e-04	-6.242462986724956842e-05
2.196385372416542332e-12	1.859069575010255104e-01	1.526169846570008914e+01	1.798717705977889020e-02	3.164916968750395437e-02	4.923810016363333250e-03	1.012973541496043017e+00	3.134571443358959986e-01	-5.623830918043647414e-04	-7.534377281578154327e-05
2.300430119772921506e-12	1.935000872939505456e-01	1.506374323106874158e+01	1.896786701016829613e-02	3.508566168594381973e-02	5.661560621539206764e-03	1.017450422195244508e+00	3.127523177623374728e-01	-6.468942087600753786e-04	-9.011468905946985416e-05
2.409403560239526876e-12	2.013632914258568218e-01	1.488565908549844607e+01	1.997480130765683093e-02	3.866117719326036400e-02	6.461754226570473429e-03	1.022183564648879717e+00	3.120661121488787493e-01	-7.395071164518419093e-04	-1.068705623698820787e-04
2.523539170434765862e-12	2.095020883838717707e-01	1.472542296705246123e+01	2.100829530101842174e-02	4.236064329953317942e-02	7.322884971092866700e-03	1.027144530892768470e+00	3.113978801177146316e-01	-8.405068413107910858e-04	-1.257397276001345852e-04
2.643081486974102692e-12	2.179221219413987887e-01	1.458126279973359551e+01	2.206868301550869021e-02	4.616847635214477857e-02	8.242624350754658435e-03	1.032303638830947001e+00	3.107465605040094503e-01	-9.501584495767326048e-04	-1.468445905124829659e-04
2.768286630392061017e-12	2.266291583364915818e-01	1.445162054608326940e+01	2.315631619150164758e-02	5.006858648905829212e-02	9.218227359787192071e-03	1.037629997359711620e+00	3.101106405832765311e-01	-1.068707198912558203e-03	-1.703006739833190985e-04
2.899422853882880921e-12	2.356290830079803833e-01	1.433512146388584263e+01	2.427156337962865090e-02	5.404468232791594107e-02	1.024645186894460047e-02	1.043092096733912344e+00	3.094882301091846366e-01	-1.196378832461321776e-03	-1.962157706009276504e-04
3.036771118035460378e-12	2.449278976575974265e-01	1.423054843199965624e+01	2.541480910919050387e-02	5.808036362912386008e-02	1.132326391812736241e-02	1.048657982756854068e+00	3.088770725316893340e-01	-1.333380013614814032e-03	-2.246892113292485102e-04
3.180625692794118977e-12	2.545317170350229752e-01	1.413682041376494603e+01	2.658645305632591563e-02	6.215932462583145801e-02	1.244449143976505447e-02	1.054295685847260300e+00	3.082746018729741744e-01	-1.479898853962978563e-03	-2.558112414944641228e-04
3.331294787934670055e-12	2.644467653028276244e-01	1.405297428710780494e+01	2.778690923897747175e-02	6.626544378326303109e-02	1.360553949777683173e-02	1.059973391632424100e+00	3.076779657202281526e-01	-1.636105518640622097e-03	-2.896625002703661408e-04
3.489101213406766494e-12	2.746793714370257544e-01	1.397814948229171961e+01	2.901660511132914122e-02	7.038288781624418844e-02	1.480145627135003202e-02	1.065659645009794598e+00	3.070840635101457772e-01	-1.802152875832406390e-03	-3.263135970993995510e-04
3.654383070957261569e-12	2.852359647482142768e-01	1.391157493379469656e+01	3.027598068267444570e-02	7.449629959103769294e-02	1.602711800378480919e-02	1.071323748446506574e+00	3.064896118156281712e-01	-1.978177167641737531e-03	-3.658247694766713991e-04
3.827494478516314936e-12	2.961230627043867081e-01	1.385255794835136101e+01	3.156548684217834466e-02	7.859078385794185384e-02	1.727712857282887732e-02	1.076935725263219901e+00	3.058911553994900778e-01	-2.164298604914784326e-03	-4.082456102156987771e-04
4.008806328898464320e-12	3.073470501435774382e-01	1.380047551730591593e+01	3.288555935784119588e-02	8.265197459986139972e-02	1.854599300763649233e-02	1.082466522092946359e+00	3.052851334033696018e-01	-2.360618242059748639e-03	-4.536139950402731137e-04
4.198707084443905621e-12	3.189139668935336847e-01	1.375476567658384397e+01	3.423659602930597540e-02	8.666595358456131992e-02	1.982811628709247112e-02	1.087887879073420327e+00	3.046679060004824913e-01	-2.567214604095735628e-03	-5.019549672495793530e-04
4.397603609302712498e-12	3.308296153319292277e-01	1.371491859161242211e+01	3.561897198228675121e-02	9.061944378295658242e-02	2.111781204802072945e-02	1.093172695217720980e+00	3.040358008989032523e-01	-2.784145823532023847e-03	-5.532809516290342153e-04
4.605922041145112927e-12	3.430995396365459915e-01	1.368046985046695951e+01	3.703303938544397211e-02	9.449978734342100173e-02	2.240945109221969406e-02	1.098294977244911097e+00	3.033851255778841072e-01	-3.011449731997518399e-03	-6.075915939189191354e-04
4.824108704165373984e-12	3.557289902916330182e-01	1.365099482975301903e+01	3.847912541787257973e-02	9.829505255742954084e-02	2.369739874763918813e-02	1.103230067560303063e+00	3.027122200944841746e-01	-3.249143674792313950e-03	-6.648735975526259400e-04
5.052631065335679604e-12	3.687228878219279693e-01	1.362610386591489586e+01	3.995753021032744101e-02	1.019940102698321110e-01	2.497616352558204925e-02	1.107954600370256948e+00	3.020134724186073760e-01	-3.497224370374731484e-03	-7.251006514499741583e-04
5.291978735958436557e-12	3.820857835357505672e-01	1.360543808591449277e+01	4.146852457176122830e-02	1.055861583953104643e-01	2.624032565985270557e-02	1.112446552824005730e+00	3.012853459724814664e-01	-3.755667692500113970e-03	-7.882333955369881994e-04
5.542664520663095602e-12	3.958218195502162806e-01	1.358866581411874463e+01	4.301234768694935789e-02	1.090617409279598937e-01	2.748466038212426729e-02	1.116685294763596348e+00	3.005244048152048153e-01	-4.024428481492474396e-03	-8.542194692888456595e-04
5.805225516094907684e-12	4.099346867567401631e-01	1.357547944415925478e+01	4.458920471236110794e-02	1.124118022970712755e-01	2.870416761624391272e-02	1.120651713252893256e+00	2.997273547313493713e-01	-4.303440303840471402e-03	-9.229936014038322154e-04
6.080224261649427052e-12	4.244275816605934115e-01	1.356559271105103548e+01	4.619926435804393161e-02	1.156280969070948295e-01	2.989401918472651271e-02	1.124328021123217169e+00	2.988910342712952639e-01	-4.592615218707937590e-03	-9.944777675154046516e-04
6.368249944718585906e-12	4.393031627295189145e-01	1.355873831608103686e+01	4.784265648606648297e-02	1.187032227671970114e-01	3.104969793199031936e-02	1.127698060803172586e+00	2.980124726380877775e-01	-4.891843567227007437e-03	-1.068581417438585522e-03
6.669919663030115058e-12	4.545635048330987638e-01	1.355466584560314658e+01	4.951946959682646671e-02	1.216304820826436400e-01	3.216692178698553339e-02	1.130747007500532808e+00	2.970888713753433441e-01	-5.200993716252972840e-03	-1.145201742989043541e-03
6.985879746785234820e-12	4.702100600326498681e-01	1.355313995506250002e+01	5.122974905231793968e-02	1.244039149870756061e-01	3.324169956162065925e-02	1.133461451728773994e+00	2.961176282131252058e-01	-5.519911972553284175e-03	-1.224224048356356348e-03
7.316807143427207274e-12	4.862437239360689056e-01	1.355393885469507609e+01	5.297350655127151808e-02	1.270184460599347587e-01	3.427041200540646704e-02	1.135829716082273233e+00	2.950963851429225793e-01	-5.848424667933994209e-03	-1.305522705097515680e-03
7.663410868007462274e-12	5.026649221266357159e-01	1.355685329355718949e+01	5.475073052932978579e-02	1.294696267863980899e-01	3.524970812240985768e-02	1.137841272380760937e+00	2.940229543102954035e-01	-6.186340800982272937e-03	-1.388962295844051393e-03
8.026433522257174683e-12	5.194735726085899508e-01	1.356168571448176507e+01	5.656138272192395150e-02	1.317538227444556287e-01	3.617660359407317422e-02	1.139487179677228568e+00	2.928953883873581243e-01	-6.533452104675283555e-03	-1.474398142187344609e-03
8.406652885618316356e-12	5.366690558581231896e-01	1.356824931794527700e+01	5.840539622988615703e-02	1.338681622142212091e-01	3.704847770903453574e-02	1.140759990588568362e+00	2.917119813417493046e-01	-6.889533369519078299e-03	-1.561676932621417282e-03
8.804883581643446547e-12	5.542501837011014620e-01	1.357636733430610043e+01	6.028267292629256591e-02	1.358104521522557062e-01	3.786303532719454551e-02	1.141653583180154863e+00	2.904712509229800399e-01	-7.254342608473537610e-03	-1.650637343709011060e-03
9.221978823334340144e-12	5.722151713477745538e-01	1.358587218800191287e+01	6.219308196306141956e-02	1.375791910023101972e-01	3.861834103180048633e-02	1.142163209709990745e+00	2.891719590067780010e-01	-7.627621416096416231e-03	-1.741110724917467557e-03
9.658832241158709141e-12	5.905616090700445131e-01	1.359660483080028470e+01	6.413645782223970082e-02	1.391735339791898285e-01	3.931279191824831737e-02	1.142285439226930377e+00	2.878131075026663654e-01	-8.009095242052548941e-03	-1.832921788695552169e-03
1.011637979766206976e-11	6.092864337871293223e-01	1.360841415341309890e+01	6.611259824704047994e-02	1.405932286188332214e-01	3.994511355760657634e-02	1.142018032338366185e+00	2.863939294718406692e-01	-8.398473633363295887e-03	-1.925889314522428574e-03
1.059560179277614774e-11	6.283859035462031617e-01	1.362115637388740907e+01	6.812126283114633418e-02	1.418386687853366579e-01	4.051437380802521554e-02	1.141360086353637726e+00	2.849139103453601218e-01	-8.795450609037865075e-03	-2.019826893180120316e-03
1.109752496412069864e-11	6.478555725654864261e-01	1.363469454835274952e+01	7.016217130705215688e-02	1.429107853558172769e-01	4.101994970603824175e-02	1.140311806860903943e+00	2.833727664169851668e-01	-9.199704995812929900e-03	-2.114543680706885802e-03
1.162322468679854125e-11	6.676902665055304276e-01	1.364889811550257193e+01	7.223500186129951095e-02	1.438110666038832086e-01	4.146153131187853280e-02	1.138874577309056058e+00	2.817704504735475957e-01	-9.610900748337244948e-03	-2.209845154708682709e-03
1.217382727739662020e-11	6.878840821892551194e-01	1.366364247821385725e+01	7.433939205607570377e-02	1.445414921410141107e-01	4.183910034644520992e-02	1.137050824341328648e+00	2.801071416614226983e-01	-1.002868783871293731e-02	-2.305534008191020487e-03
1.275051240713012859e-11	7.084306017804488098e-01	1.367880882730228898e+01	7.647496167700264247e-02	1.451044828676738563e-01	4.215290752090071480e-02	1.134843883256941410e+00	2.783832067234597307e-01	-1.045270745192691982e-02	-2.401412008471525902e-03
1.335451562929897339e-11	7.293227807898722270e-01	1.369428365123321178e+01	7.864130197643988407e-02	1.455029784318035702e-01	4.240349895936284391e-02	1.132258221237206541e+00	2.765992381008458567e-01	-1.088259044448334698e-02	-2.497280258253010716e-03
1.398713102647241439e-11	7.505527490888024289e-01	1.370995825368030729e+01	8.083795579123465025e-02	1.457402607422208229e-01	4.259164722961122224e-02	1.129299076872556151e+00	2.747560213668673867e-01	-1.131795398987800981e-02	-2.592939096296608108e-03
1.464971398307287854e-11	7.721117938453353480e-01	1.372572843038079249e+01	8.306441663777637541e-02	1.458199711019068923e-01	4.271835559137376892e-02	1.125972519423729112e+00	2.728545413203609105e-01	-1.175840202276075101e-02	-2.688188868151252919e-03
1.534368408930013065e-11	7.939903458657699975e-01	1.374149423558562866e+01	8.532012771817572283e-02	1.457461042654472905e-01	4.278484648965969611e-02	1.122285455680093413e+00	2.708959781911402520e-01	-1.220352565949566447e-02	-2.782830688156553035e-03
1.607052818261638620e-11	8.161779730960996293e-01	1.375715973648429902e+01	8.760448179168571492e-02	1.455229568226138470e-01	4.279253957543938808e-02	1.118245526336536955e+00	2.688816939244830784e-01	-1.265290388897199331e-02	-2.876667247031226924e-03
1.683180353330955093e-11	8.386633745759470848e-01	1.377263281421050678e+01	8.991682082043708779e-02	1.451551216935410837e-01	4.274304418682636081e-02	1.113861112705483603e+00	2.668132299504450411e-01	-1.310610420293130060e-02	-2.969503587639153990e-03
1.762914118095944293e-11	8.614343774048206503e-01	1.378782504534257747e+01	9.225643538762094698e-02	1.446474011328310882e-01	4.263812083540560044e-02	1.109141145939921191e+00	2.646922778669339449e-01	-1.356268320128985530e-02	-3.061147858740634331e-03
1.846424942895546448e-11	8.844779388967259903e-01	1.380265151262506507e+01	9.462256506583678617e-02	1.440048845654154919e-01	4.247970141509355840e-02	1.104095314355702184e+00	2.625207022831402837e-01	-1.402218744103764757e-02	-3.151412089557827437e-03
1.933891750455232057e-11	9.077801508181067014e-01	1.381703072889519213e+01	9.701439819052143365e-02	1.432328161045774984e-01	4.226983652396495983e-02	1.098733760042133634e+00	2.603004975787696629e-01	-1.448415417613223288e-02	-3.240112920018473151e-03
2.025501939230666486e-11	9.313262543178830732e-01	1.383088452441852567e+01	9.943107290368494167e-02	1.423366245018383158e-01	4.201069980641557872e-02	1.093067167739091072e+00	2.580337958239363738e-01	-1.494811237809065552e-02	-3.327072347311599548e-03
2.121451784910627571e-11	9.551008836714498518e-01	1.384413809697979403e+01	1.018717013019873746e-01	1.413218759725696216e-01	4.170456223416696417e-02	1.087106632717282695e+00	2.557228272582460771e-01	-1.541358814715884130e-02	-3.412119228347022196e-03
2.221946860939528424e-11	9.790881747529436296e-01	1.385671994607947077e+01	1.043353796418597101e-01	1.401942551663525327e-01	4.135377946443881403e-02	1.080863618675358184e+00	2.533699051215005382e-01	-1.588010726152438296e-02	-3.495090102272126707e-03
2.327202478960412005e-11	1.003271477187542615e+00	1.386856158027124408e+01	1.068211579141009754e-01	1.389595064099048982e-01	4.096076424729609006e-02	1.074349870671012841e+00	2.509774301106190708e-01	-1.634719006278216244e-02	-3.575828612654230378e-03
2.437444150122221807e-11	1.027633350040119353e+00	1.387959743296792858e+01	1.093280382181789911e-01	1.376234636617533758e-01	4.052798973984019643e-02	1.067577507523665092e+00	2.485478981338594129e-01	-1.681435188439557235e-02	-3.654185967870079987e-03
2.552908068239516723e-11	1.052155589808992264e+00	1.388976485821132556e+01	1.118549758234726882e-01	1.361919888970383741e-01	4.005796054049676896e-02	1.060558879594978965e+00	2.460838754171873199e-01	-1.728110411651464368e-02	-3.730021492301569767e-03
2.673841615839943880e-11	1.076819259214321756e+00	1.389900403869509304e+01	1.144008808352241779e-01	1.346709844044274018e-01	3.955321319363715865e-02	1.053306611530054893e+00	2.435880008647720862e-01	-1.774695529334633162e-02	-3.803203107384277044e-03
2.800503894183625342e-11	1.101604723905574401e+00	1.390725802460627847e+01	1.169646194959967495e-01	1.330663538973601012e-01	3.901629311181560589e-02	1.045833514822534394e+00	2.410629657516784041e-01	-1.821141225759168036e-02	-3.873607806940691616e-03
2.933166278390048099e-11	1.126491687604233904e+00	1.391447271023596599e+01	1.195450156121812685e-01	1.313839693854121082e-01	3.844974222740626946e-02	1.038152512274155947e+00	2.385115030611276166e-01	-1.867398118854532788e-02	-3.941122027261342517e-03
3.072112998861759207e-11	1.151459239620399977e+00	1.392059681093160073e+01	1.221408531187563040e-01	1.296296875538786586e-01	3.785609477004164836e-02	1.030276688486150727e+00	2.359363838915169154e-01	-1.913416908023557114e-02	-4.005642064127439700e-03
3.217641750250735458e-11	1.176485892285231927e+00	1.392558191254760480e+01	1.247508767566876120e-01	1.278093374168671192e-01	3.723786726813262116e-02	1.022219269088748606e+00	2.333404092969822707e-01	-1.959148449360776159e-02	-4.067074280606829823e-03
3.370064329271925032e-11	1.201549675334507850e+00	1.392938243316495139e+01	1.273737993507313426e-01	1.259286267034638584e-01	3.659753052741534368e-02	1.013993374700244088e+00	2.307263785718793869e-01	-2.004543996786746496e-02	-4.125335547311142527e-03
3.529707302730657668e-11	1.226628433086698777e+00	1.393195566098239624e+01	1.300083297278894767e-01	1.239932167205285291e-01	3.593751714517285506e-02	1.005612192510589864e+00	2.280970776793067034e-01	-2.049555724482660449e-02	-4.180353845583476870e-03
3.696912707195032437e-11	1.251699659191309211e+00	1.393326149342366804e+01	1.326531542514950146e-01	1.220086148016474165e-01	3.526019629440849124e-02	9.970887214851583691e-01	2.254552692382741919e-01	-2.094136458681569724e-02	-4.232067790178300343e-03
3.872038781812557004e-11	1.276740357960911565e+00	1.393326240555982309e+01	1.353069191261009052e-01	1.199802281421064598e-01	3.456787997910953231e-02	9.884359418295904920e-01	2.228037127509424342e-01	-2.138239409308722097e-02	-4.280426197165497840e-03
4.055460735840827506e-11	1.301727109739990951e+00	1.393192340195463608e+01	1.379682343847966342e-01	1.179133773388802570e-01	3.386282479273478724e-02	9.796668531825573067e-01	2.201451640828965550e-01	-2.181818323474340668e-02	-4.325388201565924864e-03
4.247571552536894126e-11	1.326636135246384907e+00	1.392921202022757754e+01	1.406356771528138871e-01	1.158131826234177486e-01	3.314719786058391293e-02	9.707941646666147228e-01	2.174823372458452586e-01	-2.224827606442241271e-02	-4.366923254630705395e-03
4.448782831127576069e-11	1.351443366445894467e+00	1.392509835497540394e+01	1.433077952551811418e-01	1.136846735392284535e-01	3.242310371350755338e-02	9.618305916356585383e-01	2.148179301578313216e-01	-2.267222460296863112e-02	-4.405011111801017572e-03
4.659525668664686662e-11	1.376124517499289990e+00	1.391955507742284048e+01	1.459831107280660512e-01	1.115326940747473072e-01	3.169255508104149022e-02	9.527885935500720604e-01	2.121545906022473116e-01	-2.308959010446857280e-02	-4.439641735860597530e-03
4.880251583654433574e-11	1.400655159978253073e+00	1.391255746512450386e+01	1.486601235462439163e-01	1.093619451626523242e-01	3.095748581923868717e-02	9.436804870234002385e-01	2.094949269744073306e-01	-2.349994441242462401e-02	-4.470815172459599064e-03
5.111433483440165318e-11	1.425010797354080427e+00	1.390408342681674547e+01	1.513373152010065725e-01	1.071769513605117519e-01	3.021973575976123760e-02	9.345183489309427660e-01	2.068414885386949120e-01	-2.390287115449649114e-02	-4.498541342240382733e-03
5.353566677410718816e-11	1.449166962915107382e+00	1.389411351554579888e+01	1.540131547943560664e-01	1.049820576877228406e-01	2.948105206103444551e-02	9.253139985502980558e-01	2.041967616194271806e-01	-2.429796741792998246e-02	-4.522839843953086955e-03
5.607169938205469661e-11	1.473099437444052029e+00	1.388263082723365471e+01	1.566861191038691481e-01	1.027814248754279902e-01	2.874308472029259848e-02	9.160789592670197656e-01	2.015631499594142673e-01	-2.468484694549173339e-02	-4.543739700144807346e-03
5.872786613189488850e-11	1.496784120923668748e+00	1.386962084619406177e+01	1.593546765970109691e-01	1.005789968690249669e-01	2.800738120915886864e-02	9.068243787329592909e-01	1.989429780841178996e-01	-2.506313790673195263e-02	-4.561278739168206017e-03
6.150985788580503926e-11	1.520196931275463514e+00	1.385507142092143873e+01	1.620172728667537976e-01	9.837857126699291188e-02	2.727540235418098730e-02	8.975612420369363242e-01	1.963385174228957641e-01	-2.543248057411866964e-02	-4.575502941129006712e-03
6.442363508721370414e-11	1.543313894889681626e+00	1.383897272261423872e+01	1.646723366311854397e-01	9.618372439204368740e-02	2.654850805165701738e-02	8.883001430501231699e-01	1.937519637500328962e-01	-2.579252894994035761e-02	-4.586466189870108331e-03
6.747544053110686101e-11	1.566111229779826086e+00	1.382131725546051548e+01	1.673182843644300810e-01	9.399786736413634491e-02	2.582796728175584117e-02	8.790514351848583985e-01	1.911854435734962332e-01	-2.614295168995121876e-02	-4.594229846003642162e-03
7.067181273927477085e-11	1.588565438824140141e+00	1.380209985482390422e+01	1.699535261534251551e-01	9.182419800875449289e-02	2.511495101453308995e-02	8.698250768153442669e-01	1.886409996950337842e-01	-2.648343352421944283e-02	-4.598862385229639423e-03
7.401959996915652408e-11	1.610653391234996512e+00	1.378131771937281691e+01	1.725764699111966005e-01	8.966574301816633563e-02	2.441054043864267567e-02	8.606307428389554648e-01	1.861205960067771059e-01	-2.681367605551580185e-02	-4.600438916188465469e-03
7.752597488629464062e-11	1.632352416029497322e+00	1.375897041241969454e+01	1.751855272817385845e-01	8.752533653033318928e-02	2.371572485293224272e-02	8.514777468803514937e-01	1.836261089539581171e-01	-2.713339914647498394e-02	-4.599040771765885126e-03
8.119844993184008328e-11	1.653640381667441428e+00	1.373505989280073081e+01	1.777791177598558037e-01	8.540559968693722803e-02	2.303139666047950007e-02	8.423749648506408949e-01	1.811593162270178359e-01	-2.744234160813818768e-02	-4.594754976784393326e-03
8.504489341802668113e-11	1.674495828674898545e+00	1.370959044224052548e+01	1.803556799348711992e-01	8.330898098585724776e-02	2.235836380244226457e-02	8.333309345739671192e-01	1.787219026333118910e-01	-2.774026288242793445e-02	-4.587673741756445774e-03
8.907354638610458163e-11	1.694898012033421830e+00	1.368256849482504833e+01	1.829136745809121500e-01	8.123772726038493153e-02	2.169734338512484262e-02	8.243537538513933116e-01	1.763154479243641548e-01	-2.802694294864259070e-02	-4.577893798390669095e-03
9.329304026284695888e-11	1.714826717825326918e+00	1.365400264255407947e+01	1.854515612598049701e-01	7.919390772905243736e-02	2.104897364338526033e-02	8.154511657865357588e-01	1.739414536345034457e-01	-2.830217896032851885e-02	-4.565515808503088288e-03
9.771241535346501225e-11	1.734262311295760028e+00	1.362390354783675050e+01	1.879678010723653536e-01	7.717944191781095364e-02	2.041381873024053495e-02	8.066306317250578894e-01	1.716013448878983827e-01	-2.856578565122870964e-02	-4.550643891022958590e-03
1.023411402105452712e-10	1.753185812171965008e+00	1.359228394350984637e+01	1.904608613468752598e-01	7.519605929133652000e-02	1.979236732183276351e-02	7.978991892988800405e-01	1.692964631123106689e-01	-2.881759562255973781e-02	-4.533385071961682292e-03
1.071891319205126445e-10	1.771578989805559612e+00	1.355915858745166780e+01	1.929292232798103801e-01	7.324532017397092365e-02	1.918503276499209861e-02	7.892634967305586224e-01	1.670280588615218886e-01	-2.905746065716810489e-02	-4.513848877274997430e-03
1.122667773510811312e-10	1.789424440244430370e+00	1.352454426040672608e+01	1.953713872407741581e-01	7.132863112087495239e-02	1.859216341393044036e-02	7.807298639461484058e-01	1.647972997855137456e-01	-2.928525218069593858e-02	-4.492146810655243266e-03
1.175849554052158201e-10	1.806705661051173140e+00	1.348845976291824655e+01	1.977858780454728738e-01	6.944724272928144704e-02	1.801404213513242702e-02	7.723042284349744824e-01	1.626052646064463370e-01	-2.950086184304316628e-02	-4.468391884648224843e-03
1.231550603292826197e-10	1.823407128284158629e+00	1.345092591200152832e+01	2.001712506918137402e-01	6.760224027499413257e-02	1.745088614400670118e-02	7.639921063491100783e-01	1.604529371514822056e-01	-2.970420219422116592e-02	-4.442698165783925783e-03
1.289890261253308184e-10	1.839514392995852399e+00	1.341196543591115464e+01	2.025261000329818262e-01	6.579458216947810245e-02	1.690285943653812434e-02	7.557986948151595996e-01	1.583412156520464242e-01	-2.989520709632685971e-02	-4.415180188570657673e-03
1.350993521198024986e-10	1.855014108872356848e+00	1.337160271054283278e+01	2.048490657189841191e-01	6.402505003694275443e-02	1.637006127306305653e-02	7.477286915935439371e-01	1.562708920042563954e-01	-3.007383174670897469e-02	-4.385952453484301579e-03
1.414991297434578731e-10	1.869893831697121200e+00	1.332986395925534850e+01	2.071388052038441729e-01	6.229430886261445172e-02	1.585254618671567278e-02	7.397865041545079734e-01	1.542426928875676728e-01	-3.024004885725214975e-02	-4.355129121175541941e-03
1.482020705798860072e-10	1.884142047432767031e+00	1.328677719955076242e+01	2.093939956018498749e-01	6.060291614686766359e-02	1.535032640242446102e-02	7.319762674725960316e-01	1.522572803081187753e-01	-3.039384852572867349e-02	-4.322823652078491841e-03
1.552225357427047968e-10	1.897748229968348355e+00	1.324237208797712029e+01	2.116133407210162021e-01	5.895129357201512460e-02	1.486336894797261887e-02	7.243017311559170057e-01	1.503152416407346481e-01	-3.053523857577327555e-02	-4.289148410972678203e-03
1.625755666443793407e-10	1.910702908182108750e+00	1.319667998157688871e+01	2.137955760887759737e-01	5.733976560056562588e-02	1.439160379011131252e-02	7.167663716348108283e-01	1.484170967714936451e-01	-3.066424496622791387e-02	-4.254214390209498479e-03
1.702769172225897821e-10	1.922997710956782402e+00	1.314973381164641353e+01	2.159394747981620011e-01	5.576851064489938420e-02	1.393491633290134743e-02	7.093732094429620050e-01	1.465632822212652175e-01	-3.078091157199101466e-02	-4.218130758709429974e-03
1.783430876931905687e-10	1.934625425826566936e+00	1.310156814688147264e+01	2.180438521694157694e-01	5.423774796000796483e-02	1.349319327169460833e-02	7.021254324739431008e-01	1.447542154189157271e-01	-3.088530073973975998e-02	-4.181004690369782492e-03
1.867913599020784805e-10	1.945580041834422902e+00	1.305221904939917899e+01	2.201075723498266412e-01	5.274737396829026065e-02	1.306623371302671061e-02	6.950251337997902512e-01	1.429901574920780793e-01	-3.097749310583015545e-02	-4.142940966190220183e-03
1.956398343517064725e-10	1.955856844913369086e+00	1.300172364236317257e+01	2.221295662914103408e-01	5.129734711408464459e-02	1.265384739253539413e-02	6.880746010387150946e-01	1.412713487727457751e-01	-3.105758797133923582e-02	-4.104041463964271629e-03
2.049074689815846066e-10	1.965452259519186784e+00	1.295012024851477328e+01	2.241088119419801239e-01	4.988749485869804767e-02	1.225580829003728930e-02	6.812756639350378007e-01	1.395979497011154147e-01	-3.112570068399634488e-02	-4.064405136021191807e-03
2.146141197858401440e-10	1.974363720704659597e+00	1.289744865679230834e+01	2.260443152673662359e-01	4.851758490581478678e-02	1.187187273338866263e-02	6.746299484454044704e-01	1.379700774039069877e-01	-3.118195952215604277e-02	-4.024127876513832608e-03
2.247805833548729991e-10	1.982589751409039147e+00	1.284374993298597722e+01	2.279351224283757138e-01	4.718728764259137731e-02	1.150177281591959443e-02	6.681387239493405961e-01	1.363877880737359438e-01	-3.122650871550694193e-02	-3.983302797627367997e-03
2.354286414322420067e-10	1.990129942340682190e+00	1.278906644382999680e+01	2.297803175250361374e-01	4.589631271814835489e-02	1.114525168553789393e-02	6.618033820803235212e-01	1.348511331184944484e-01	-3.125950517321721134e-02	-3.942019601007634884e-03
2.465811075822603842e-10	1.996984966723968968e+00	1.273344172082443393e+01	2.315790273960605938e-01	4.464415616798116798e-02	1.080199694766932964e-02	6.556245247249825603e-01	1.333600510528255012e-01	-3.128111825405539836e-02	-3.900364433741777218e-03
2.582618760682674929e-10	2.003156701628707292e+00	1.267692039473750931e+01	2.333304379487564084e-01	4.343044271529298422e-02	1.047173528216394610e-02	6.496031635265357984e-01	1.319145087177986675e-01	-3.129153532710746144e-02	-3.858420631895780484e-03
2.704959730463131364e-10	2.008648119221167594e+00	1.261954817669733053e+01	2.350337833696934386e-01	4.225455350067622295e-02	1.015413064133259026e-02	6.437393863004621242e-01	1.305143440493652107e-01	-3.129095390824846584e-02	-3.816267454136949757e-03
2.833096101839318258e-10	2.013463337854052071e+00	1.256137104029909679e+01	2.366883690766256598e-01	4.111597905966447863e-02	9.848878510533410832e-03	6.380336008154101624e-01	1.291594055184830392e-01	-3.127958149759315493e-02	-3.773979611511166146e-03
2.967302408188872501e-10	2.017607566469192371e+00	1.250243544806596319e+01	2.382935636103544474e-01	4.001409919394759152e-02	9.555650775810295081e-03	6.324857412571712745e-01	1.278494676174231071e-01	-3.125763896942267833e-02	-3.731628346358704593e-03
3.107866187782014063e-10	2.021086993675753618e+00	1.244278881224959399e+01	2.398487791742111575e-01	3.894824979162382628e-02	9.274113766780051407e-03	6.270955205824660927e-01	1.265842698884163675e-01	-3.122535915068608628e-02	-3.689281775808122155e-03
3.255088599835056406e-10	2.023908706332067098e+00	1.238247949799781367e+01	2.413534638396314658e-01	3.791774044625045859e-02	9.003931448835685372e-03	6.218624971317349148e-01	1.253635261605306195e-01	-3.118298132178896551e-02	-3.647004126868320668e-03
3.409285069746807543e-10	2.026080677323263579e+00	1.232155665050558646e+01	2.428071054188171707e-01	3.692197578098444649e-02	8.744797683659556384e-03	6.167865201565951860e-01	1.241869773667118731e-01	-3.113075098343002708e-02	-3.604855762822581269e-03
3.570785964900469852e-10	2.027611888487913738e+00	1.226007020806699899e+01	2.442092482776507534e-01	3.596019258934784329e-02	8.496368861803988218e-03	6.118667334392209334e-01	1.230542698931435253e-01	-3.106892608349589788e-02	-3.562894134639258987e-03
3.739937302478801677e-10	2.028512185278015689e+00	1.219807069215942619e+01	2.455594827853848083e-01	3.503168916779287462e-02	8.258323299476521412e-03	6.071024334711488946e-01	1.219650611769035053e-01	-3.099777002837137557e-02	-3.521172853217950215e-03
3.917101490809260641e-10	2.028792407734258063e+00	1.213560876469256122e+01	2.468574730559698616e-01	3.413570543653616368e-02	8.030330966998951853e-03	6.024925925934720983e-01	1.209189548476686388e-01	-3.091755864442642318e-02	-3.479742578418503710e-03
4.102658105827190344e-10	2.028464102855089379e+00	1.207273449113591113e+01	2.481029407740831250e-01	3.327151415825738839e-02	7.812074241576776393e-03	5.980362146727041806e-01	1.199155449542808477e-01	-3.082856470259202203e-02	-3.438648743108586696e-03
4.297004704320835313e-10	2.027539624910310145e+00	1.200949820824636127e+01	2.492956634172912300e-01	3.243831389956826350e-02	7.603224793229931833e-03	5.937319285691609050e-01	1.189543772307225522e-01	-3.073107139017364903e-02	-3.397934351893180851e-03
4.500557675700488183e-10	2.026031994769685873e+00	1.194595079318463426e+01	2.504354546974511542e-01	3.163540696172355976e-02	7.403486781962084415e-03	5.895786821967490265e-01	1.180350347600336164e-01	-3.062536492450095016e-02	-3.357639214731676820e-03
4.713753134116729086e-10	2.023954906890100602e+00	1.188214353533390089e+01	2.515221710442713254e-01	3.086198463451480037e-02	7.212541491536812385e-03	5.855749155665286310e-01	1.171570382099445390e-01	-3.051173605946876782e-02	-3.317800278224303061e-03
4.937047852839003559e-10	2.021322693247119773e+00	1.181812802399843498e+01	2.525557127130200197e-01	3.011731988987333131e-02	7.030097823319568680e-03	5.817192955261833998e-01	1.163199344220618991e-01	-3.039047932100895008e-02	-3.278451650033081116e-03
5.170920242896755486e-10	2.018150323534278812e+00	1.175395613335472511e+01	2.535360274959673754e-01	2.940062235224483525e-02	6.855853609111632087e-03	5.780101541873763349e-01	1.155232266289085291e-01	-3.026189321391615367e-02	-3.239624729200051446e-03
5.415871378079465267e-10	2.014453325587615584e+00	1.168967951402751382e+01	2.544631152653183404e-01	2.871119207258203063e-02	6.689537149026539113e-03	5.744460781014892881e-01	1.147664467842331310e-01	-3.012627848813720366e-02	-3.201348046612572436e-03
5.672426068491988835e-10	2.010247666856084692e+00	1.162534846573833747e+01	2.553370415741249011e-01	2.804825660973989110e-02	6.530862790546226697e-03	5.710252638366137834e-01	1.140490698845403328e-01	-2.998393520770086668e-02	-3.163646769774956877e-03
5.941133984965039838e-10	2.005549748392319032e+00	1.156101314133312741e+01	2.561579148960638763e-01	2.741108214574398960e-02	6.379561165740084590e-03	5.677459696913761400e-01	1.133705797968833640e-01	-2.983516469061526025e-02	-3.126543668536301696e-03
6.222570836730231313e-10	2.000376347309494207e+00	1.149672367073420887e+01	2.569258800398438458e-01	2.679894449267766765e-02	6.235370249207305461e-03	5.646064099760691457e-01	1.127304569113831700e-01	-2.968026894819741912e-02	-3.090059322643223371e-03
6.517339604882420571e-10	1.994744624350342610e+00	1.143253029660961140e+01	2.576411194196810972e-01	2.621113636843181230e-02	6.098038279578535739e-03	5.616047826940691046e-01	1.121281832263074374e-01	-2.951955114211954681e-02	-3.054212342237498049e-03
6.826071834272379248e-10	1.988672063414715918e+00	1.136848311152833801e+01	2.583038545200151970e-01	2.564694568426970772e-02	5.967316894103279548e-03	5.587391831146152343e-01	1.115632294274970515e-01	-2.935331460763385483e-02	-3.019019339430246886e-03
7.149428986597561750e-10	1.982176473070519807e+00	1.130463208978857104e+01	2.589143488275477134e-01	2.510571906040908255e-02	5.842977726550557631e-03	5.560078519538846908e-01	1.110350843032110735e-01	-2.918186359759460807e-02	-2.984495144130597851e-03
7.488103857590030225e-10	1.975275857152614556e+00	1.124102631646655936e+01	2.594729121473965949e-01	2.458675239349675246e-02	5.724783790622447500e-03	5.534087398918635659e-01	1.105432002892780957e-01	-2.900550047756081037e-02	-2.950652497624673895e-03
7.842822061337681836e-10	1.967988274769291390e+00	1.117771324666740540e+01	2.599799031292239215e-01	2.408940779230750451e-02	5.612520287671418986e-03	5.509399675136918972e-01	1.100870492898131936e-01	-2.882452301726727215e-02	-2.917501795504586111e-03
8.214343584919422200e-10	1.960331939040211413e+00	1.111474004358857037e+01	2.604357149610991295e-01	2.361304428110013592e-02	5.505975605505748598e-03	5.485995662754308277e-01	1.096660949041331351e-01	-2.863922803818661281e-02	-2.885052033622511822e-03
8.603464416684491388e-10	1.952325153458738249e+00	1.105215345717011921e+01	2.608407728665395608e-01	2.315704868626111343e-02	5.404949371486600200e-03	5.463856042778412192e-01	1.092798087557345366e-01	-2.844991002163625021e-02	-2.853310734344130604e-03
9.011018251665036851e-10	1.943986364394822752e+00	1.098999988684065521e+01	2.611955426980002715e-01	2.272077417038469160e-02	5.309236352700905971e-03	5.442959339140253094e-01	1.089276364169549510e-01	-2.825686546479977759e-02	-2.822284679134933177e-03
9.437878277775391497e-10	1.935333998216095530e+00	1.092832528507944900e+01	2.615005144343643950e-01	2.230367180972394128e-02	5.218659624363909157e-03	5.423287333921268383e-01	1.086090675165593822e-01	-2.806038393969386216e-02	-2.791978789645205208e-03
9.884959046625586031e-10	1.926386561199101566e+00	1.086717497871319082e+01	2.617562227342128955e-01	2.190517746658925125e-02	5.133042364343323727e-03	5.404820370565179832e-01	1.083235732086459124e-01	-2.786075669720713965e-02	-2.762397356255546967e-03
1.035321843295661502e-09	1.917162369332345850e+00	1.080659264568287270e+01	2.619632380118433468e-01	2.152470300228754782e-02	5.052204054236806262e-03	5.387537091993384042e-01	1.080706033244780706e-01	-2.765826810125836255e-02	-2.733543039143438227e-03
1.084365968689608688e-09	1.907679595826350383e+00	1.074662078835589263e+01	2.621221643346399732e-01	2.116176926844044737e-02	4.975997529282602354e-03	5.371419788546190066e-01	1.078496569330080201e-01	-2.745319820227487898e-02	-2.705417374780661258e-03
1.135733358343102889e-09	1.897956341216908926e+00	1.068730139067361229e+01	2.622336356433678239e-01	2.081580171978425486e-02	4.904250836335564794e-03	5.356446271866379671e-01	1.076601750300665711e-01	-2.724582471879031728e-02	-2.678021203215324390e-03
1.189534067370320724e-09	1.888010591142437189e+00	1.062867580648364196e+01	2.622983150335323477e-01	2.048631861675955304e-02	4.836820571375496751e-03	5.342597420018941889e-01	1.075016409705506631e-01	-2.703642234280884127e-02	-2.651354669539766375e-03
1.245883364295008068e-09	1.877860201164281095e+00	1.057078465734548622e+01	2.623168974430586942e-01	2.017284032734700111e-02	4.773565139266134662e-03	5.329853531721326920e-01	1.073735288404312205e-01	-2.682526301754880813e-02	-2.625417293202641968e-03
1.304901978014401580e-09	1.867522869556293319e+00	1.051366781462078670e+01	2.622901085098257590e-01	1.987491614232124101e-02	4.714354590411399051e-03	5.318195419132270008e-01	1.072753223542869117e-01	-2.661261544623979083e-02	-2.600208010088918102e-03
1.366716356462010101e-09	1.857016013555176981e+00	1.045736376170812143e+01	2.622187051660359591e-01	1.959208709130317097e-02	4.659056191843365807e-03	5.307602919889645721e-01	1.072064872293401472e-01	-2.639874316450055436e-02	-2.575725006584859891e-03
1.431458937523481393e-09	1.846356722204984369e+00	1.040190958072557059e+01	2.621034712080863582e-01	1.932392178824495974e-02	4.607548930343613285e-03	5.298056385439796623e-01	1.071665004273099076e-01	-2.618390351759632834e-02	-2.551965734407644730e-03
1.499268432786047049e-09	1.835561853098663487e+00	1.034734148247114582e+01	2.619452193237698512e-01	1.907001471830689979e-02	4.559719344733734886e-03	5.289536597991335576e-01	1.071548410547577823e-01	-2.596835049641041393e-02	-2.528927289319196896e-03
1.570290124729377524e-09	1.824648025218661207e+00	1.029369490526158870e+01	2.617447891236007185e-01	1.882996192327959784e-02	4.515456044124237407e-03	5.282023823664475648e-01	1.071709807451568242e-01	-2.575233444811783276e-02	-2.506606470384920449e-03
1.644676177994662829e-09	1.813631602540054510e+00	1.024100443012491368e+01	2.615030483326776234e-01	1.860338832037779222e-02	4.474656025508107378e-03	5.275498898382235957e-01	1.072143946162782552e-01	-2.553610213164940121e-02	-2.484999822269252576e-03
1.722585965398783835e-09	1.802528660108462022e+00	1.018930360551151360e+01	2.612208936415021943e-01	1.838993250847354918e-02	4.437222355472318462e-03	5.269942614767025857e-01	1.072845561184333496e-01	-2.531989594647870642e-02	-2.464103551652818518e-03
1.804186409392068039e-09	1.791354923417735501e+00	1.013862477289047170e+01	2.608992474859204158e-01	1.818923833928811143e-02	4.403060300364276293e-03	5.265335423584286412e-01	1.073809310024330388e-01	-2.510395318771743017e-02	-2.443913578919202322e-03
1.889652339691211477e-09	1.780125734712032726e+00	1.008899893025322214e+01	2.605390574921170876e-01	1.800098065388344715e-02	4.372084358149401669e-03	5.261658469237855407e-01	1.075029903341043896e-01	-2.488850550501206169e-02	-2.424425505524683330e-03
1.979166867853557524e-09	1.768856092172101269e+00	1.004045593359487754e+01	2.601412976655972376e-01	1.782481158245011535e-02	4.344203386916403037e-03	5.258891441327777638e-01	1.076501817331464717e-01	-2.467377957830002230e-02	-2.405634691371809439e-03
2.072921779595369695e-09	1.757560698592660398e+00	9.993024815938555960e+00	2.597069678384498759e-01	1.766047908463679733e-02	4.319354632910212162e-03	5.257017295819430558e-01	1.078219925104599713e-01	-2.445999829805355769e-02	-2.387536474441810056e-03
2.171117945694509622e-09	1.746253916314770782e+00	9.946733460771648438e+00	2.592370959346455006e-01	1.750763772761204998e-02	4.297448194060310075e-03	5.256014710659386857e-01	1.080178447509430595e-01	-2.424738004339725000e-02	-2.370126056302896984e-03
2.273965752357932151e-09	1.734949770885755971e+00	9.901608790928770887e+00	2.587327338477748984e-01	1.736605467510649731e-02	4.278427751772594274e-03	5.255866309173519157e-01	1.082372096547526419e-01	-2.403613836140646581e-02	-2.353398572363273131e-03
2.381685551976160644e-09	1.723661899526654606e+00	9.857676413153813044e+00	2.581949590912877568e-01	1.723542661152344807e-02	4.262216519062758148e-03	5.256551382312734111e-01	1.084795059945287132e-01	-2.382648126581568201e-02	-2.337348985895398683e-03
2.494508135230316413e-09	1.712403560741897923e+00	9.814960593371342412e+00	2.576248767353943592e-01	1.711551627545241164e-02	4.248756973390345991e-03	5.258051273658262970e-01	1.087441720919665317e-01	-2.361861252007351614e-02	-2.321972287438864215e-03
2.612675225563326382e-09	1.701187637139905284e+00	9.773484653620453599e+00	2.570236090995447475e-01	1.700607776772153704e-02	4.237989387307851755e-03	5.260346534003347285e-01	1.090306308024337062e-01	-2.341272858685823632e-02	-2.307263200405170692e-03
2.736439997074666368e-09	1.690026678775521596e+00	9.733270617535749736e+00	2.563923111134266408e-01	1.690687466187289559e-02	4.229856816149100279e-03	5.263417469298343754e-01	1.093382903816688401e-01	-2.320902293995455792e-02	-2.293216576684568419e-03
2.866067616948244470e-09	1.678932872985844149e+00	9.694339470895789290e+00	2.557321583497141892e-01	1.681769138118256388e-02	4.224308624939406183e-03	5.267244714297035779e-01	1.096665563908916369e-01	-2.300768320339840328e-02	-2.279827208193415094e-03
3.001835813575592210e-09	1.667918054937082895e+00	9.656710971852323411e+00	2.550443528307204666e-01	1.673831490509204017e-02	4.221293931238095411e-03	5.271808446876644627e-01	1.100148161663530993e-01	-2.280889211578658246e-02	-2.267089867595699620e-03
3.144035471591500167e-09	1.656993678700914741e+00	9.620403645418194927e+00	2.543301178141464947e-01	1.666853963556201232e-02	4.220764846649759094e-03	5.277088635150990470e-01	1.103824468308933077e-01	-2.261282645874069033e-02	-2.254999261354847639e-03
3.292971255097148186e-09	1.646170854758550961e+00	9.585434673894122071e+00	2.535907052927497962e-01	1.660817334250111466e-02	4.222676210383504748e-03	5.283065181554487122e-01	1.107688103292730208e-01	-2.241965901327133345e-02	-2.243550191980922450e-03
3.448962260405766611e-09	1.635460311322303850e+00	9.551820145960208563e+00	2.528273821877324856e-01	1.655703034043824393e-02	4.226985462283739878e-03	5.289717807577579700e-01	1.111732597246248844e-01	-2.222955460882436798e-02	-2.232737189031799158e-03
3.612342699709437910e-09	1.624872451381432992e+00	9.519574748654353158e+00	2.520414458256121648e-01	1.651493178652138974e-02	4.233650962436183961e-03	5.297025888087685264e-01	1.115951275798726383e-01	-2.204267512741988136e-02	-2.222555023276413539e-03
3.783462617131932968e-09	1.614417302014796940e+00	9.488711961870787803e+00	2.512342093742217508e-01	1.648170535471141576e-02	4.242632749271074526e-03	5.304968599959847264e-01	1.120337343155861504e-01	-2.185917488342893622e-02	-2.212998227704547367e-03
3.962688638701478467e-09	1.604104551488754637e+00	9.459243838461594223e+00	2.504070116271352453e-01	1.645717815709319548e-02	4.253890268652050881e-03	5.313524536153358957e-01	1.124883785361151245e-01	-2.167920341502579604e-02	-2.204061356805109978e-03
4.150404757850472502e-09	1.593943566440755744e+00	9.431181260631943175e+00	2.495612110113784587e-01	1.644121222038346514e-02	4.267393029333011248e-03	5.322673131966534354e-01	1.129583584095263521e-01	-2.150290507733738227e-02	-2.195739026188569913e-03
4.347013158125017173e-09	1.583943356176778616e+00	9.404533585784456307e+00	2.486981873414118305e-01	1.643363092842660758e-02	4.283097718700843229e-03	5.332391819050467108e-01	1.134429298225381050e-01	-2.133041773863563612e-02	-2.188025651070380027e-03
4.552935074866938773e-09	1.574112595202075804e+00	9.379308853714691807e+00	2.478193376292885941e-01	1.643428243815949624e-02	4.300968175322554717e-03	5.342658508641279225e-01	1.139413434244224560e-01	-2.116187352992250983e-02	-2.180915625278308581e-03
4.768611697714474181e-09	1.564459607855177570e+00	9.355513592432004089e+00	2.469260764457635871e-01	1.644302499873362411e-02	4.320970937783582926e-03	5.353451017684403013e-01	1.144528360065100586e-01	-2.099739836126291934e-02	-2.174403231430852446e-03
4.994505115855140358e-09	1.554992377124763570e+00	9.333152824811794090e+00	2.460198346105961498e-01	1.645971452304688040e-02	4.343070412939926267e-03	5.364746609811431588e-01	1.149766223412064525e-01	-2.083711208315999416e-02	-2.168482653618213161e-03
5.231099308056257792e-09	1.545718562031943133e+00	9.312230143731357046e+00	2.451020573316888829e-01	1.648421168412548057e-02	4.367232079302984724e-03	5.376522287887852691e-01	1.155119013888105395e-01	-2.068112751895631943e-02	-2.163147790614953960e-03
5.478901179593956120e-09	1.536645568316258759e+00	9.292747608424191341e+00	2.441742154511123974e-01	1.651635455935791114e-02	4.393413509376158099e-03	5.388753632341188871e-01	1.160578344773626203e-01	-2.052955624225048445e-02	-2.158393100583332665e-03
5.738441648302404521e-09	1.527780388328986660e+00	9.274705678067403980e+00	2.432377789695197579e-01	1.655602275315659275e-02	4.421584024279955755e-03	5.401417531607933809e-01	1.166135930073688570e-01	-2.038249681905296429e-02	-2.154211866330225933e-03
6.010276782070388176e-09	1.519129715500132871e+00	9.258103181802384896e+00	2.422942329959325292e-01	1.660306272468401595e-02	4.451701949672922515e-03	5.414489186270499133e-01	1.171783106319222861e-01	-2.024004490683171953e-02	-2.150597791751555996e-03
6.294988990221888141e-09	1.510699905260694864e+00	9.242937222744940229e+00	2.413450710105649322e-01	1.665733051775701579e-02	4.483727322028613696e-03	5.427943802865957679e-01	1.177511085316886308e-01	-2.010228919732472488e-02	-2.147544264355968468e-03
6.593188271333541710e-09	1.502496985478987357e+00	9.229203232687401837e+00	2.403917919572328143e-01	1.671868944454072206e-02	4.517622885349066413e-03	5.441756542867745017e-01	1.183310984440886504e-01	-1.996931207297233252e-02	-2.145044534098088269e-03
6.905513520162316861e-09	1.494526690278841219e+00	9.216894916551757078e+00	2.394359039334164885e-01	1.678699275719606337e-02	4.553344494415670698e-03	5.455901839600643122e-01	1.189173643956288051e-01	-1.984118971923449701e-02	-2.143091544326227501e-03
7.232633896483518810e-09	1.486794405574718647e+00	9.206004265761178473e+00	2.384789119198103269e-01	1.686206804528024572e-02	4.590842142401311589e-03	5.470352985708745175e-01	1.195089713733349240e-01	-1.971798976144855872e-02	-2.141677760565278109e-03
7.575250258771920716e-09	1.479305205481351804e+00	9.196521329854826732e+00	2.375223262723189510e-01	1.694378771396557598e-02	4.630075805887644801e-03	5.485084641380256754e-01	1.201049870798371194e-01	-1.959977560365519858e-02	-2.140795692838581669e-03
7.934096665797492339e-09	1.472063812206382716e+00	9.188434329875112994e+00	2.365676500536469939e-01	1.703197602688237555e-02	4.670991706205379103e-03	5.500069569980778894e-01	1.207044495612150242e-01	-1.948660281228519267e-02	-2.140437422400990729e-03
8.309941949353386453e-09	1.465074585543878483e+00	9.181729647764345970e+00	2.356163743470575667e-01	1.712647162103202170e-02	4.713538554338016218e-03	5.515281016628139632e-01	1.213063971449688666e-01	-1.937851847381286130e-02	-2.140594545571112162e-03
8.703591361485183753e-09	1.458341580913633306e+00	9.176391715813240424e+00	2.346699871971086593e-01	1.722710870979728137e-02	4.757663638384946984e-03	5.530691918096934945e-01	1.219098571951034993e-01	-1.927556381125993673e-02	-2.141258357125227010e-03
9.115888299750837812e-09	1.451868582208010405e+00	9.172403006357438215e+00	2.337299759799543186e-01	1.733369962139047135e-02	4.803303746896683477e-03	5.546274254053324970e-01	1.225138303096243858e-01	-1.917777568802460364e-02	-2.142420008127152078e-03
9.547716114208065503e-09	1.445658965979389921e+00	9.169744094771644427e+00	2.327978008270316090e-01	1.744606163896333592e-02	4.850399430742765271e-03	5.562000373533447783e-01	1.231173290150876232e-01	-1.908518002568728236e-02	-2.144069807525441230e-03
1.000000000000000021e-08	1.439715768911541405e+00	9.168393424943584336e+00	2.318749084098480906e-01	1.756399742838718817e-02	4.898883899101244555e-03	5.577842131240691170e-01	1.237193524620302937e-01	-1.899779785987018577e-02	-2.146197932222558124e-03
